id,query,target,f_comb,edge_types,genders,task_split
5e249ede-4823-428d-b7fa-2d3deb8ed858,"('Johanna', 'Henry')",father,son-father-father,"['son', 'father', 'father']","Johanna:female,Matthew:male,Wayne:male,Henry:male",test
e4213a1a-08e4-43be-8dfe-d45db903de7b,"('Danielle', 'Frank')",grandson,son-daughter-aunt-brother-sister-husband-daughter-brother-brother,"['son', 'daughter', 'aunt', 'brother', 'sister', 'husband', 'daughter', 'brother', 'brother']","Danielle:female,Ronald:male,Betty:female,Donna:female,John:male,Bonita:female,Kyle:male,Cheryl:female,Albert:male,Frank:male",test
df5d51d9-a73b-4f8c-afaf-0822069e4002,"('John', 'Betty')",niece,son-sister-sister-brother-sister-grandfather-son-wife-daughter,"['son', 'sister', 'sister', 'brother', 'sister', 'grandfather', 'son', 'wife', 'daughter']","John:male,Timothy:male,Thelma:female,Amanda:female,Bryan:male,Charles:male,Ronald:male,Susan:female,Betty:female",test
e2acd402-bd47-4c0d-bf2e-62a983d91e79,"('Leah', 'Ronald')",uncle,sister-sister-brother-sister-mother-husband-daughter-brother-uncle,"['sister', 'sister', 'brother', 'sister', 'mother', 'husband', 'daughter', 'brother', 'uncle']","Leah:female,Helen:female,Wallace:male,Marie:female,Donna:female,Mark:male,Ronald:male",test
18b80c3e-6ffc-46d7-a2c3-8b0347b9e9e5,"('Santa', 'Mark')",uncle,sister-father-daughter-grandmother-son-brother-daughter-aunt-brother,"['sister', 'father', 'daughter', 'grandmother', 'son', 'brother', 'daughter', 'aunt', 'brother']","Santa:female,Betty:female,Ronald:male,Danielle:female,Kyle:male,John:male,Amanda:female,Susan:female,Mark:male",test
608c723f-985b-4375-95eb-3bde7c7dae5c,"('Danielle', 'Loren')",granddaughter,daughter-brother-brother-sister-brother-brother-son-sister-sister,"['daughter', 'brother', 'brother', 'sister', 'brother', 'brother', 'son', 'sister', 'sister']","Danielle:female,Susan:female,Kyle:male,Ronald:male,Donna:female,John:male,Milton:male,Santa:female,Loren:female",test
33c513b4-d438-4fb9-a07d-6e8f8fa553dc,"('Susan', 'Albert')",nephew,sister-sister-husband-daughter-uncle-sister-husband-daughter-brother,"['sister', 'sister', 'husband', 'daughter', 'uncle', 'sister', 'husband', 'daughter', 'brother']","Susan:female,Willie:female,Donna:female,Mark:male,Helen:female,John:male,Bonita:female,Kyle:male,Maryann:female,Albert:male",test
28147ae1-41d9-40e9-8c36-a8bf67e64dfc,"('Charles', 'Frank')",grandson,daughter-daughter-uncle-brother-sister-sister-son-father-son,"['daughter', 'daughter', 'uncle', 'brother', 'sister', 'sister', 'son', 'father', 'son']","Charles:male,Willie:female,Thelma:female,Mark:male,John:male,Susan:female,Bonita:female,Albert:male,Kyle:male,Frank:male",test
4eb645b1-b2db-42aa-b545-01274e99814e,"('Kyle', 'Leah')",niece,son-sister-brother-aunt-sister-sister-sister-daughter-sister,"['son', 'sister', 'brother', 'aunt', 'sister', 'sister', 'sister', 'daughter', 'sister']","Kyle:male,Albert:male,Cheryl:female,Frank:male,Willie:female,Bonita:female,Susan:female,Donna:female,Marie:female,Leah:female",test
dfed1eb9-1142-44f4-998c-99474140f5e5,"('Albert', 'Mark')",uncle,sister-sister-brother-father-sister-brother-son-grandmother-son,"['sister', 'sister', 'brother', 'father', 'sister', 'brother', 'son', 'grandmother', 'son']","Albert:male,Maryann:female,Cheryl:female,Frank:male,Kyle:male,Susan:female,John:male,Bryan:male,Danielle:female,Mark:male",test
8525bc39-6686-4484-9852-8beb3e1bc36e,"('Donna', 'Thelma')",niece,daughter-father-mother-daughter-son-aunt-son-brother-sister,"['daughter', 'father', 'mother', 'daughter', 'son', 'aunt', 'son', 'brother', 'sister']","Donna:female,Leah:female,Mark:male,Danielle:female,Bonita:female,Albert:male,Willie:female,Bryan:male,Timothy:male,Thelma:female",test
5533eb81-d0f6-4d7a-894a-4bf22af798d4,"('Mark', 'Timothy')",nephew,daughter-aunt-son-aunt-husband-daughter-brother-sister-brother,"['daughter', 'aunt', 'son', 'aunt', 'husband', 'daughter', 'brother', 'sister', 'brother']","Mark:male,Helen:female,Bonita:female,Frank:male,Willie:female,John:male,Thelma:female,Bryan:male,Amanda:female,Timothy:male",test
011690ba-3f31-4c69-8eed-a3f84e9df5e1,"('Susan', 'Timothy')",nephew,daughter-sister-father-son-aunt-daughter-brother-sister-brother,"['daughter', 'sister', 'father', 'son', 'aunt', 'daughter', 'brother', 'sister', 'brother']","Susan:female,Loren:female,Santa:female,Ronald:male,Milton:male,Willie:female,Thelma:female,Bryan:male,Amanda:female,Timothy:male",test
7b165392-f414-4590-b325-61a2ab539c85,"('Mark', 'Milton')",nephew,daughter-brother-mother-brother-wife-daughter-sister-sister-brother,"['daughter', 'brother', 'mother', 'brother', 'wife', 'daughter', 'sister', 'sister', 'brother']","Mark:male,Helen:female,Wallace:male,Donna:female,Ronald:male,Susan:female,Betty:female,Loren:female,Santa:female,Milton:male",test
c19e1de7-9598-4a60-8aca-acadbfd84de4,"('Charles', 'Milton')",grandson,wife-daughter-sister-brother-wife-daughter-sister-mother-son,"['wife', 'daughter', 'sister', 'brother', 'wife', 'daughter', 'sister', 'mother', 'son']","Charles:male,Danielle:female,Bonita:female,Willie:female,Ronald:male,Susan:female,Santa:female,Betty:female,Milton:male",test
ab952a71-e48b-48a3-879b-a94c343b3b4e,"('Helen', 'Susan')",aunt,brother-sister-sister-sister-brother-father-sister-brother-sister,"['brother', 'sister', 'sister', 'sister', 'brother', 'father', 'sister', 'brother', 'sister']","Helen:female,Wallace:male,Marie:female,Leah:female,Mark:male,Willie:female,Kyle:male,Susan:female",test
e26a8822-78a0-4753-a331-51252b84e482,"('Susan', 'John')",brother,daughter-uncle-father-son-daughter-aunt-daughter-brother-uncle,"['daughter', 'uncle', 'father', 'son', 'daughter', 'aunt', 'daughter', 'brother', 'uncle']","Susan:female,Santa:female,Kyle:male,Charles:male,Ronald:male,Bonita:female,Maryann:female,Frank:male,John:male",test
c8a633a4-735e-4230-94e1-2d74e0bbb9a8,"('John', 'Marie')",niece,son-uncle-son-sister-aunt-sister-sister-son-sister,"['son', 'uncle', 'son', 'sister', 'aunt', 'sister', 'sister', 'son', 'sister']","John:male,Timothy:male,Ronald:male,Milton:male,Santa:female,Willie:female,Bonita:female,Donna:female,Wallace:male,Marie:female",test
413a71bd-232d-45f8-af63-d45adf69f814,"('Bonita', 'Danielle')",mother,daughter-father-daughter-aunt-brother-son-aunt-son-grandmother,"['daughter', 'father', 'daughter', 'aunt', 'brother', 'son', 'aunt', 'son', 'grandmother']","Bonita:female,Maryann:female,Kyle:male,Cheryl:female,Willie:female,Albert:male,Susan:female,Milton:male,Danielle:female",test
219bcda4-ecd0-409e-b75a-c2096475f9f6,"('Mark', 'Maryann')",niece,daughter-sister-mother-son-grandmother-daughter-brother-son-sister,"['daughter', 'sister', 'mother', 'son', 'grandmother', 'daughter', 'brother', 'son', 'sister']","Mark:male,Helen:female,Leah:female,Donna:female,Wallace:male,Danielle:female,Susan:female,Kyle:male,Albert:male,Maryann:female",test
108d589b-e10d-4780-8f29-245424333489,"('Maria', 'Mary')",niece,son-sister-father-mother-daughter-husband-daughter-sister,"['son', 'sister', 'father', 'mother', 'daughter', 'husband', 'daughter', 'sister']","Maria:female,Jeffery:male,Leslie:female,James:male,Elizabeth:female,Alice:female,Manuel:male,Kim:female,Mary:female",test
94ab8058-6039-48fe-ab5c-5fc87e819da0,"('Katherine', 'James')",uncle,sister-brother-father-wife-daughter-aunt-brother-brother,"['sister', 'brother', 'father', 'wife', 'daughter', 'aunt', 'brother', 'brother']","Katherine:female,Shana:female,David:male,Dallas:male,Melody:female,Cecelia:female,Alice:female,Donald:male,James:male",test
87ced386-9f88-4af1-acfc-e3e8898f19c9,"('Earline', 'Dallas')",uncle,sister-sister-mother-daughter-sister-sister-brother-uncle,"['sister', 'sister', 'mother', 'daughter', 'sister', 'sister', 'brother', 'uncle']","Earline:female,Mary:female,Kim:female,Alice:female,Roger:male,Dallas:male",test
0f6f61f4-9bca-4cf1-bee1-fe7794ad7003,"('Jennifer', 'Patricia')",niece,mother-son-brother-son-sister-sister-sister,"['mother', 'son', 'brother', 'son', 'sister', 'sister', 'sister']","Jennifer:female,Madonna:female,William:male,Carlos:male,Paul:male,Patricia:female,Maria:female",test
b07db664-4f55-44e0-9dad-1b1071926164,"('Mary', 'Gayle')",sister,son-sister-mother-son-father-son-aunt,"['son', 'sister', 'mother', 'son', 'father', 'son', 'aunt']","Mary:female,Jose:male,Ruth:female,George:male,William:male,Gayle:female",test
8f331e51-f039-43f2-8a99-ad32f13c21ea,"('Carlos', 'Jose')",nephew,wife-son-aunt-husband-daughter-brother-brother,"['wife', 'son', 'aunt', 'husband', 'daughter', 'brother', 'brother']","Carlos:male,Gayle:female,Paul:male,Mary:female,William:male,Lisa:female,George:male,Jose:male",test
44553620-1cfe-4458-8957-bf67fe7313f2,"('William', 'Paul')",nephew,son-mother-brother-daughter-sister-sister-brother,"['son', 'mother', 'brother', 'daughter', 'sister', 'sister', 'brother']","William:male,George:male,Mary:female,Carlos:male,Susan:female,Maria:female,Patricia:female,Paul:male",test
2aa13f1b-bb91-4725-bca0-8d0dfd5b94c0,"('George', 'Ruth')",sister,father-son-sister-brother-brother-mother-daughter,"['father', 'son', 'sister', 'brother', 'brother', 'mother', 'daughter']","George:male,William:male,Jose:male,Lisa:female,Mary:female,Ruth:female",test
5c5babd1-e8bc-4b79-81e3-a4175e2f61b8,"('Ronald', 'Maryann')",niece,daughter-sister-sister-mother-mother-daughter-sister-son-sister,"['daughter', 'sister', 'sister', 'mother', 'mother', 'daughter', 'sister', 'son', 'sister']","Ronald:male,Santa:female,Betty:female,Loren:female,Susan:female,Danielle:female,Bonita:female,Frank:male,Maryann:female",test
89a24b8d-2d4a-47b1-a82b-b27c813d71f8,"('Bertha', 'Madonna')",grandmother,sister-brother-sister-father-son-mother-mother,"['sister', 'brother', 'sister', 'father', 'son', 'mother', 'mother']","Bertha:female,Diane:female,Alfred:male,Stephen:male,Peter:male,Jennifer:female,Madonna:female",test
9c4021fc-5d4a-4e66-8d50-8ecd48104c10,"('Donna', 'Santa')",niece,daughter-sister-brother-father-brother-son-sister-brother-sister,"['daughter', 'sister', 'brother', 'father', 'brother', 'son', 'sister', 'brother', 'sister']","Donna:female,Marie:female,Helen:female,Wallace:male,Mark:male,Ronald:male,Milton:male,Loren:female,Santa:female",test
ff975fb4-c413-4331-bf30-11f59889ccc5,"('Kyle', 'John')",brother,daughter-brother-sister-brother-sister-mother-sister-father-son,"['daughter', 'brother', 'sister', 'brother', 'sister', 'mother', 'sister', 'father', 'son']","Kyle:male,Maryann:female,Frank:male,Albert:male,Cheryl:female,Bonita:female,Susan:female,Charles:male,John:male",test
abe85ea2-6502-492c-9eda-b6478eee5d70,"('Thelma', 'Susan')",aunt,brother-brother-father-daughter-father-brother-brother-sister-sister,"['brother', 'brother', 'father', 'daughter', 'father', 'brother', 'brother', 'sister', 'sister']","Thelma:female,Timothy:male,Bryan:male,John:male,Amanda:female,Ronald:male,Kyle:male,Donna:female,Susan:female",test
ffc427eb-1def-4589-8d4d-216ef6a1c9d3,"('Mark', 'Charles')",father,wife-daughter-sister-brother-aunt-mother-husband-daughter-father,"['wife', 'daughter', 'sister', 'brother', 'aunt', 'mother', 'husband', 'daughter', 'father']","Mark:male,Donna:female,Helen:female,Leah:female,Wallace:male,Susan:female,Danielle:female,Charles:male,Bonita:female",test
073359cd-8a89-4742-88b2-6ea4c6ddb876,"('John', 'Loren')",niece,mother-son-daughter-aunt-brother-sister-sister-husband-daughter,"['mother', 'son', 'daughter', 'aunt', 'brother', 'sister', 'sister', 'husband', 'daughter']","John:male,Danielle:female,Ronald:male,Betty:female,Bonita:female,Mark:male,Susan:female,Loren:female",test
cc810d8e-661b-4122-9ad1-0654b43e2257,"('Kyle', 'Bryan')",nephew,son-brother-mother-brother-daughter-sister-mother-brother-son,"['son', 'brother', 'mother', 'brother', 'daughter', 'sister', 'mother', 'brother', 'son']","Kyle:male,Frank:male,Albert:male,Bonita:female,Ronald:male,Santa:female,Betty:female,Susan:female,John:male,Bryan:male",test
c2479da0-d6ad-498e-a97f-05eb9d099dc9,"('Donna', 'Albert')",nephew,sister-daughter-sister-uncle-sister-daughter-brother-sister-brother,"['sister', 'daughter', 'sister', 'uncle', 'sister', 'daughter', 'brother', 'sister', 'brother']","Donna:female,Susan:female,Santa:female,Betty:female,Mark:male,Bonita:female,Maryann:female,Frank:male,Cheryl:female,Albert:male",test
a9786369-18d6-408b-a7f7-1cf20a6735d6,"('Willie', 'Frank')",nephew,daughter-aunt-sister-brother-daughter-brother-mother-daughter-brother,"['daughter', 'aunt', 'sister', 'brother', 'daughter', 'brother', 'mother', 'daughter', 'brother']","Willie:female,Amanda:female,Donna:female,Susan:female,Kyle:male,Maryann:female,Albert:male,Bonita:female,Frank:male",test
04b3b1f2-5de1-45b2-9de4-e5779338d799,"('Donna', 'Timothy')",nephew,sister-mother-son-brother-brother-brother-daughter-mother-son,"['sister', 'mother', 'son', 'brother', 'brother', 'brother', 'daughter', 'mother', 'son']","Donna:female,Willie:female,Danielle:female,Kyle:male,Ronald:male,Mark:male,John:male,Amanda:female,Timothy:male",test
43b81302-e3c9-4669-bee3-1446c6162f0a,"('Charles', 'Helen')",granddaughter,son-brother-brother-son-sister-brother-mother-son-sister,"['son', 'brother', 'brother', 'son', 'sister', 'brother', 'mother', 'son', 'sister']","Charles:male,Kyle:male,John:male,Mark:male,Wallace:male,Leah:female,Donna:female,Helen:female",test
fa9317f7-905a-4d05-bc3e-d0eb4daf6108,"('Amanda', 'Ronald')",uncle,brother-mother-daughter-brother-father-mother-husband-son-brother,"['brother', 'mother', 'daughter', 'brother', 'father', 'mother', 'husband', 'son', 'brother']","Amanda:female,Bryan:male,Willie:female,Thelma:female,Timothy:male,John:male,Danielle:female,Charles:male,Kyle:male,Ronald:male",test
ccdb0681-6979-4277-b360-c9c496aaff05,"('Mark', 'Milton')",nephew,daughter-sister-grandfather-wife-daughter-sister-daughter-sister-brother,"['daughter', 'sister', 'grandfather', 'wife', 'daughter', 'sister', 'daughter', 'sister', 'brother']","Mark:male,Leah:female,Marie:female,Charles:male,Danielle:female,Bonita:female,Susan:female,Santa:female,Betty:female,Milton:male",test
d4bf63a7-77b4-4fe0-ac9b-71af7e6caa53,"('Bonita', 'Amanda')",niece,brother-son-sister-mother-son-mother-daughter-brother-sister,"['brother', 'son', 'sister', 'mother', 'son', 'mother', 'daughter', 'brother', 'sister']","Bonita:female,John:male,Timothy:male,Amanda:female,Willie:female,Bryan:male,Thelma:female",test
bf1f68f4-cc27-4412-8ab7-a49e25fd777a,"('Ronald', 'Helen')",niece,daughter-sister-brother-sister-sister-grandmother-son-daughter-sister,"['daughter', 'sister', 'brother', 'sister', 'sister', 'grandmother', 'son', 'daughter', 'sister']","Ronald:male,Santa:female,Loren:female,Milton:male,Betty:female,Danielle:female,Mark:male,Marie:female,Helen:female",test
b2f0f569-d8c5-4598-ba88-4e68dcd3bd75,"('Susan', 'Helen')",niece,daughter-grandfather-son-brother-daughter-sister-brother-mother-daughter,"['daughter', 'grandfather', 'son', 'brother', 'daughter', 'sister', 'brother', 'mother', 'daughter']","Susan:female,Betty:female,Charles:male,Ronald:male,Mark:male,Leah:female,Marie:female,Wallace:male,Donna:female,Helen:female",test
443e4452-10ba-4c8b-a3df-550c3034c278,"('Danielle', 'Marie')",granddaughter,husband-daughter-brother-son-father-daughter-sister-brother-sister,"['husband', 'daughter', 'brother', 'son', 'father', 'daughter', 'sister', 'brother', 'sister']","Danielle:female,Charles:male,Susan:female,Mark:male,Wallace:male,Helen:female,Leah:female,Marie:female",test
02dfac19-cf4b-4302-befd-835e83ab8456,"('John', 'Marie')",niece,daughter-brother-sister-mother-brother-wife-daughter-brother-sister,"['daughter', 'brother', 'sister', 'mother', 'brother', 'wife', 'daughter', 'brother', 'sister']","John:male,Amanda:female,Timothy:male,Thelma:female,Willie:female,Mark:male,Donna:female,Helen:female,Wallace:male,Marie:female",test
7f7cb0ab-e9b1-487e-ac19-0e3b847309ed,"('Ronald', 'Thelma')",niece,daughter-sister-brother-sister-sister-uncle-son-sister-sister,"['daughter', 'sister', 'brother', 'sister', 'sister', 'uncle', 'son', 'sister', 'sister']","Ronald:male,Betty:female,Santa:female,Milton:male,Loren:female,John:male,Bryan:male,Amanda:female,Thelma:female",test
3837112f-69b7-4fee-9231-826648c13a1d,"('Loren', 'Donna')",aunt,sister-sister-mother-daughter-sister-brother-father-daughter-aunt,"['sister', 'sister', 'mother', 'daughter', 'sister', 'brother', 'father', 'daughter', 'aunt']","Loren:female,Santa:female,Betty:female,Susan:female,Milton:male,Ronald:male,Donna:female",test
9a217b3f-7653-483f-8630-093d00a105ef,"('Mark', 'John')",brother,wife-son-sister-brother-grandfather-wife-son-son-uncle,"['wife', 'son', 'sister', 'brother', 'grandfather', 'wife', 'son', 'son', 'uncle']","Mark:male,Donna:female,Wallace:male,Marie:female,Charles:male,Danielle:female,Kyle:male,Albert:male,John:male",test
44848ced-4156-4bfc-835e-a778fe9dda9f,"('Susan', 'Mark')",brother,brother-daughter-uncle-father-daughter-sister-brother-brother-brother,"['brother', 'daughter', 'uncle', 'father', 'daughter', 'sister', 'brother', 'brother', 'brother']","Susan:female,Kyle:male,Maryann:female,Mark:male,Charles:male,Bonita:female,Donna:female,John:male,Ronald:male",test
72c17579-71c9-4c50-9a41-f31bc4daed75,"('Loren', 'John')",uncle,sister-brother-mother-daughter-sister-father-father-daughter-brother,"['sister', 'brother', 'mother', 'daughter', 'sister', 'father', 'father', 'daughter', 'brother']","Loren:female,Santa:female,Milton:male,Susan:female,Betty:female,Ronald:male,Charles:male,John:male",test
dac6984f-8316-469e-bf33-49bb3d1ebb48,"('Helen', 'John')",uncle,sister-mother-son-father-father-son-wife-son-uncle,"['sister', 'mother', 'son', 'father', 'father', 'son', 'wife', 'son', 'uncle']","Helen:female,Marie:female,Donna:female,Wallace:male,Mark:male,Charles:male,Kyle:male,Bonita:female,Frank:male,John:male",test
b5f2655d-e901-4e39-9bc6-8e50db2f21c1,"('Wallace', 'Willie')",aunt,sister-sister-sister-father-sister-brother-brother-sister-sister,"['sister', 'sister', 'sister', 'father', 'sister', 'brother', 'brother', 'sister', 'sister']","Wallace:male,Helen:female,Leah:female,Marie:female,Mark:male,Bonita:female,John:male,Kyle:male,Donna:female,Willie:female",test
50990b71-6040-4ad6-b024-59fcdae8ccdd,"('Timothy', 'Charles')",grandfather,sister-mother-son-father-brother-daughter-sister-brother-grandfather,"['sister', 'mother', 'son', 'father', 'brother', 'daughter', 'sister', 'brother', 'grandfather']","Timothy:male,Thelma:female,Willie:female,Bryan:male,John:male,Mark:male,Marie:female,Helen:female,Wallace:male,Charles:male",test
ced04d35-ab00-4080-a999-7583f95e8f76,"('Bonita', 'Milton')",nephew,daughter-brother-brother-uncle-daughter-father-daughter-mother-son,"['daughter', 'brother', 'brother', 'uncle', 'daughter', 'father', 'daughter', 'mother', 'son']","Bonita:female,Cheryl:female,Albert:male,Frank:male,Ronald:male,Loren:female,Santa:female,Susan:female,Milton:male",test
97768138-d411-4411-922b-609605803ce7,"('Susan', 'Leah')",niece,son-sister-sister-sister-aunt-daughter-aunt-daughter-sister,"['son', 'sister', 'sister', 'sister', 'aunt', 'daughter', 'aunt', 'daughter', 'sister']","Susan:female,Milton:male,Loren:female,Santa:female,Betty:female,Bonita:female,Maryann:female,Donna:female,Helen:female,Leah:female",test
e89cd0bf-7401-4f54-8cc9-931da5e6dfbc,"('Willie', 'Frank')",nephew,son-father-daughter-father-brother-sister-daughter-father-son,"['son', 'father', 'daughter', 'father', 'brother', 'sister', 'daughter', 'father', 'son']","Willie:female,Bryan:male,John:male,Thelma:female,Ronald:male,Bonita:female,Maryann:female,Kyle:male,Frank:male",test
9b7f1f44-6f83-4041-b9e5-6be89f38a203,"('Helen', 'Bonita')",aunt,sister-sister-father-brother-sister-daughter-aunt-daughter-aunt,"['sister', 'sister', 'father', 'brother', 'sister', 'daughter', 'aunt', 'daughter', 'aunt']","Helen:female,Marie:female,Leah:female,Mark:male,Ronald:male,Donna:female,Willie:female,Amanda:female,Bonita:female",test
09a85f27-5439-428e-ae7b-a9a998e36a34,"('Marie', 'Ronald')",uncle,mother-daughter-brother-sister-father-daughter-sister-father-brother,"['mother', 'daughter', 'brother', 'sister', 'father', 'daughter', 'sister', 'father', 'brother']","Marie:female,Donna:female,Helen:female,Wallace:male,Mark:male,Leah:female,Ronald:male",test
96191ebd-373f-4c8b-9007-0eb40c2d5bcd,"('Susan', 'Kyle')",brother,son-sister-brother-father-daughter-uncle-wife-son-uncle,"['son', 'sister', 'brother', 'father', 'daughter', 'uncle', 'wife', 'son', 'uncle']","Susan:female,Milton:male,Santa:female,Ronald:male,Betty:female,John:male,Willie:female,Bryan:male,Kyle:male",test
428134d2-7194-4ba7-8eb4-aa2dac07085f,"('Madonna', 'Stephen')",son,son-son-uncle-son-sister-brother-uncle,"['son', 'son', 'uncle', 'son', 'sister', 'brother', 'uncle']","Madonna:female,Carlos:male,Paul:male,Daniel:male,Michael:male,Ethel:female,Jerry:male,Stephen:male",test
00a4f439-f207-4ede-999f-f258b4f6bead,"('William', 'Kyle')",nephew,son-uncle-son-brother-mother-daughter-brother,"['son', 'uncle', 'son', 'brother', 'mother', 'daughter', 'brother']","William:male,Jose:male,Daniel:male,Jerry:male,Michael:male,Marguerite:female,Ethel:female,Kyle:male",test
8e0fc70c-938b-4c3c-9f00-a9465959e4b9,"('Jose', 'Carlos')",uncle,sister-sister-father-daughter-aunt-brother-brother,"['sister', 'sister', 'father', 'daughter', 'aunt', 'brother', 'brother']","Jose:male,Ruth:female,Lisa:female,William:male,Jennifer:female,Daniel:male,Carlos:male",test
39740450-e920-447a-9a44-0ffe9e04882c,"('Kyle', 'Stephen')",uncle,sister-father-father-daughter-mother-son-brother,"['sister', 'father', 'father', 'daughter', 'mother', 'son', 'brother']","Kyle:male,Ethel:female,Daniel:male,James:male,Mary:female,Madonna:female,Carlos:male,Stephen:male",test
7772ff98-a5fb-4bee-aebd-25d55ec8d2df,"('Carlos', 'Stephen')",brother,daughter-mother-daughter-sister-mother-daughter-uncle,"['daughter', 'mother', 'daughter', 'sister', 'mother', 'daughter', 'uncle']","Carlos:male,Patricia:female,Gayle:female,Susan:female,Maria:female,Stephen:male",test
59d6886e-a0de-44ce-b419-541c9236de20,"('Daniel', 'Jose')",nephew,son-brother-mother-sister-mother-daughter-son,"['son', 'brother', 'mother', 'sister', 'mother', 'daughter', 'son']","Daniel:male,Jerry:male,Kyle:male,Marguerite:female,Jennifer:female,Madonna:female,Mary:female,Jose:male",test
2b7a9299-b954-4926-991e-4038a280f8c0,"('Madonna', 'Diane')",granddaughter,daughter-son-mother-daughter-father-son-sister,"['daughter', 'son', 'mother', 'daughter', 'father', 'son', 'sister']","Madonna:female,Jennifer:female,Alfred:male,Bertha:female,Stephen:male,Peter:male,Diane:female",test
a770fb8b-f4cb-40c8-8319-9fb1d4ef2e25,"('Carlos', 'Michael')",nephew,sister-mother-son-son-father-daughter-brother,"['sister', 'mother', 'son', 'son', 'father', 'daughter', 'brother']","Carlos:male,Mary:female,Madonna:female,Daniel:male,Kyle:male,Ethel:female,Michael:male",test
829f4663-bdb3-48a9-8a19-29a8800df344,"('Mary', 'Carlos')",brother,daughter-sister-father-son-brother-grandfather-son,"['daughter', 'sister', 'father', 'son', 'brother', 'grandfather', 'son']","Mary:female,Ruth:female,Lisa:female,William:male,Jose:male,George:male,James:male,Carlos:male",test
6f680994-5333-48d1-8c92-4b51fe12c8f0,"('Ethel', 'Marguerite')",mother,brother-father-son-father-son-brother-mother,"['brother', 'father', 'son', 'father', 'son', 'brother', 'mother']","Ethel:female,Kyle:male,Daniel:male,Jerry:male,Michael:male,Marguerite:female",test
0253b093-ac4a-424a-b081-051ae63f20c0,"('Daniel', 'Madonna')",mother,daughter-brother-brother-mother-son-sister-grandmother,"['daughter', 'brother', 'brother', 'mother', 'son', 'sister', 'grandmother']","Daniel:male,Ethel:female,Michael:male,Jerry:male,Marguerite:female,Madonna:female",test
5c68514c-eb80-4a99-a891-313a6e9f3e28,"('Jennifer', 'Kyle')",nephew,son-brother-sister-father-brother-son-brother,"['son', 'brother', 'sister', 'father', 'brother', 'son', 'brother']","Jennifer:female,Peter:male,Alfred:male,Bertha:female,Stephen:male,Daniel:male,Jerry:male,Kyle:male",test
0f2e93a4-cdb5-48a4-bf11-d2962e9ba6b3,"('Jerry', 'Gayle')",aunt,brother-sister-brother-father-father-daughter-sister,"['brother', 'sister', 'brother', 'father', 'father', 'daughter', 'sister']","Jerry:male,Kyle:male,Ethel:female,Michael:male,Daniel:male,James:male,Jennifer:female,Gayle:female",test
54e27e5c-f418-4ed6-a359-8b4af6ba0771,"('William', 'Carlos')",brother,mother-daughter-father-daughter-father-son-brother,"['mother', 'daughter', 'father', 'daughter', 'father', 'son', 'brother']","William:male,Madonna:female,Gayle:female,James:male,Mary:female,Daniel:male,Carlos:male",test
f6b4c5ec-e48b-4687-aa28-20733d8541cd,"('Carlos', 'Daniel')",brother,daughter-sister-brother-mother-father-daughter-brother,"['daughter', 'sister', 'brother', 'mother', 'father', 'daughter', 'brother']","Carlos:male,Patricia:female,Susan:female,Paul:male,Gayle:female,James:male,Mary:female,Daniel:male",test
7fe5bf37-1093-4204-b536-b23af6a75c15,"('Jennifer', 'Mary')",sister,daughter-brother-brother-father-son-grandfather-daughter,"['daughter', 'brother', 'brother', 'father', 'son', 'grandfather', 'daughter']","Jennifer:female,Diane:female,Alfred:male,Peter:male,Stephen:male,James:male,Mary:female",test
ac6dd9ea-855f-4797-9b4a-2085186b3f85,"('Stephen', 'Lisa')",niece,wife-son-sister-aunt-son-father-daughter,"['wife', 'son', 'sister', 'aunt', 'son', 'father', 'daughter']","Stephen:male,Jennifer:female,Peter:male,Diane:female,Mary:female,George:male,William:male,Lisa:female",test
0a19eeb4-3b28-4eb4-b7c4-c0a753ee878a,"('Gayle', 'Michael')",nephew,daughter-sister-grandfather-son-son-sister-brother,"['daughter', 'sister', 'grandfather', 'son', 'son', 'sister', 'brother']","Gayle:female,Maria:female,Susan:female,James:male,Daniel:male,Kyle:male,Ethel:female,Michael:male",test
23324254-dc1a-47a2-99ad-217efe670709,"('Jennifer', 'Jose')",nephew,father-daughter-daughter-father-son-sister-brother,"['father', 'daughter', 'daughter', 'father', 'son', 'sister', 'brother']","Jennifer:female,James:male,Mary:female,Lisa:female,William:male,Jose:male,Ruth:female",test
3c95a047-ca42-43da-8f0d-4075e122d755,"('Robert', 'Arthur')",nephew,sister-daughter-brother-brother-brother-brother,"['sister', 'daughter', 'brother', 'brother', 'brother', 'brother']","Robert:male,Dorothy:female,Lilly:female,Warren:male,Seth:male,Arthur:male",test
7cfc10ae-a78c-4545-9d9b-d5666990ab6f,"('William', 'Katherine')",aunt,mother-daughter-brother-father-son-aunt,"['mother', 'daughter', 'brother', 'father', 'son', 'aunt']","William:male,Bonnie:female,Julie:female,David:male,Clifton:male,Katherine:female",test
0fbf804e-15db-4a04-a57f-9d42273b711b,"('Lilly', 'Bonnie')",aunt,brother-brother-mother-mother-daughter-sister,"['brother', 'brother', 'mother', 'mother', 'daughter', 'sister']","Lilly:female,Arthur:male,Seth:male,Dorothy:female,Mary:female,Erica:female,Bonnie:female",test
e0cdfd77-0592-471c-9af4-9d994fd3577c,"('Mary', 'Lilly')",granddaughter,daughter-brother-sister-son-brother-sister,"['daughter', 'brother', 'sister', 'son', 'brother', 'sister']","Mary:female,Bonnie:female,Robert:male,Dorothy:female,Arthur:male,Warren:male,Lilly:female",test
08430cd0-2995-4430-a3ef-b32131f1ffdf,"('Ronald', 'Clifton')",uncle,sister-mother-sister-father-daughter-brother,"['sister', 'mother', 'sister', 'father', 'daughter', 'brother']","Ronald:male,Jon:female,Katherine:female,Erica:female,Daniel:male,Dorothy:female,Clifton:male",test
d4655bc9-7b10-4c30-b791-d226bc787168,"('William', 'Clifton')",father,brother-brother-brother-sister-brother-father,"['brother', 'brother', 'brother', 'sister', 'brother', 'father']","William:male,Kenneth:male,David:male,Julie:female,Clifton:male",test
bee9a22e-378e-40fb-a219-4b6909b1abdc,"('Arthur', 'Daniel')",grandfather,brother-sister-mother-son-father-father,"['brother', 'sister', 'mother', 'son', 'father', 'father']","Arthur:male,Seth:male,Lilly:female,Dorothy:female,Alvin:male,Daniel:male",test
6024dddb-7b1d-4d9d-a928-9659fe7e317e,"('Warren', 'Robert')",uncle,father-son-father-daughter-mother-brother,"['father', 'son', 'father', 'daughter', 'mother', 'brother']","Warren:male,Alvin:male,Seth:male,Lilly:female,Dorothy:female,Robert:male",test
f9d91e4e-3b48-44d3-9d05-2820a2174afe,"('Kenneth', 'Bonnie')",mother,father-daughter-brother-father-son-mother,"['father', 'daughter', 'brother', 'father', 'son', 'mother']","Kenneth:male,Clifton:male,Julie:female,David:male,William:male,Bonnie:female",test
7d47b4ab-4dee-436e-8306-5eb1d2093657,"('Kenneth', 'Erica')",aunt,brother-father-daughter-brother-mother-sister,"['brother', 'father', 'daughter', 'brother', 'mother', 'sister']","Kenneth:male,David:male,Clifton:male,Julie:female,William:male,Bonnie:female,Erica:female",test
04f63b4e-bc42-4d9e-b1e3-b2024a91a405,"('Maria', 'Mary')",aunt,mother-sister-brother-mother-son-brother-sister,"['mother', 'sister', 'brother', 'mother', 'son', 'brother', 'sister']","Maria:female,Gayle:female,Jennifer:female,Daniel:male,Madonna:female,Stephen:male,Carlos:male,Mary:female",test
dcc88f6d-ceb7-45a6-becf-ab2a0ad9dcd1,"('George', 'Carlos')",uncle,sister-brother-brother-father-son-mother-brother,"['sister', 'brother', 'brother', 'father', 'son', 'mother', 'brother']","George:male,Ruth:female,Jose:male,William:male,Mary:female,Carlos:male",test
d8580cf6-8654-4688-81bb-7df64a4cfad1,"('Madonna', 'Michael')",grandson,daughter-sister-daughter-uncle-son-sister-brother,"['daughter', 'sister', 'daughter', 'uncle', 'son', 'sister', 'brother']","Madonna:female,Mary:female,Jennifer:female,Diane:female,Daniel:male,Jerry:male,Ethel:female,Michael:male",test
7b2a272c-8faf-4521-bf48-a42f1914e80a,"('Marguerite', 'Maria')",niece,sister-brother-son-sister-mother-daughter-sister,"['sister', 'brother', 'son', 'sister', 'mother', 'daughter', 'sister']","Marguerite:female,Mary:female,Carlos:male,Paul:male,Patricia:female,Gayle:female,Susan:female,Maria:female",test
c1675f36-89ff-4ea7-9fda-14b6db14d03c,"('Marguerite', 'Paul')",nephew,son-sister-uncle-daughter-mother-daughter-brother,"['son', 'sister', 'uncle', 'daughter', 'mother', 'daughter', 'brother']","Marguerite:female,Michael:male,Ethel:female,Carlos:male,Patricia:female,Gayle:female,Susan:female,Paul:male",test
bf049c7b-8c9f-4b0c-a0d3-d14d1feabac8,"('Carlos', 'Alfred')",nephew,wife-daughter-brother-aunt-son-sister-brother,"['wife', 'daughter', 'brother', 'aunt', 'son', 'sister', 'brother']","Carlos:male,Gayle:female,Patricia:female,Paul:male,Jennifer:female,Peter:male,Bertha:female,Alfred:male",test
5eb4f7a0-1207-43d0-890a-724a9fa0f97b,"('Carlos', 'Lisa')",niece,daughter-mother-daughter-aunt-husband-daughter-sister,"['daughter', 'mother', 'daughter', 'aunt', 'husband', 'daughter', 'sister']","Carlos:male,Susan:female,Gayle:female,Maria:female,Mary:female,William:male,Ruth:female,Lisa:female",test
645def2c-50d8-4007-a837-2b7dcd052764,"('Jose', 'Daniel')",uncle,sister-sister-father-son-sister-mother-brother,"['sister', 'sister', 'father', 'son', 'sister', 'mother', 'brother']","Jose:male,Lisa:female,Ruth:female,William:male,George:male,Mary:female,Daniel:male",test
9effc7dd-8f29-4a1c-abf6-2d926d2abc9e,"('Daniel', 'Paul')",nephew,father-daughter-sister-daughter-uncle-daughter-brother,"['father', 'daughter', 'sister', 'daughter', 'uncle', 'daughter', 'brother']","Daniel:male,James:male,Gayle:female,Jennifer:female,Diane:female,Carlos:male,Susan:female,Paul:male",test
5c92f43f-a1ef-43ad-afbb-f14bb02c4253,"('Madonna', 'Paul')",grandson,son-daughter-brother-brother-uncle-daughter-brother,"['son', 'daughter', 'brother', 'brother', 'uncle', 'daughter', 'brother']","Madonna:female,Daniel:male,Ethel:female,Kyle:male,Jerry:male,Carlos:male,Patricia:female,Paul:male",test
b82bd187-c75f-4c3e-9636-ee5fb513484b,"('Peter', 'Madonna')",grandmother,sister-brother-brother-sister-mother-daughter-grandmother,"['sister', 'brother', 'brother', 'sister', 'mother', 'daughter', 'grandmother']","Peter:male,Diane:female,Alfred:male,Bertha:female,Jennifer:female,Madonna:female",test
c2ac55a7-29f2-4b2e-ac9d-dbc6122ec465,"('Gayle', 'Ethel')",niece,son-sister-uncle-wife-son-brother-sister,"['son', 'sister', 'uncle', 'wife', 'son', 'brother', 'sister']","Gayle:female,Paul:male,Patricia:female,Daniel:male,Marguerite:female,Kyle:male,Michael:male,Ethel:female",test
959741cf-309b-4b7f-8f4a-87238db4c960,"('Stephen', 'Michael')",nephew,son-brother-mother-daughter-uncle-son-brother,"['son', 'brother', 'mother', 'daughter', 'uncle', 'son', 'brother']","Stephen:male,Alfred:male,Peter:male,Jennifer:female,Bertha:female,Daniel:male,Kyle:male,Michael:male",test
c1742b98-b55c-4183-b7e4-e06592cd1837,"('Bonnie', 'Daniel')",father,husband-son-brother-father-sister-father,"['husband', 'son', 'brother', 'father', 'sister', 'father']","Bonnie:female,Clifton:male,David:male,Kenneth:male,Katherine:female,Daniel:male",test
f0d8b4da-c8a7-41af-9b09-c6b6490429a4,"('Patrick', 'Clifton')",uncle,father-son-brother-brother-mother-brother,"['father', 'son', 'brother', 'brother', 'mother', 'brother']","Patrick:male,Joseph:male,Alfredo:male,Michael:male,Ross:male,Erica:female,Clifton:male",test
cc8e2020-d011-48fa-80c5-cc37e968a2e1,"('James', 'Mary')",grandmother,mother-son-sister-father-daughter-grandmother,"['mother', 'son', 'sister', 'father', 'daughter', 'grandmother']","James:male,Katherine:female,Ronald:male,Jon:female,Robert:male,Charlsie:female,Mary:female",test
76ff4690-db3d-44e9-af0b-752d39aa84d5,"('Dorothy', 'Ross')",nephew,son-aunt-son-aunt-son-brother,"['son', 'aunt', 'son', 'aunt', 'son', 'brother']","Dorothy:female,Warren:male,Bonnie:female,Kenneth:male,Erica:female,Alfredo:male,Ross:male",test
63b591c3-ec7a-4cf1-ba8c-059c351b9b40,"('Dorothy', 'Julie')",niece,son-uncle-son-grandfather-daughter-daughter,"['son', 'uncle', 'son', 'grandfather', 'daughter', 'daughter']","Dorothy:female,Arthur:male,Joseph:male,Patrick:male,Daniel:male,Bonnie:female,Julie:female",test
9a27c4fc-cec1-4085-9733-645feacb7d80,"('Ross', 'Dorothy')",aunt,brother-brother-father-sister-father-daughter,"['brother', 'brother', 'father', 'sister', 'father', 'daughter']","Ross:male,Patrick:male,Michael:male,Joseph:male,Bonnie:female,Daniel:male,Dorothy:female",test
0b5a5fc0-e7ec-45ac-b197-92e372507411,"('Katherine', 'Julie')",niece,brother-sister-husband-son-father-daughter,"['brother', 'sister', 'husband', 'son', 'father', 'daughter']","Katherine:female,Joseph:male,Bonnie:female,Clifton:male,David:male,Julie:female",test
a391d470-57f9-4798-b953-c1abea015888,"('Daniel', 'Jon')",granddaughter,daughter-sister-sister-brother-sister-daughter,"['daughter', 'sister', 'sister', 'brother', 'sister', 'daughter']","Daniel:male,Erica:female,Bonnie:female,Dorothy:female,Joseph:male,Katherine:female,Jon:female",test
5393023f-35b0-4da3-83a7-f492b39fbd28,"('Lisa', 'Marguerite')",aunt,sister-mother-husband-daughter-father-son-aunt,"['sister', 'mother', 'husband', 'daughter', 'father', 'son', 'aunt']","Lisa:female,Ruth:female,Mary:female,William:male,Jose:male,Marguerite:female",test
ca368886-22e3-44aa-b53d-1a8576db0281,"('Daniel', 'Alfredo')",grandson,daughter-sister-sister-husband-son-brother,"['daughter', 'sister', 'sister', 'husband', 'son', 'brother']","Daniel:male,Katherine:female,Dorothy:female,Erica:female,Joseph:male,Ross:male,Alfredo:male",test
1e3afa89-da18-45d7-b817-bba266f16996,"('James', 'Paul')",grandson,son-son-uncle-son-brother-uncle-son,"['son', 'son', 'uncle', 'son', 'brother', 'uncle', 'son']","James:male,Daniel:male,Kyle:male,Stephen:male,Alfred:male,Peter:male,Carlos:male,Paul:male",test
6882a773-1d27-43d1-9983-f8f8e7c08adb,"('Bertha', 'Gayle')",aunt,brother-sister-brother-mother-husband-son-aunt,"['brother', 'sister', 'brother', 'mother', 'husband', 'son', 'aunt']","Bertha:female,Alfred:male,Diane:female,Peter:male,Jennifer:female,Stephen:male,Gayle:female",test
e5da6830-7d36-4ea6-8c2c-0d1ed6c9f026,"('Mary', 'Michael')",nephew,brother-brother-brother-son-brother-sister-brother,"['brother', 'brother', 'brother', 'son', 'brother', 'sister', 'brother']","Mary:female,Stephen:male,Carlos:male,Daniel:male,Jerry:male,Kyle:male,Ethel:female,Michael:male",test
f0b472eb-37c0-4f26-ae1c-5e6ac0c5fbdc,"('James', 'Kyle')",grandson,son-sister-sister-brother-brother-wife-son,"['son', 'sister', 'sister', 'brother', 'brother', 'wife', 'son']","James:male,Stephen:male,Mary:female,Jennifer:female,Carlos:male,Daniel:male,Marguerite:female,Kyle:male",test
de7b3651-36b9-4841-a5f0-1aadb50d7309,"('George', 'Jennifer')",aunt,sister-brother-sister-mother-daughter-grandfather-daughter,"['sister', 'brother', 'sister', 'mother', 'daughter', 'grandfather', 'daughter']","George:male,Lisa:female,Jose:male,Ruth:female,Mary:female,James:male,Jennifer:female",test
b3dc3a88-8e58-4a3c-b15a-d9f5bf1ed382,"('Diane', 'Daniel')",uncle,father-son-sister-brother-sister-mother-brother,"['father', 'son', 'sister', 'brother', 'sister', 'mother', 'brother']","Diane:female,Stephen:male,Alfred:male,Bertha:female,Peter:male,Jennifer:female,Daniel:male",test
8e4f5695-a741-4c92-8907-89b9ee318a4e,"('Madonna', 'Maria')",granddaughter,daughter-sister-brother-sister-brother-wife-daughter,"['daughter', 'sister', 'brother', 'sister', 'brother', 'wife', 'daughter']","Madonna:female,Gayle:female,Jennifer:female,Daniel:male,Mary:female,Carlos:male,Maria:female",test
f589254a-0f55-4f0a-acce-a886bcbe9f9b,"('Ruth', 'Gayle')",aunt,mother-husband-daughter-brother-father-son-aunt,"['mother', 'husband', 'daughter', 'brother', 'father', 'son', 'aunt']","Ruth:female,Mary:female,William:male,Lisa:female,George:male,Gayle:female",test
b2c2a136-70d1-4290-aab3-bbbd4ef89f6f,"('Paul', 'Daniel')",uncle,father-son-grandmother-son-sister-father-son,"['father', 'son', 'grandmother', 'son', 'sister', 'father', 'son']","Paul:male,Carlos:male,Madonna:female,William:male,Jennifer:female,James:male,Daniel:male",test
623a6527-845c-4398-9586-0d71e8e77fbf,"('Katherine', 'Ross')",nephew,son-sister-aunt-son-brother-brother,"['son', 'sister', 'aunt', 'son', 'brother', 'brother']","Katherine:female,Ronald:male,Charlsie:female,Erica:female,Patrick:male,Alfredo:male,Ross:male",test
ec0f1c10-0db3-4a42-9ced-2e97af02436e,"('Charles', 'Bonita')",daughter,son-brother-daughter-brother-mother-brother-brother-mother-daughter,"['son', 'brother', 'daughter', 'brother', 'mother', 'brother', 'brother', 'mother', 'daughter']","Charles:male,Mark:male,Kyle:male,Cheryl:female,Albert:male,Bonita:female,Ronald:male,John:male,Danielle:female",test
0b81c630-41ab-4b06-a5cc-a4f6fa8c0bc1,"('Kyle', 'Loren')",niece,brother-sister-daughter-aunt-daughter-grandmother-son-wife-daughter,"['brother', 'sister', 'daughter', 'aunt', 'daughter', 'grandmother', 'son', 'wife', 'daughter']","Kyle:male,Mark:male,Willie:female,Amanda:female,Susan:female,Santa:female,Danielle:female,Ronald:male,Loren:female",test
1fe7092c-9a48-418a-80cd-873455e9face,"('Elizabeth', 'Richard')",grandson,daughter-brother-son-aunt-daughter-father-son-brother,"['daughter', 'brother', 'son', 'aunt', 'daughter', 'father', 'son', 'brother']","Elizabeth:female,Alice:female,Donald:male,Orlando:male,Maria:female,Leslie:female,James:male,Lucas:male,Richard:male",test
0f5d5d90-58d7-48ae-bf00-9d96f717dc7c,"('Shana', 'Elizabeth')",grandmother,sister-sister-father-son-mother-father-son-mother,"['sister', 'sister', 'father', 'son', 'mother', 'father', 'son', 'mother']","Shana:female,Cecelia:female,Katherine:female,Dallas:male,David:male,Melody:female,Luis:male,James:male,Elizabeth:female",test
a6e34686-199b-47aa-bb5e-d7e4f8a7d91e,"('Marge', 'Roger')",nephew,sister-brother-sister-sister-brother-mother-son-son,"['sister', 'brother', 'sister', 'sister', 'brother', 'mother', 'son', 'son']","Marge:female,Maria:female,Dallas:male,Alice:female,James:male,Elizabeth:female,Manuel:male,Roger:male",test
2bff490a-986e-4379-82dd-f1fee6a122eb,"('Kim', 'Maria')",aunt,sister-brother-sister-brother-sister-mother-sister-sister,"['sister', 'brother', 'sister', 'brother', 'sister', 'mother', 'sister', 'sister']","Kim:female,Earline:female,Roger:male,Mary:female,Alice:female,Melody:female,Maria:female",test
06d478a0-53ec-4de0-b4d0-b6373c5038c8,"('Edgar', 'Elizabeth')",grandmother,brother-brother-mother-brother-son-aunt-daughter-grandmother,"['brother', 'brother', 'mother', 'brother', 'son', 'aunt', 'daughter', 'grandmother']","Edgar:male,Orlando:male,John:male,Marge:female,James:male,Jeffery:male,Alice:female,Earline:female,Elizabeth:female",test
ce66f737-29a7-41e6-b09e-e0377b779318,"('Donald', 'Richard')",nephew,daughter-brother-mother-sister-brother-sister-husband-son,"['daughter', 'brother', 'mother', 'sister', 'brother', 'sister', 'husband', 'son']","Donald:male,Jodi:female,Edgar:male,Marge:female,Melody:female,Manuel:male,Maria:female,James:male,Richard:male",test
248dabcf-c643-452a-b5df-d4d49b57c84c,"('Luis', 'Melody')",daughter,daughter-brother-sister-brother-son-aunt-brother-sister,"['daughter', 'brother', 'sister', 'brother', 'son', 'aunt', 'brother', 'sister']","Luis:male,Marge:female,Dallas:male,Maria:female,Manuel:male,Roger:male,James:male,Melody:female",test
9ab1d31a-5b6e-4641-a214-af89fe2089e7,"('Mary', 'Earline')",sister,sister-brother-mother-husband-son-sister-father-daughter,"['sister', 'brother', 'mother', 'husband', 'son', 'sister', 'father', 'daughter']","Mary:female,Kim:female,Roger:male,Alice:female,Manuel:male,Earline:female",test
04c1d371-f507-47ab-9d68-abdff287851c,"('Melody', 'Lucas')",nephew,daughter-uncle-son-uncle-sister-sister-son-brother,"['daughter', 'uncle', 'son', 'uncle', 'sister', 'sister', 'son', 'brother']","Melody:female,Katherine:female,Donald:male,Edgar:male,Dallas:male,Marge:female,Maria:female,Richard:male,Lucas:male",test
07a5d401-c1ab-4571-b60f-dfb16048514d,"('Manuel', 'Shana')",niece,brother-brother-wife-son-mother-daughter-sister-sister,"['brother', 'brother', 'wife', 'son', 'mother', 'daughter', 'sister', 'sister']","Manuel:male,James:male,Dallas:male,Melody:female,David:male,Shana:female,Katherine:female",test
eeacbc90-3a38-42ce-b18a-4bbaf22bc8b6,"('Katherine', 'Maria')",aunt,sister-mother-son-sister-sister-aunt-daughter-aunt,"['sister', 'mother', 'son', 'sister', 'sister', 'aunt', 'daughter', 'aunt']","Katherine:female,Cecelia:female,Melody:female,David:male,Shana:female,Alice:female,Mary:female,Maria:female",test
32ea25f7-8189-49f6-a66b-d9cf85b3778f,"('Marge', 'Kim')",niece,son-aunt-mother-son-son-uncle-wife-daughter,"['son', 'aunt', 'mother', 'son', 'son', 'uncle', 'wife', 'daughter']","Marge:female,Edgar:male,Melody:female,Elizabeth:female,James:male,Lucas:male,Manuel:male,Alice:female,Kim:female",test
fbfca784-b85a-4d1d-8d20-d8c3b684411f,"('Marge', 'Richard')",nephew,sister-daughter-mother-daughter-sister-aunt-son-brother,"['sister', 'daughter', 'mother', 'daughter', 'sister', 'aunt', 'son', 'brother']","Marge:female,Alice:female,Earline:female,Mary:female,Kim:female,Maria:female,Lucas:male,Richard:male",test
4de08b9c-f764-4680-bc19-41ac845ff893,"('James', 'Edgar')",nephew,wife-son-brother-sister-brother-mother-sister-son,"['wife', 'son', 'brother', 'sister', 'brother', 'mother', 'sister', 'son']","James:male,Maria:female,Jeffery:male,Richard:male,Leslie:female,Marge:female,Edgar:male",test
750c442b-125e-47ff-a712-ad2c15eaa325,"('James', 'Roger')",nephew,son-sister-brother-brother-sister-mother-brother-son,"['son', 'sister', 'brother', 'brother', 'sister', 'mother', 'brother', 'son']","James:male,Jeffery:male,Leslie:female,Lucas:male,Richard:male,Maria:female,Manuel:male,Roger:male",test
b5b972c8-6e1a-4b6e-ba4a-04b6ee576a87,"('Elizabeth', 'Kim')",granddaughter,husband-son-son-brother-uncle-daughter-brother-sister,"['husband', 'son', 'son', 'brother', 'uncle', 'daughter', 'brother', 'sister']","Elizabeth:female,Luis:male,Donald:male,Edgar:male,Orlando:male,Manuel:male,Mary:female,Roger:male,Kim:female",test
1ab7f507-76ab-4be6-910d-82ed59c8dfc4,"('Manuel', 'Elizabeth')",mother,sister-sister-sister-father-son-sister-brother-mother,"['sister', 'sister', 'sister', 'father', 'son', 'sister', 'brother', 'mother']","Manuel:male,Melody:female,Maria:female,Alice:female,Luis:male,Donald:male,James:male,Elizabeth:female",test
dc799fed-44c6-4ed4-b9a0-05feee9e388e,"('Lucas', 'Manuel')",uncle,mother-son-brother-father-son-aunt-daughter-uncle,"['mother', 'son', 'brother', 'father', 'son', 'aunt', 'daughter', 'uncle']","Lucas:male,Maria:female,Richard:male,Jeffery:male,James:male,Marge:female,Jodi:female,Manuel:male",test
6853a9e8-603d-4a43-8635-e6864a7b1582,"('Richard', 'Melody')",aunt,sister-father-son-brother-mother-sister-brother-sister,"['sister', 'father', 'son', 'brother', 'mother', 'sister', 'brother', 'sister']","Richard:male,Leslie:female,James:male,Jeffery:male,Lucas:male,Maria:female,Alice:female,Donald:male,Melody:female",test
0be5c92d-5f6e-498c-9db8-d04788d55fee,"('Katherine', 'Marge')",aunt,sister-brother-father-daughter-mother-sister-daughter-aunt,"['sister', 'brother', 'father', 'daughter', 'mother', 'sister', 'daughter', 'aunt']","Katherine:female,Cecelia:female,David:male,Dallas:male,Melody:female,Alice:female,Kim:female,Marge:female",test
385dbe91-7321-41ff-93c2-47aee377c153,"('Orlando', 'Alice')",aunt,father-sister-husband-son-brother-brother-father-sister,"['father', 'sister', 'husband', 'son', 'brother', 'brother', 'father', 'sister']","Orlando:male,Donald:male,Maria:female,James:male,Jeffery:male,Richard:male,Lucas:male,Alice:female",test
3f734d22-155e-4cfc-b9a6-06e31c8f87ad,"('Charles', 'Wallace')",grandson,daughter-brother-son-brother-uncle-daughter-brother-uncle-son,"['daughter', 'brother', 'son', 'brother', 'uncle', 'daughter', 'brother', 'uncle', 'son']","Charles:male,Susan:female,John:male,Bryan:male,Timothy:male,Kyle:male,Maryann:female,Albert:male,Mark:male,Wallace:male",test
0e1e6137-a750-4894-93a3-fb99f5c03255,"('Melody', 'John')",nephew,daughter-sister-father-daughter-sister-uncle-daughter-brother,"['daughter', 'sister', 'father', 'daughter', 'sister', 'uncle', 'daughter', 'brother']","Melody:female,Cecelia:female,Shana:female,Dallas:male,Katherine:female,Donald:male,Bridget:female,John:male",test
2f01b040-0ec7-450c-a563-af53727dda72,"('Loren', 'John')",uncle,sister-brother-sister-sister-mother-daughter-brother-father-brother,"['sister', 'brother', 'sister', 'sister', 'mother', 'daughter', 'brother', 'father', 'brother']","Loren:female,Betty:female,Milton:male,Santa:female,Susan:female,Ronald:male,John:male",test
385c7691-6527-4623-9803-36d7718402ee,"('Maryann', 'Mark')",uncle,brother-sister-brother-father-mother-son-sister-son-uncle,"['brother', 'sister', 'brother', 'father', 'mother', 'son', 'sister', 'son', 'uncle']","Maryann:female,Albert:male,Cheryl:female,Frank:male,Kyle:male,Danielle:female,John:male,Bonita:female,Mark:male",test
44ff2b1f-9bd9-4c05-9a5e-eba732950a73,"('Willie', 'Stephen')",nephew,husband-son-father-daughter-aunt-daughter-sister-brother-brother,"['husband', 'son', 'father', 'daughter', 'aunt', 'daughter', 'sister', 'brother', 'brother']","Willie:female,John:male,Bryan:male,Amanda:female,Susan:female,Betty:female,Santa:female,Milton:male,Stephen:male",test
acebd77d-c007-4604-8411-df8389f6da0c,"('Maryann', 'John')",uncle,brother-mother-sister-brother-daughter-uncle-son-sister-uncle,"['brother', 'mother', 'sister', 'brother', 'daughter', 'uncle', 'son', 'sister', 'uncle']","Maryann:female,Albert:male,Bonita:female,Willie:female,Ronald:male,Santa:female,Kyle:male,Frank:male,Cheryl:female,John:male",test
611cae16-650e-4925-af2e-9ce448311bdf,"('Richard', 'Dallas')",uncle,sister-father-son-sister-brother-mother-son-uncle,"['sister', 'father', 'son', 'sister', 'brother', 'mother', 'son', 'uncle']","Richard:male,Leslie:female,James:male,Jeffery:male,Lucas:male,Maria:female,Dallas:male",test
bc19b9a5-6883-40f0-934d-bd48b4e09b34,"('Mark', 'Cheryl')",niece,sister-sister-son-uncle-son-aunt-brother-wife-daughter,"['sister', 'sister', 'son', 'uncle', 'son', 'aunt', 'brother', 'wife', 'daughter']","Mark:male,Bonita:female,Donna:female,Wallace:male,Ronald:male,Milton:male,Willie:female,Kyle:male,Cheryl:female",test
7fc5ee0e-a561-4c0f-adde-0ec409c3c22f,"('Luis', 'Donald')",son,wife-daughter-brother-daughter-brother-mother-brother-brother,"['wife', 'daughter', 'brother', 'daughter', 'brother', 'mother', 'brother', 'brother']","Luis:male,Elizabeth:female,Marge:female,James:male,Leslie:female,Lucas:male,Maria:female,Manuel:male,Donald:male",test
21a2a18e-6f9f-4854-ba77-0d2aca5c7c50,"('Luis', 'Edgar')",grandson,daughter-sister-brother-sister-son-father-daughter-brother,"['daughter', 'sister', 'brother', 'sister', 'son', 'father', 'daughter', 'brother']","Luis:male,Melody:female,Maria:female,Dallas:male,Marge:female,John:male,Donald:male,Jodi:female,Edgar:male",test
5f5343ca-68fa-4390-973c-4ff5743cf331,"('Donald', 'James')",brother,mother-husband-daughter-sister-daughter-sister-father-brother,"['mother', 'husband', 'daughter', 'sister', 'daughter', 'sister', 'father', 'brother']","Donald:male,Elizabeth:female,Luis:male,Marge:female,Alice:female,Kim:female,Mary:female,Manuel:male,James:male",test
8ebe29db-2e8e-45e4-876a-451966ab7488,"('Alice', 'Melody')",sister,brother-sister-brother-daughter-brother-grandmother-daughter-sister,"['brother', 'sister', 'brother', 'daughter', 'brother', 'grandmother', 'daughter', 'sister']","Alice:female,Donald:male,Melody:female,Manuel:male,Mary:female,Roger:male,Elizabeth:female,Marge:female",test
042c7e38-c293-428b-b540-d5f823f63bf3,"('Luis', 'Orlando')",grandson,daughter-daughter-sister-uncle-brother-sister-son-brother,"['daughter', 'daughter', 'sister', 'uncle', 'brother', 'sister', 'son', 'brother']","Luis:male,Alice:female,Earline:female,Kim:female,James:male,Dallas:male,Marge:female,John:male,Orlando:male",test
d98db5c0-b686-4988-9097-34270b5390fa,"('Donald', 'Lucas')",nephew,father-son-son-sister-mother-son-brother-brother,"['father', 'son', 'son', 'sister', 'mother', 'son', 'brother', 'brother']","Donald:male,Luis:male,James:male,Richard:male,Leslie:female,Maria:female,Lucas:male,Jeffery:male",test
65d83b48-c5c2-46ac-9050-a7061b374b5a,"('James', 'Earline')",niece,son-mother-brother-daughter-sister-aunt-husband-daughter,"['son', 'mother', 'brother', 'daughter', 'sister', 'aunt', 'husband', 'daughter']","James:male,Lucas:male,Maria:female,Dallas:male,Katherine:female,Shana:female,Alice:female,Manuel:male,Earline:female",test
01e29b45-c794-45d2-9f93-1d210f399e62,"('Leslie', 'Luis')",grandfather,brother-father-son-brother-mother-sister-daughter-grandfather,"['brother', 'father', 'son', 'brother', 'mother', 'sister', 'daughter', 'grandfather']","Leslie:female,Jeffery:male,James:male,Lucas:male,Richard:male,Maria:female,Alice:female,Earline:female,Luis:male",test
7cae6fb1-b100-4b2e-b352-4d2f22894b78,"('Melody', 'Jodi')",niece,son-sister-aunt-daughter-grandmother-son-brother-daughter,"['son', 'sister', 'aunt', 'daughter', 'grandmother', 'son', 'brother', 'daughter']","Melody:female,David:male,Shana:female,Maria:female,Leslie:female,Elizabeth:female,Manuel:male,Donald:male,Jodi:female",test
a1eddff7-8822-4e4f-8280-7658ecb56e14,"('James', 'Jodi')",niece,sister-mother-daughter-sister-son-sister-brother-sister,"['sister', 'mother', 'daughter', 'sister', 'son', 'sister', 'brother', 'sister']","James:male,Melody:female,Elizabeth:female,Alice:female,Marge:female,Orlando:male,Jodi:female,John:male",test
47c4117b-fe4e-4355-88e2-77f1501589d7,"('Roger', 'Alice')",mother,father-daughter-father-daughter-sister-brother-sister-mother,"['father', 'daughter', 'father', 'daughter', 'sister', 'brother', 'sister', 'mother']","Roger:male,Manuel:male,Mary:female,Kim:female,Earline:female,Alice:female",test
5745d450-57df-4042-85b7-2fbea02c2827,"('Edgar', 'Luis')",grandfather,sister-sister-father-daughter-uncle-brother-sister-father,"['sister', 'sister', 'father', 'daughter', 'uncle', 'brother', 'sister', 'father']","Edgar:male,Bridget:female,Jodi:female,Donald:male,Manuel:male,James:male,Alice:female,Luis:male",test
079175a6-c3b6-4019-a2db-24415c450bf6,"('Elizabeth', 'Earline')",granddaughter,son-sister-sister-husband-son-father-daughter-sister,"['son', 'sister', 'sister', 'husband', 'son', 'father', 'daughter', 'sister']","Elizabeth:female,James:male,Melody:female,Alice:female,Manuel:male,Roger:male,Kim:female,Earline:female",test
d9cabf36-f69f-4b14-96a4-c77916bd49db,"('Richard', 'Alice')",aunt,brother-mother-son-grandfather-daughter-brother-brother-sister,"['brother', 'mother', 'son', 'grandfather', 'daughter', 'brother', 'brother', 'sister']","Richard:male,Lucas:male,Maria:female,Jeffery:male,Luis:male,Melody:female,James:male,Donald:male,Alice:female",test
42791451-e7d2-4ac7-a753-4990b4b29304,"('Elizabeth', 'Bridget')",granddaughter,daughter-brother-son-sister-brother-mother-son-sister,"['daughter', 'brother', 'son', 'sister', 'brother', 'mother', 'son', 'sister']","Elizabeth:female,Alice:female,Donald:male,John:male,Jodi:female,Marge:female,Edgar:male,Bridget:female",test
367c69cf-3b99-4c38-b15f-092b9414f5d8,"('Mary', 'Donald')",uncle,mother-daughter-father-daughter-father-sister-mother-son,"['mother', 'daughter', 'father', 'daughter', 'father', 'sister', 'mother', 'son']","Mary:female,Alice:female,Manuel:male,Kim:female,Melody:female,Elizabeth:female,Donald:male",test
ee90714b-c89e-4c25-8c32-a60bc10dff11,"('Jodi', 'Melody')",aunt,mother-sister-daughter-sister-father-wife-son-aunt,"['mother', 'sister', 'daughter', 'sister', 'father', 'wife', 'son', 'aunt']","Jodi:female,Marge:female,Alice:female,Earline:female,Kim:female,Manuel:male,Roger:male,Melody:female",test
a35e30d1-5a5f-46b1-a81f-be604d82e000,"('Dallas', 'John')",nephew,daughter-brother-sister-sister-sister-mother-brother-son,"['daughter', 'brother', 'sister', 'sister', 'sister', 'mother', 'brother', 'son']","Dallas:male,Katherine:female,David:male,Cecelia:female,Shana:female,Melody:female,Donald:male,John:male",test
a5f12992-6006-4d04-8fc5-e0ee7b2d192d,"('John', 'Luis')",grandfather,mother-daughter-sister-brother-father-sister-brother-father,"['mother', 'daughter', 'sister', 'brother', 'father', 'sister', 'brother', 'father']","John:male,Marge:female,Bridget:female,Jodi:female,Edgar:male,Donald:male,Melody:female,James:male,Luis:male",test
6a65d51b-a477-450c-bbe8-168ae1c1746a,"('Dallas', 'Leslie')",niece,brother-brother-sister-brother-son-brother-brother-sister,"['brother', 'brother', 'sister', 'brother', 'son', 'brother', 'brother', 'sister']","Dallas:male,Manuel:male,Donald:male,Melody:female,James:male,Richard:male,Lucas:male,Leslie:female",test
9bd66914-b7c7-45d9-b4e9-3ae83233a20a,"('Mary', 'Marge')",aunt,sister-mother-sister-mother-son-son-uncle-sister,"['sister', 'mother', 'sister', 'mother', 'son', 'son', 'uncle', 'sister']","Mary:female,Kim:female,Alice:female,Melody:female,Elizabeth:female,Donald:male,John:male,Manuel:male,Marge:female",test
1949b58f-32b3-4fb1-8505-14eba947a51c,"('Edgar', 'Melody')",aunt,sister-brother-sister-sister-father-daughter-grandfather-daughter,"['sister', 'brother', 'sister', 'sister', 'father', 'daughter', 'grandfather', 'daughter']","Edgar:male,Jodi:female,John:male,Bridget:female,Donald:male,Luis:male,Melody:female",test
f1051df9-826e-415f-9bae-91e32e2ed7c3,"('Alice', 'Marge')",sister,daughter-sister-sister-brother-grandfather-wife-daughter-sister,"['daughter', 'sister', 'sister', 'brother', 'grandfather', 'wife', 'daughter', 'sister']","Alice:female,Mary:female,Earline:female,Kim:female,Roger:male,Luis:male,Elizabeth:female,Maria:female,Marge:female",test
00ef91d2-5aad-4adf-b87e-ba003f48a992,"('Luis', 'Richard')",grandson,wife-daughter-mother-son-daughter-brother-brother-brother,"['wife', 'daughter', 'mother', 'son', 'daughter', 'brother', 'brother', 'brother']","Luis:male,Elizabeth:female,Marge:female,James:male,Leslie:female,Lucas:male,Jeffery:male,Richard:male",test
333c2909-67a9-4b07-88c8-9dc7a6c7740d,"('John', 'Elizabeth')",grandmother,brother-brother-sister-father-son-brother-mother-mother,"['brother', 'brother', 'sister', 'father', 'son', 'brother', 'mother', 'mother']","John:male,Orlando:male,Edgar:male,Jodi:female,Donald:male,Marge:female,Elizabeth:female",test
ec522a81-ecc5-411f-b2b4-a09b1b047d57,"('Maria', 'Donald')",brother,son-father-sister-daughter-sister-sister-father-brother,"['son', 'father', 'sister', 'daughter', 'sister', 'sister', 'father', 'brother']","Maria:female,Richard:male,James:male,Alice:female,Mary:female,Kim:female,Earline:female,Manuel:male,Donald:male",test
20691b30-5e09-4f17-9676-6c3d0f12a09e,"('Leslie', 'Marge')",aunt,brother-brother-father-brother-wife-daughter-sister-aunt,"['brother', 'brother', 'father', 'brother', 'wife', 'daughter', 'sister', 'aunt']","Leslie:female,Jeffery:male,Richard:male,James:male,Dallas:male,Melody:female,Cecelia:female,Shana:female,Marge:female",test
c48713ff-7781-4821-8919-903cf9acee22,"('James', 'Katherine')",niece,son-sister-mother-brother-wife-daughter-sister-sister,"['son', 'sister', 'mother', 'brother', 'wife', 'daughter', 'sister', 'sister']","James:male,Richard:male,Leslie:female,Maria:female,Dallas:male,Melody:female,Shana:female,Cecelia:female,Katherine:female",test
e51c8214-7a3a-4c50-8786-8b74fa700ce7,"('Donald', 'Dallas')",brother,wife-daughter-aunt-daughter-sister-brother-father-brother,"['wife', 'daughter', 'aunt', 'daughter', 'sister', 'brother', 'father', 'brother']","Donald:male,Marge:female,Jodi:female,Alice:female,Kim:female,Mary:female,Roger:male,Manuel:male,Dallas:male",test
5d3456d8-0016-4916-a97b-cbb59986c160,"('Mary', 'Maria')",aunt,sister-sister-father-sister-brother-son-brother-aunt,"['sister', 'sister', 'father', 'sister', 'brother', 'son', 'brother', 'aunt']","Mary:female,Earline:female,Kim:female,Manuel:male,Melody:female,Donald:male,Orlando:male,John:male,Maria:female",test
083de612-d95f-4fc5-ab8b-fce02d784d79,"('Susan', 'Bryan')",nephew,son-sister-father-sister-daughter-brother-sister-father-son,"['son', 'sister', 'father', 'sister', 'daughter', 'brother', 'sister', 'father', 'son']","Susan:female,Milton:male,Loren:female,Ronald:male,Willie:female,Thelma:female,Timothy:male,Amanda:female,John:male,Bryan:male",test
1e03c707-cd4c-4496-a3e8-60498e9d4d80,"('Leah', 'Kyle')",uncle,mother-husband-daughter-father-sister-son-aunt-son-uncle,"['mother', 'husband', 'daughter', 'father', 'sister', 'son', 'aunt', 'son', 'uncle']","Leah:female,Donna:female,Mark:male,Marie:female,Susan:female,Milton:male,Willie:female,Timothy:male,Kyle:male",test
0cd0a0c3-9cf1-4b5a-aeb4-ec26e2f09a5a,"('Ronald', 'Bonita')",sister,daughter-aunt-daughter-uncle-sister-daughter-brother-grandmother-daughter,"['daughter', 'aunt', 'daughter', 'uncle', 'sister', 'daughter', 'brother', 'grandmother', 'daughter']","Ronald:male,Santa:female,Donna:female,Helen:female,Kyle:male,Susan:female,Betty:female,Milton:male,Danielle:female,Bonita:female",test
a35a6cc8-ad52-42e1-badb-ebb782d38f92,"('Willie', 'Leah')",niece,son-uncle-brother-sister-sister-daughter-brother-sister-sister,"['son', 'uncle', 'brother', 'sister', 'sister', 'daughter', 'brother', 'sister', 'sister']","Willie:female,Bryan:male,Ronald:male,Mark:male,Bonita:female,Donna:female,Marie:female,Wallace:male,Helen:female,Leah:female",test
63e416c4-d86f-4bf2-80dc-6076463222be,"('Thelma', 'Ronald')",uncle,father-daughter-mother-son-mother-sister-daughter-uncle-brother,"['father', 'daughter', 'mother', 'son', 'mother', 'sister', 'daughter', 'uncle', 'brother']","Thelma:female,John:male,Amanda:female,Willie:female,Bryan:male,Donna:female,Helen:female,Kyle:male,Ronald:male",test
1b6722d6-8555-47ca-bb08-1d7a869765fd,"('Amanda', 'Kyle')",uncle,mother-sister-sister-husband-daughter-sister-father-daughter-uncle,"['mother', 'sister', 'sister', 'husband', 'daughter', 'sister', 'father', 'daughter', 'uncle']","Amanda:female,Willie:female,Susan:female,Donna:female,Mark:male,Marie:female,Leah:female,Helen:female,Kyle:male",test
60d04cbb-7210-4895-b710-6c1962a243ac,"('Ronald', 'Donna')",sister,son-sister-sister-mother-brother-daughter-grandmother-daughter-sister,"['son', 'sister', 'sister', 'mother', 'brother', 'daughter', 'grandmother', 'daughter', 'sister']","Ronald:male,Stephen:male,Santa:female,Betty:female,Susan:female,Kyle:male,Cheryl:female,Danielle:female,Donna:female",test
566a7fa0-6339-4c57-858c-263ed18813a6,"('John', 'Marie')",niece,brother-sister-son-aunt-son-sister-father-daughter-sister,"['brother', 'sister', 'son', 'aunt', 'son', 'sister', 'father', 'daughter', 'sister']","John:male,Mark:male,Susan:female,Milton:male,Donna:female,Wallace:male,Leah:female,Helen:female,Marie:female",test
34ef405e-496f-4632-ae7e-2b7957758d5d,"('Willie', 'Mark')",brother,son-aunt-daughter-brother-father-sister-daughter-uncle-brother,"['son', 'aunt', 'daughter', 'brother', 'father', 'sister', 'daughter', 'uncle', 'brother']","Willie:female,Timothy:male,Susan:female,Santa:female,Milton:male,Ronald:male,Bonita:female,Cheryl:female,John:male,Mark:male",test
b9d568ee-f24e-4c73-8e94-285eac305ac9,"('Kyle', 'Danielle')",mother,brother-daughter-sister-aunt-sister-sister-son-uncle-mother,"['brother', 'daughter', 'sister', 'aunt', 'sister', 'sister', 'son', 'uncle', 'mother']","Kyle:male,John:male,Amanda:female,Thelma:female,Donna:female,Willie:female,Bonita:female,Albert:male,Ronald:male,Danielle:female",test
7797ae9c-fa6c-4f6b-b0dc-9b59f5618179,"('Ronald', 'Marie')",niece,brother-sister-son-father-sister-husband-son-father-daughter,"['brother', 'sister', 'son', 'father', 'sister', 'husband', 'son', 'father', 'daughter']","Ronald:male,Kyle:male,Willie:female,Bryan:male,John:male,Donna:female,Mark:male,Wallace:male,Marie:female",test
bf447b83-96b0-42e2-92f0-860a9068a636,"('Bryan', 'Susan')",aunt,sister-mother-brother-son-uncle-son-mother-brother-sister,"['sister', 'mother', 'brother', 'son', 'uncle', 'son', 'mother', 'brother', 'sister']","Bryan:male,Thelma:female,Willie:female,Kyle:male,Frank:male,Mark:male,Wallace:male,Donna:female,Susan:female",test
da9a6dc1-5b04-40d7-9d15-8386a65e3e72,"('Charles', 'Ronald')",son,daughter-brother-daughter-sister-aunt-sister-son-sister-uncle,"['daughter', 'brother', 'daughter', 'sister', 'aunt', 'sister', 'son', 'sister', 'uncle']","Charles:male,Susan:female,Mark:male,Marie:female,Helen:female,Bonita:female,Willie:female,Timothy:male,Thelma:female,Ronald:male",test
225325ae-0ffd-4f0c-9f16-5ed74d536582,"('Wallace', 'Kyle')",uncle,sister-sister-sister-mother-daughter-sister-father-sister-brother,"['sister', 'sister', 'sister', 'mother', 'daughter', 'sister', 'father', 'sister', 'brother']","Wallace:male,Marie:female,Leah:female,Donna:female,Helen:female,Mark:male,Willie:female,Kyle:male",test
a802a19d-9030-47f2-9c17-ac7e65611c96,"('John', 'Milton')",nephew,son-sister-mother-father-daughter-brother-wife-daughter-brother,"['son', 'sister', 'mother', 'father', 'daughter', 'brother', 'wife', 'daughter', 'brother']","John:male,Bryan:male,Amanda:female,Willie:female,Charles:male,Bonita:female,Ronald:male,Susan:female,Santa:female,Milton:male",test
d377b6a5-0dff-4d31-8ebf-3fbf5195b3ed,"('Donna', 'Kyle')",brother,daughter-father-brother-father-son-brother-son-sister-uncle,"['daughter', 'father', 'brother', 'father', 'son', 'brother', 'son', 'sister', 'uncle']","Donna:female,Helen:female,Mark:male,Kyle:male,Charles:male,John:male,Ronald:male,Stephen:male,Santa:female",test
0ea30b17-91f0-449f-9a0f-f8e874acf7b6,"('Willie', 'Marie')",niece,father-wife-daughter-brother-sister-brother-sister-sister-daughter,"['father', 'wife', 'daughter', 'brother', 'sister', 'brother', 'sister', 'sister', 'daughter']","Willie:female,Charles:male,Danielle:female,Bonita:female,Mark:male,John:male,Susan:female,Donna:female,Marie:female",test
48d9d791-94e7-4a38-a2f1-1bdd60582b1b,"('Wallace', 'Susan')",aunt,sister-sister-sister-sister-father-wife-daughter-aunt-sister,"['sister', 'sister', 'sister', 'sister', 'father', 'wife', 'daughter', 'aunt', 'sister']","Wallace:male,Leah:female,Helen:female,Marie:female,Mark:male,Donna:female,Bonita:female,Susan:female",test
e184a8be-c45b-441a-ad59-97b66aebadc4,"('Charles', 'Kyle')",son,son-daughter-mother-brother-son-sister-mother-brother-brother,"['son', 'daughter', 'mother', 'brother', 'son', 'sister', 'mother', 'brother', 'brother']","Charles:male,Mark:male,Leah:female,Donna:female,Ronald:male,Milton:male,Santa:female,Susan:female,John:male,Kyle:male",test
72ae22e5-32d5-48e9-a89f-0e7ecf02a27f,"('Amanda', 'Charles')",grandfather,brother-father-son-father-sister-sister-brother-son-grandfather,"['brother', 'father', 'son', 'father', 'sister', 'sister', 'brother', 'son', 'grandfather']","Amanda:female,Timothy:male,John:male,Bryan:male,Donna:female,Susan:female,Kyle:male,Albert:male,Charles:male",test
8919d833-9664-4e88-befc-8271726028cf,"('Mark', 'Danielle')",mother,son-sister-mother-sister-brother-brother-wife-daughter-grandmother,"['son', 'sister', 'mother', 'sister', 'brother', 'brother', 'wife', 'daughter', 'grandmother']","Mark:male,Wallace:male,Leah:female,Donna:female,Willie:female,Kyle:male,Ronald:male,Susan:female,Betty:female,Danielle:female",test
c608d158-1405-463c-bbd1-e383fc1c1559,"('Charles', 'Mark')",son,daughter-son-aunt-daughter-sister-uncle-father-daughter-brother,"['daughter', 'son', 'aunt', 'daughter', 'sister', 'uncle', 'father', 'daughter', 'brother']","Charles:male,Willie:female,Bryan:male,Bonita:female,Maryann:female,Cheryl:female,Ronald:male,Mark:male",test
010a2195-2693-4e39-a6a5-007e8b626a50,"('Maryann', 'Ronald')",uncle,mother-son-sister-brother-sister-father-brother-brother-brother,"['mother', 'son', 'sister', 'brother', 'sister', 'father', 'brother', 'brother', 'brother']","Maryann:female,Bonita:female,Frank:male,Cheryl:female,Albert:male,Kyle:male,John:male,Mark:male,Ronald:male",test
a1294cc7-e2fd-4943-9887-f030b7d65db5,"('John', 'Santa')",niece,son-mother-son-sister-sister-aunt-daughter-brother-sister,"['son', 'mother', 'son', 'sister', 'sister', 'aunt', 'daughter', 'brother', 'sister']","John:male,Timothy:male,Willie:female,Amanda:female,Thelma:female,Susan:female,Betty:female,Stephen:male,Santa:female",test
73bab279-69a8-4bc4-82d8-caa7b9c63771,"('Bonita', 'Thelma')",niece,daughter-aunt-husband-daughter-sister-uncle-son-mother-daughter,"['daughter', 'aunt', 'husband', 'daughter', 'sister', 'uncle', 'son', 'mother', 'daughter']","Bonita:female,Cheryl:female,Susan:female,Ronald:male,Betty:female,Santa:female,John:male,Bryan:male,Willie:female,Thelma:female",test
39e86853-e387-49ae-bb85-42a6a0e41bc5,"('Thelma', 'Susan')",aunt,father-son-father-son-brother-mother-son-father-sister,"['father', 'son', 'father', 'son', 'brother', 'mother', 'son', 'father', 'sister']","Thelma:female,John:male,Timothy:male,Bryan:male,Willie:female,Susan:female",test
3978f2cb-3490-40c9-a16c-2c99cef89344,"('Willie', 'Donna')",sister,daughter-aunt-father-daughter-sister-daughter-brother-brother-aunt,"['daughter', 'aunt', 'father', 'daughter', 'sister', 'daughter', 'brother', 'brother', 'aunt']","Willie:female,Thelma:female,Susan:female,Charles:male,Bonita:female,Cheryl:female,Frank:male,Albert:male,Donna:female",test
40ff47da-f271-4a14-94cf-3fb2fcb388b5,"('Betty', 'John')",uncle,brother-mother-daughter-sister-father-daughter-mother-son-uncle,"['brother', 'mother', 'daughter', 'sister', 'father', 'daughter', 'mother', 'son', 'uncle']","Betty:female,Milton:male,Susan:female,Santa:female,Loren:female,Ronald:male,John:male",test
b1322744-adfb-4b2d-a980-040bd6a71569,"('Kyle', 'Thelma')",niece,son-brother-sister-mother-sister-daughter-aunt-sister-daughter,"['son', 'brother', 'sister', 'mother', 'sister', 'daughter', 'aunt', 'sister', 'daughter']","Kyle:male,Albert:male,Frank:male,Cheryl:female,Bonita:female,Susan:female,Betty:female,Donna:female,Willie:female,Thelma:female",test
d4c811f6-f1bd-4962-80eb-050163ea17de,"('Susan', 'Wallace')",nephew,daughter-father-daughter-sister-aunt-daughter-father-daughter-brother,"['daughter', 'father', 'daughter', 'sister', 'aunt', 'daughter', 'father', 'daughter', 'brother']","Susan:female,Loren:female,Ronald:male,Betty:female,Santa:female,Donna:female,Helen:female,Mark:male,Leah:female,Wallace:male",test
45ac38d2-cdda-4a6c-9785-a4b4c8f3e779,"('Susan', 'Donna')",sister,son-uncle-father-son-mother-son-brother-brother-sister,"['son', 'uncle', 'father', 'son', 'mother', 'son', 'brother', 'brother', 'sister']","Susan:female,Milton:male,Kyle:male,Charles:male,Mark:male,Danielle:female,John:male,Ronald:male,Donna:female",test
270d72cf-b05e-44b7-9f0c-528871c0ecec,"('Bonita', 'John')",brother,sister-sister-sister-sister-mother-son-father-wife-son,"['sister', 'sister', 'sister', 'sister', 'mother', 'son', 'father', 'wife', 'son']","Bonita:female,Donna:female,Willie:female,Susan:female,Danielle:female,Mark:male,Charles:male,John:male",test
6cea9e2b-36ef-4e4e-9795-4b790d614fb1,"('Ronald', 'Charles')",father,daughter-aunt-brother-sister-sister-son-uncle-daughter-grandfather,"['daughter', 'aunt', 'brother', 'sister', 'sister', 'son', 'uncle', 'daughter', 'grandfather']","Ronald:male,Betty:female,Willie:female,Kyle:male,Susan:female,Bonita:female,Frank:male,Mark:male,Leah:female,Charles:male",test
d3d0a17e-1397-472f-9978-17f478ce9adf,"('Stephen', 'Mark')",uncle,sister-sister-mother-husband-son-father-father-daughter-brother,"['sister', 'sister', 'mother', 'husband', 'son', 'father', 'father', 'daughter', 'brother']","Stephen:male,Betty:female,Santa:female,Susan:female,Ronald:male,Milton:male,Charles:male,Willie:female,Mark:male",test
21b39851-08b6-42d1-8e37-4bf0cf9cd891,"('Thelma', 'Bonita')",aunt,brother-father-mother-son-son-uncle-son-mother-sister,"['brother', 'father', 'mother', 'son', 'son', 'uncle', 'son', 'mother', 'sister']","Thelma:female,Timothy:male,John:male,Danielle:female,Bryan:male,Ronald:male,Stephen:male,Susan:female,Bonita:female",test
58ba8271-1de8-48d5-82e4-727baf623cd6,"('Helen', 'Ronald')",uncle,brother-sister-father-wife-daughter-sister-brother-aunt-brother,"['brother', 'sister', 'father', 'wife', 'daughter', 'sister', 'brother', 'aunt', 'brother']","Helen:female,Wallace:male,Marie:female,Mark:male,Donna:female,Leah:female,Willie:female,Ronald:male",test
5e750d85-3bca-4042-9f94-b4e7f25897ba,"('John', 'Ronald')",brother,son-sister-sister-sister-mother-sister-brother-brother-brother,"['son', 'sister', 'sister', 'sister', 'mother', 'sister', 'brother', 'brother', 'brother']","John:male,Timothy:male,Amanda:female,Thelma:female,Willie:female,Bonita:female,Mark:male,Kyle:male,Ronald:male",test
1be9dc89-019c-4b3a-b5aa-98e6251ebf27,"('Thelma', 'Ronald')",uncle,mother-daughter-brother-aunt-son-sister-sister-aunt-brother,"['mother', 'daughter', 'brother', 'aunt', 'son', 'sister', 'sister', 'aunt', 'brother']","Thelma:female,Willie:female,Timothy:male,Donna:female,Wallace:male,Leah:female,Marie:female,Bonita:female,Ronald:male",test
098c0d45-4161-438e-9070-eff6fff1d846,"('Bonita', 'Betty')",niece,son-sister-brother-brother-father-brother-son-aunt-daughter,"['son', 'sister', 'brother', 'brother', 'father', 'brother', 'son', 'aunt', 'daughter']","Bonita:female,Albert:male,Maryann:female,Frank:male,Kyle:male,John:male,Bryan:male,Susan:female,Betty:female",test
1dfe61de-cab8-4bf1-b822-5297a2384dcb,"('Kyle', 'Mark')",brother,brother-sister-sister-brother-son-grandfather-wife-son-brother,"['brother', 'sister', 'sister', 'brother', 'son', 'grandfather', 'wife', 'son', 'brother']","Kyle:male,John:male,Donna:female,Willie:female,Ronald:male,Milton:male,Charles:male,Danielle:female,Mark:male",test
f985d5e6-abca-428d-b6d5-fec8cb39abac,"('Ronald', 'Amanda')",niece,son-sister-aunt-daughter-uncle-wife-son-brother-sister,"['son', 'sister', 'aunt', 'daughter', 'uncle', 'wife', 'son', 'brother', 'sister']","Ronald:male,Milton:male,Betty:female,Donna:female,Marie:female,John:male,Willie:female,Bryan:male,Timothy:male,Amanda:female",test
32d13b37-d443-44ef-aefb-eb36306635d1,"('Susan', 'John')",brother,son-brother-sister-father-father-son-sister-daughter-uncle,"['son', 'brother', 'sister', 'father', 'father', 'son', 'sister', 'daughter', 'uncle']","Susan:female,Stephen:male,Milton:male,Santa:female,Ronald:male,Charles:male,Mark:male,Bonita:female,Maryann:female,John:male",test
c534fa28-f829-4db9-a67c-4c954b2b5eab,"('Amanda', 'Danielle')",grandmother,sister-father-sister-sister-son-sister-brother-father-mother,"['sister', 'father', 'sister', 'sister', 'son', 'sister', 'brother', 'father', 'mother']","Amanda:female,Thelma:female,John:male,Bonita:female,Susan:female,Milton:male,Betty:female,Stephen:male,Ronald:male,Danielle:female",test
c4452b92-86bd-4565-9532-f9d0858c87fc,"('Bonita', 'Stephen')",nephew,brother-father-son-brother-sister-sister-daughter-father-son,"['brother', 'father', 'son', 'brother', 'sister', 'sister', 'daughter', 'father', 'son']","Bonita:female,Ronald:male,Charles:male,John:male,Donna:female,Susan:female,Betty:female,Stephen:male",test
a18ed5e1-9e05-4883-bc41-5393cc9bb837,"('Charles', 'John')",son,wife-daughter-sister-brother-sister-daughter-grandmother-daughter-brother,"['wife', 'daughter', 'sister', 'brother', 'sister', 'daughter', 'grandmother', 'daughter', 'brother']","Charles:male,Danielle:female,Bonita:female,Willie:female,Mark:male,Susan:female,Santa:female,John:male",test
e2946077-30ad-4ece-a543-e1cad3c86b3c,"('Willie', 'Albert')",nephew,sister-brother-father-son-brother-brother-daughter-mother-son,"['sister', 'brother', 'father', 'son', 'brother', 'brother', 'daughter', 'mother', 'son']","Willie:female,Bonita:female,Mark:male,Charles:male,John:male,Kyle:male,Maryann:female,Albert:male",test
419df3e6-dabc-4aea-a0b6-7020af4803d4,"('Mark', 'Maryann')",niece,sister-mother-son-brother-son-uncle-daughter-brother-sister,"['sister', 'mother', 'son', 'brother', 'son', 'uncle', 'daughter', 'brother', 'sister']","Mark:male,Susan:female,Danielle:female,Ronald:male,John:male,Bryan:male,Kyle:male,Cheryl:female,Albert:male,Maryann:female",test
f14ba77f-a935-4445-8b2c-4af0b8ed8daf,"('Danielle', 'Bonita')",daughter,son-brother-daughter-sister-brother-brother-sister-mother-sister,"['son', 'brother', 'daughter', 'sister', 'brother', 'brother', 'sister', 'mother', 'sister']","Danielle:female,Kyle:male,John:male,Amanda:female,Thelma:female,Timothy:male,Bryan:male,Willie:female,Bonita:female",test
8446beb5-d599-46af-be64-582744e42b63,"('Amanda', 'Mark')",uncle,brother-mother-father-son-son-sister-brother-sister-uncle,"['brother', 'mother', 'father', 'son', 'son', 'sister', 'brother', 'sister', 'uncle']","Amanda:female,Bryan:male,Willie:female,Charles:male,Ronald:male,Milton:male,Betty:female,Stephen:male,Santa:female,Mark:male",test
2614acae-2f71-475d-9277-6d1386570f8c,"('Willie', 'Bonita')",sister,brother-son-uncle-daughter-sister-sister-mother-son-aunt,"['brother', 'son', 'uncle', 'daughter', 'sister', 'sister', 'mother', 'son', 'aunt']","Willie:female,Kyle:male,Frank:male,Mark:male,Helen:female,Leah:female,Marie:female,Donna:female,Wallace:male,Bonita:female",test
11e34e6d-4692-4e14-a9de-6d31ded1c636,"('Leah', 'John')",uncle,brother-sister-sister-mother-husband-daughter-father-sister-brother,"['brother', 'sister', 'sister', 'mother', 'husband', 'daughter', 'father', 'sister', 'brother']","Leah:female,Wallace:male,Marie:female,Helen:female,Donna:female,Mark:male,Susan:female,John:male",test
b2999f11-f352-490c-860f-b5dd05f3d619,"('Donna', 'Albert')",nephew,daughter-aunt-daughter-aunt-daughter-uncle-wife-daughter-brother,"['daughter', 'aunt', 'daughter', 'aunt', 'daughter', 'uncle', 'wife', 'daughter', 'brother']","Donna:female,Helen:female,Susan:female,Santa:female,Willie:female,Thelma:female,Kyle:male,Bonita:female,Maryann:female,Albert:male",test
d89817e4-796c-4039-a671-9e9b75646887,"('Mark', 'Kyle')",brother,daughter-sister-brother-sister-sister-brother-mother-sister-brother,"['daughter', 'sister', 'brother', 'sister', 'sister', 'brother', 'mother', 'sister', 'brother']","Mark:male,Leah:female,Marie:female,Wallace:male,Helen:female,Donna:female,Susan:female,Kyle:male",test
c85aa3b9-d605-4a20-af54-6e0a10ad1e50,"('John', 'Susan')",sister,daughter-grandmother-son-sister-daughter-brother-father-son-aunt,"['daughter', 'grandmother', 'son', 'sister', 'daughter', 'brother', 'father', 'son', 'aunt']","John:male,Thelma:female,Danielle:female,Kyle:male,Donna:female,Leah:female,Wallace:male,Mark:male,Susan:female",test
4a0b3f61-b48d-4b25-bf82-0687beda603d,"('Marie', 'Willie')",aunt,father-son-uncle-brother-father-daughter-brother-sister-sister,"['father', 'son', 'uncle', 'brother', 'father', 'daughter', 'brother', 'sister', 'sister']","Marie:female,Mark:male,Wallace:male,John:male,Ronald:male,Charles:male,Susan:female,Kyle:male,Donna:female,Willie:female",test
6a7861c7-3903-4cf8-ad16-14b237b6d4ba,"('Bonita', 'Santa')",niece,son-father-daughter-brother-aunt-husband-son-sister-sister,"['son', 'father', 'daughter', 'brother', 'aunt', 'husband', 'son', 'sister', 'sister']","Bonita:female,Albert:male,Kyle:male,Cheryl:female,Frank:male,Susan:female,Ronald:male,Milton:male,Betty:female,Santa:female",test
a649315a-8ea0-4887-b66e-5db48348bee4,"('Bonita', 'Helen')",niece,brother-sister-daughter-grandfather-son-brother-brother-daughter-sister,"['brother', 'sister', 'daughter', 'grandfather', 'son', 'brother', 'brother', 'daughter', 'sister']","Bonita:female,Ronald:male,Willie:female,Amanda:female,Charles:male,Kyle:male,Mark:male,Marie:female,Helen:female",test
fd36412c-6798-4624-9adc-d8b23c1503db,"('Helen', 'Bonita')",aunt,brother-sister-father-brother-sister-sister-daughter-uncle-sister,"['brother', 'sister', 'father', 'brother', 'sister', 'sister', 'daughter', 'uncle', 'sister']","Helen:female,Wallace:male,Marie:female,Mark:male,John:male,Susan:female,Donna:female,Leah:female,Bonita:female",test
08b250b8-ed36-4133-8a91-3c2c3f69a95b,"('Bonita', 'Santa')",niece,mother-son-father-son-son-sister-brother-mother-daughter,"['mother', 'son', 'father', 'son', 'son', 'sister', 'brother', 'mother', 'daughter']","Bonita:female,Danielle:female,John:male,Charles:male,Ronald:male,Milton:male,Betty:female,Stephen:male,Susan:female,Santa:female",test
fdffdd5a-0283-4673-b700-c2d0eab9ed0b,"('Kyle', 'Bryan')",nephew,daughter-aunt-daughter-uncle-father-daughter-husband-son-brother,"['daughter', 'aunt', 'daughter', 'uncle', 'father', 'daughter', 'husband', 'son', 'brother']","Kyle:male,Maryann:female,Donna:female,Helen:female,Ronald:male,Charles:male,Willie:female,John:male,Timothy:male,Bryan:male",test
03e06853-d1eb-47f8-98c0-6b46fa8725d0,"('Susan', 'Danielle')",mother,sister-brother-father-son-brother-daughter-sister-brother-grandmother,"['sister', 'brother', 'father', 'son', 'brother', 'daughter', 'sister', 'brother', 'grandmother']","Susan:female,Willie:female,Ronald:male,Charles:male,John:male,Thelma:female,Amanda:female,Timothy:male,Danielle:female",test
2ccffd59-b791-4c75-b76e-a453cbd4e7bf,"('Bonita', 'Milton')",nephew,daughter-grandmother-son-wife-son-sister-sister-brother-brother,"['daughter', 'grandmother', 'son', 'wife', 'son', 'sister', 'sister', 'brother', 'brother']","Bonita:female,Maryann:female,Danielle:female,Ronald:male,Susan:female,Milton:male,Santa:female,Betty:female,Stephen:male",test
32014131-f201-4f41-ab86-7c6d728ec044,"('Erica', 'Robert')",brother,son-brother-brother-father-son-uncle,"['son', 'brother', 'brother', 'father', 'son', 'uncle']","Erica:female,Michael:male,Ross:male,Joseph:male,Patrick:male,Robert:male",test
57cd3435-5767-49f1-844d-025418ef6c6e,"('Dorothy', 'David')",nephew,son-brother-grandfather-daughter-son-brother,"['son', 'brother', 'grandfather', 'daughter', 'son', 'brother']","Dorothy:female,Arthur:male,Warren:male,Daniel:male,Bonnie:female,Kenneth:male,David:male",test
d9dbbb8d-041a-41d0-b1c5-296e94ede58c,"('Bonnie', 'Charlsie')",niece,mother-daughter-daughter-brother-brother-sister,"['mother', 'daughter', 'daughter', 'brother', 'brother', 'sister']","Bonnie:female,Mary:female,Katherine:female,Jon:female,Ronald:male,James:male,Charlsie:female",test
f34b3229-4ab3-4d7d-9c5d-42b0f7feada1,"('Kyle', 'Mary')",aunt,mother-son-sister-brother-sister-brother-aunt,"['mother', 'son', 'sister', 'brother', 'sister', 'brother', 'aunt']","Kyle:male,Marguerite:female,Michael:male,Ethel:female,Jerry:male,Mary:female",test
16a20c71-663f-497a-a738-31b9aca75c9e,"('Ethel', 'Jerry')",brother,mother-son-brother-mother-son-father-son,"['mother', 'son', 'brother', 'mother', 'son', 'father', 'son']","Ethel:female,Marguerite:female,Jerry:male,Michael:male,Kyle:male,Daniel:male",test
866c87f9-35d7-441f-b36f-1ed47bda460c,"('George', 'Daniel')",uncle,sister-sister-mother-sister-brother-father-son,"['sister', 'sister', 'mother', 'sister', 'brother', 'father', 'son']","George:male,Lisa:female,Ruth:female,Mary:female,Marguerite:female,Stephen:male,James:male,Daniel:male",test
baef1f38-02bc-450e-960d-6c937dab022d,"('Michael', 'Marguerite')",mother,sister-brother-brother-father-son-sister-mother,"['sister', 'brother', 'brother', 'father', 'son', 'sister', 'mother']","Michael:male,Ethel:female,Kyle:male,Jerry:male,Daniel:male,Marguerite:female",test
42f4f3f3-3ce7-49a9-b63b-f0797ad3db0f,"('Mary', 'Maria')",niece,sister-son-father-daughter-brother-sister-sister,"['sister', 'son', 'father', 'daughter', 'brother', 'sister', 'sister']","Mary:female,Gayle:female,Harry:male,Carlos:male,Susan:female,Paul:male,Maria:female",test
6628ecb4-163c-4b34-b7fc-9dd11a639b4d,"('Carlos', 'Ethel')",niece,wife-daughter-mother-sister-husband-son-sister,"['wife', 'daughter', 'mother', 'sister', 'husband', 'son', 'sister']","Carlos:male,Gayle:female,Susan:female,Marguerite:female,Daniel:male,Michael:male,Ethel:female",test
47c71a61-2305-4b14-a634-d0cab103087e,"('Marguerite', 'Ruth')",niece,brother-brother-daughter-brother-mother-son-sister,"['brother', 'brother', 'daughter', 'brother', 'mother', 'son', 'sister']","Marguerite:female,Carlos:male,William:male,Lisa:female,Jose:male,Mary:female,George:male,Ruth:female",test
47adc324-d3f0-435f-a326-06aaa42e8ff3,"('Carlos', 'Lisa')",niece,brother-brother-daughter-uncle-daughter-brother-sister,"['brother', 'brother', 'daughter', 'uncle', 'daughter', 'brother', 'sister']","Carlos:male,Stephen:male,Daniel:male,Ethel:female,William:male,Ruth:female,George:male,Lisa:female",test
de7cab9c-008b-4603-bccf-3e9eecc4060a,"('Susan', 'William')",uncle,brother-brother-sister-mother-brother-son-uncle,"['brother', 'brother', 'sister', 'mother', 'brother', 'son', 'uncle']","Susan:female,Harry:male,Paul:male,Maria:female,Gayle:female,Daniel:male,Michael:male,William:male",test
5ee9593b-9094-4dc0-8647-3952b23ab72a,"('Harry', 'Daniel')",uncle,sister-father-mother-son-brother-son-uncle,"['sister', 'father', 'mother', 'son', 'brother', 'son', 'uncle']","Harry:male,Maria:female,Carlos:male,Madonna:female,Stephen:male,William:male,George:male,Daniel:male",test
8d74d3c9-7d27-4b12-8fed-dfbeb4b44ba0,"('Gayle', 'Jose')",nephew,son-grandmother-son-brother-wife-daughter-brother,"['son', 'grandmother', 'son', 'brother', 'wife', 'daughter', 'brother']","Gayle:female,Paul:male,Madonna:female,Carlos:male,William:male,Mary:female,Ruth:female,Jose:male",test
073aafa1-ff50-404e-8cc4-a7c82f4ecb74,"('Michael', 'Stephen')",uncle,brother-father-daughter-brother-mother-son-uncle,"['brother', 'father', 'daughter', 'brother', 'mother', 'son', 'uncle']","Michael:male,Kyle:male,Daniel:male,Ethel:female,Marguerite:female,Jerry:male,Stephen:male",test
5dcab9c6-eb0b-4771-9bc1-dbffd8061984,"('Marguerite', 'James')",father-in-law,husband-mother-daughter-daughter-uncle-brother-father,"['husband', 'mother', 'daughter', 'daughter', 'uncle', 'brother', 'father']","Marguerite:female,Daniel:male,Madonna:female,Gayle:female,Susan:female,William:male,Stephen:male,James:male",test
6082c49c-2b4a-4409-9691-8544f296423a,"('William', 'Mabel')",niece,daughter-sister-brother-sister-sister-brother-mother-brother-daughter-sister,"['daughter', 'sister', 'brother', 'sister', 'sister', 'brother', 'mother', 'brother', 'daughter', 'sister']","William:male,Monica:female,Teresita:female,Willie:male,Eula:female,Margaret:female,James:male,Nadia:female,Mabel:female",test
cfa33ed3-1c0a-4900-8d22-25f1a1b9c0f6,"('Steve', 'Nadia')",niece,son-mother-son-uncle-father-son-daughter-sister-mother-daughter,"['son', 'mother', 'son', 'uncle', 'father', 'son', 'daughter', 'sister', 'mother', 'daughter']","Steve:male,Stanley:male,Constance:female,Sidney:male,Cesar:male,Steven:male,James:male,Mabel:female,Kathleen:female,Ellen:female,Nadia:female",test
b9ad4c27-fdd4-4dc0-a266-bc1ee2709de7,"('Steve', 'Eric')",nephew,son-aunt-daughter-uncle-daughter-brother-mother-son-brother-brother,"['son', 'aunt', 'daughter', 'uncle', 'daughter', 'brother', 'mother', 'son', 'brother', 'brother']","Steve:male,Sidney:male,Ellen:female,Sharon:female,Cesar:male,Nora:female,Darryl:male,Patrice:female,Dan:male,Eric:male",test
aa43972e-65f6-4fc7-8deb-e0328131018f,"('Joyce', 'Rachel')",granddaughter,husband-daughter-daughter,"['husband', 'daughter', 'daughter']","Joyce:female,Ronald:male,Imogene:female,Rachel:female,Gerald:male",test
9d0388e6-5550-49fb-bc09-03a2b1a7d2af,"('Robert', 'Ronald')",father,daughter-uncle-father,"['daughter', 'uncle', 'father']","Robert:male,Nancy:female,Willie:male,Ronald:male,Samantha:female",test
255839f2-4761-4ce4-bdfa-9a866482f5f7,"('Louis', 'Ronald')",father,daughter-mother-father,"['daughter', 'mother', 'father']","Louis:male,Denise:female,Samantha:female,Ronald:male,Alice:female",test
0caa896f-b26c-4511-959a-7b9cdd5aecc9,"('Louis', 'Joyce')",mother,son-mother-mother,"['son', 'mother', 'mother']","Louis:male,Justin:male,Samantha:female,Joyce:female,Imogene:female",test
5f3ce9b4-9032-49c1-acfb-fec31efafb03,"('Louis', 'Joyce')",mother,sister-son-grandmother,"['sister', 'son', 'grandmother']","Louis:male,Imogene:female,Jacob:male,Joyce:female,Scott:male",test
9e9b6751-6c12-495d-b3e0-1cd6e33b9f28,"('Joyce', 'Gertrude')",granddaughter,husband-daughter-daughter,"['husband', 'daughter', 'daughter']","Joyce:female,Ronald:male,Imogene:female,Gertrude:female,Jacob:male",test
340f0251-af22-484c-86d6-49d4fdd989fe,"('Gerald', 'Ronald')",father,son-mother-father,"['son', 'mother', 'father']","Gerald:male,Joseph:male,Imogene:female,Ronald:male,Louis:male",test
a139155b-c86f-4ada-99c1-70d64016ce9a,"('Imogene', 'Ronald')",father,daughter-uncle-father,"['daughter', 'uncle', 'father']","Imogene:female,Gertrude:female,Louis:male,Ronald:male,Gerald:male",test
58355bd7-6c1d-4c20-8dfa-1de3c9889cd1,"('Ronald', 'Jennifer')",granddaughter,wife-grandson-sister,"['wife', 'grandson', 'sister']","Ronald:male,Joyce:female,Russell:male,Jennifer:female,Willie:male",test
2332b664-8055-4883-9401-fb4cca6c323e,"('Louis', 'Ronald')",father,daughter-mother-father,"['daughter', 'mother', 'father']","Louis:male,Denise:female,Samantha:female,Ronald:male,Justin:male",test
918fcec9-c543-4c54-a988-fbcb8152f56f,"('Robert', 'Ronald')",father,son-mother-father,"['son', 'mother', 'father']","Robert:male,William:male,Beth:female,Ronald:male,Willie:male",test
07741858-7471-4fa7-80e5-7f26a0dff891,"('Kevin', 'Jennifer')",mother-in-law,wife-father-daughter-father-son-brother-mother,"['wife', 'father', 'daughter', 'father', 'son', 'brother', 'mother']","Kevin:male,Bertha:female,Stephen:male,Diane:female,Alfred:male,Peter:male,Jennifer:female",test
70401f26-68bd-43f7-860c-18021ba23ef0,"('Gerald', 'Joyce')",mother,son-mother-mother,"['son', 'mother', 'mother']","Gerald:male,Joseph:male,Imogene:female,Joyce:female,Robert:male",test
0eca5f3d-1542-40d0-8d71-fa4b5dd82c81,"('Bertha', 'Madonna')",grandmother,mother-son-mother-son-sister-brother-grandmother,"['mother', 'son', 'mother', 'son', 'sister', 'brother', 'grandmother']","Bertha:female,Jennifer:female,Alfred:male,Peter:male,Diane:female,Madonna:female",test
57e61f60-795c-42f8-8c36-3c2a40cc0f24,"('Mary', 'Gayle')",sister,daughter-brother-sister-grandmother-son-son-aunt,"['daughter', 'brother', 'sister', 'grandmother', 'son', 'son', 'aunt']","Mary:female,Lisa:female,George:male,Ruth:female,Madonna:female,Daniel:male,Jerry:male,Gayle:female",test
f6e255d5-623d-4d0d-a759-6b8b89105b98,"('Carlos', 'Ruth')",niece,father-daughter-brother-daughter-aunt-husband-daughter,"['father', 'daughter', 'brother', 'daughter', 'aunt', 'husband', 'daughter']","Carlos:male,James:male,Gayle:female,Stephen:male,Bertha:female,Mary:female,William:male,Ruth:female",test
9131dd65-8d89-43fd-b392-9decc55042f7,"('Maria', 'James')",grandfather,brother-sister-sister-mother-brother-sister-father,"['brother', 'sister', 'sister', 'mother', 'brother', 'sister', 'father']","Maria:female,Paul:male,Patricia:female,Susan:female,Gayle:female,Daniel:male,Jennifer:female,James:male",test
f38dd320-6ae6-48be-874e-ef2be1bd512f,"('Kyle', 'Gayle')",aunt,brother-brother-brother-sister-father-sister-sister,"['brother', 'brother', 'brother', 'sister', 'father', 'sister', 'sister']","Kyle:male,Jerry:male,Michael:male,Ethel:female,Daniel:male,Jennifer:female,Gayle:female",test
ac2eace2-6fcf-4e7e-a339-2b6ade8143c4,"('James', 'Ruth')",granddaughter,son-sister-son-brother-sister-brother-sister,"['son', 'sister', 'son', 'brother', 'sister', 'brother', 'sister']","James:male,Daniel:male,Mary:female,Jose:male,George:male,Lisa:female,Ruth:female",test
44f5e46b-acde-4d29-95d9-a43a5bf953bc,"('Daniel', 'Diane')",niece,sister-sister-sister-son-sister-brother-sister,"['sister', 'sister', 'sister', 'son', 'sister', 'brother', 'sister']","Daniel:male,Mary:female,Marguerite:female,Jennifer:female,Peter:male,Bertha:female,Diane:female",test
5ef1aa00-4a5a-4f3d-b37b-c9e0558d7ec4,"('James', 'Patricia')",granddaughter,son-sister-brother-brother-son-sister-sister,"['son', 'sister', 'brother', 'brother', 'son', 'sister', 'sister']","James:male,Stephen:male,Gayle:female,Daniel:male,Carlos:male,Paul:male,Maria:female,Patricia:female",test
8c9808d3-fb2a-4417-94a9-a76c420e8c48,"('Ethel', 'Stephen')",uncle,brother-mother-son-brother-brother-mother-brother,"['brother', 'mother', 'son', 'brother', 'brother', 'mother', 'brother']","Ethel:female,Kyle:male,Marguerite:female,Michael:male,Jerry:male,Stephen:male",test
28725e25-4e94-4882-95d5-443835d89828,"('Marguerite', 'Bertha')",niece,son-brother-uncle-sister-son-father-daughter,"['son', 'brother', 'uncle', 'sister', 'son', 'father', 'daughter']","Marguerite:female,Kyle:male,Michael:male,Carlos:male,Jennifer:female,Alfred:male,Stephen:male,Bertha:female",test
b38a7667-c4a7-4d3b-be7b-abf22e686f52,"('Stephen', 'George')",nephew,brother-sister-daughter-brother-father-daughter-brother,"['brother', 'sister', 'daughter', 'brother', 'father', 'daughter', 'brother']","Stephen:male,Carlos:male,Mary:female,Lisa:female,Jose:male,William:male,George:male",test
54442326-ffd0-4d14-8989-97cebc4c8b49,"('Ethel', 'Mary')",aunt,father-son-brother-mother-brother-brother-sister,"['father', 'son', 'brother', 'mother', 'brother', 'brother', 'sister']","Ethel:female,Daniel:male,Jerry:male,Michael:male,Marguerite:female,Stephen:male,Carlos:male,Mary:female",test
4a2661fd-802e-4747-bafa-9f579c4148af,"('Stephen', 'Susan')",niece,son-grandfather-son-daughter-sister-sister-sister,"['son', 'grandfather', 'son', 'daughter', 'sister', 'sister', 'sister']","Stephen:male,Peter:male,James:male,Carlos:male,Maria:female,Susan:female,Patricia:female",test
b4ade94d-9e72-44e4-8028-a44e56fd7891,"('Alfred', 'James')",grandfather,brother-sister-mother-mother-son-sister-father,"['brother', 'sister', 'mother', 'mother', 'son', 'sister', 'father']","Alfred:male,Peter:male,Diane:female,Jennifer:female,Madonna:female,Daniel:male,Mary:female,James:male",test
8af6abfa-28ae-4dd7-87aa-7ca2b08cff41,"('Gayle', 'Tony')",daughter-in-law,daughter-sister-sister-sister-father-son-wife,"['daughter', 'sister', 'sister', 'sister', 'father', 'son', 'wife']","Gayle:female,Susan:female,Patricia:female,Maria:female,Carlos:male,Paul:male,Tony:female",test
63799ecd-eb0b-45c1-bd3a-e540b1048534,"('Madonna', 'Alfred')",grandson,son-daughter-brother-brother-uncle-son-brother,"['son', 'daughter', 'brother', 'brother', 'uncle', 'son', 'brother']","Madonna:female,Daniel:male,Ethel:female,Kyle:male,Michael:male,Stephen:male,Peter:male,Alfred:male",test
cbc8697f-7073-404c-a76f-cb0fbc25b226,"('Lisa', 'Marguerite')",aunt,brother-brother-brother-mother-sister-brother-sister,"['brother', 'brother', 'brother', 'mother', 'sister', 'brother', 'sister']","Lisa:female,Jose:male,George:male,Mary:female,Jennifer:female,Carlos:male,Marguerite:female",test
86232cc9-1ba7-41e4-a7d2-368e8d9f8a4e,"('Carlos', 'Marguerite')",sister,brother-daughter-mother-sister-daughter-aunt-sister,"['brother', 'daughter', 'mother', 'sister', 'daughter', 'aunt', 'sister']","Carlos:male,Stephen:male,Diane:female,Jennifer:female,Gayle:female,Maria:female,Mary:female,Marguerite:female",test
f8a2073f-f4c2-40b4-a670-ddd695c182e1,"('Jerry', 'Gayle')",aunt,brother-mother-daughter-aunt-brother-daughter-aunt,"['brother', 'mother', 'daughter', 'aunt', 'brother', 'daughter', 'aunt']","Jerry:male,Michael:male,Marguerite:female,Ethel:female,Jennifer:female,William:male,Ruth:female,Gayle:female",test
eabb2708-d0eb-43e3-9852-d8b0f4c1895a,"('Stephen', 'Marguerite')",sister,father-daughter-sister-son-uncle-daughter-aunt,"['father', 'daughter', 'sister', 'son', 'uncle', 'daughter', 'aunt']","Stephen:male,James:male,Mary:female,Gayle:female,Harry:male,William:male,Ruth:female,Marguerite:female",test
edbddb8f-1b8d-4a55-b5dc-34a04b202561,"('Madonna', 'Harry')",grandson,son-brother-daughter-brother-uncle-sister-son,"['son', 'brother', 'daughter', 'brother', 'uncle', 'sister', 'son']","Madonna:female,Carlos:male,Stephen:male,Diane:female,Alfred:male,Daniel:male,Gayle:female,Harry:male",test
7e85f421-a94f-42e3-bb60-1031ac1cf348,"('Ethel', 'William')",uncle,brother-sister-mother-son-brother-father-brother,"['brother', 'sister', 'mother', 'son', 'brother', 'father', 'brother']","Ethel:female,Michael:male,Marguerite:female,Jerry:male,Kyle:male,Daniel:male,William:male",test
1668a1d3-3701-440d-b753-d9062d489e8e,"('Gayle', 'James')",father,sister-daughter-sister-brother-father-brother-father,"['sister', 'daughter', 'sister', 'brother', 'father', 'brother', 'father']","Gayle:female,Jennifer:female,Diane:female,Bertha:female,Peter:male,Stephen:male,Carlos:male,James:male",test
eb3dcded-a18b-4134-b6a7-b34a12ff0824,"('Stephen', 'Ethel')",niece,son-aunt-sister-son-brother-father-daughter,"['son', 'aunt', 'sister', 'son', 'brother', 'father', 'daughter']","Stephen:male,Peter:male,Mary:female,Marguerite:female,Kyle:male,Michael:male,Daniel:male,Ethel:female",test
17b8993c-7409-4200-9500-52f4d329c427,"('Carlos', 'Stephen')",brother,sister-son-father-sister-sister-daughter-uncle,"['sister', 'son', 'father', 'sister', 'sister', 'daughter', 'uncle']","Carlos:male,Marguerite:female,Michael:male,Daniel:male,Jennifer:female,Mary:female,Ruth:female,Stephen:male",test
84813bc7-a5d2-4f78-a0c3-e4235af6b4e7,"('Maria', 'Marguerite')",aunt,brother-mother-sister-brother-brother-brother-sister,"['brother', 'mother', 'sister', 'brother', 'brother', 'brother', 'sister']","Maria:female,Harry:male,Gayle:female,Mary:female,Stephen:male,William:male,Marguerite:female",test
3fc979ba-c556-422b-a42e-924633695356,"('James', 'Paul')",grandson,daughter-sister-brother-sister-daughter-brother-brother,"['daughter', 'sister', 'brother', 'sister', 'daughter', 'brother', 'brother']","James:male,Mary:female,Jennifer:female,Daniel:male,Gayle:female,Susan:female,Harry:male,Paul:male",test
ca50d606-4c42-4200-935f-e676bd030b9a,"('Jose', 'Daniel')",uncle,sister-brother-sister-sister-brother-mother-brother,"['sister', 'brother', 'sister', 'sister', 'brother', 'mother', 'brother']","Jose:male,Lisa:female,George:male,Ruth:female,Mary:female,Daniel:male",test
b1a50869-24f5-4578-94cb-abfac51e09c5,"('Alfred', 'Madonna')",grandmother,brother-brother-mother-daughter-mother-brother-mother,"['brother', 'brother', 'mother', 'daughter', 'mother', 'brother', 'mother']","Alfred:male,Peter:male,Jennifer:female,Diane:female,Daniel:male,Madonna:female",test
bd05de5d-b1c5-4867-aacc-1e050015d8ef,"('Carlos', 'Jose')",nephew,wife-daughter-sister-uncle-son-mother-son,"['wife', 'daughter', 'sister', 'uncle', 'son', 'mother', 'son']","Carlos:male,Gayle:female,Maria:female,Susan:female,William:male,George:male,Mary:female,Jose:male",test
64aa79ed-d010-4bbb-aebd-6a798640bb73,"('Gayle', 'Peter')",nephew,mother-son-son-uncle-sister-son-brother,"['mother', 'son', 'son', 'uncle', 'sister', 'son', 'brother']","Gayle:female,Madonna:female,William:male,Jose:male,Daniel:male,Jennifer:female,Alfred:male,Peter:male",test
885ca788-b48f-4001-86c7-adfebf7ded0d,"('Willie', 'Joyce')",mother,sister-son-grandmother,"['sister', 'son', 'grandmother']","Willie:male,Beth:female,Christopher:male,Joyce:female,Robert:male",test
99168f33-5a73-4b4a-b53e-73a6c3d5abc9,"('Ronald', 'Kelly')",granddaughter,wife-grandson-sister,"['wife', 'grandson', 'sister']","Ronald:male,Joyce:female,Jared:male,Kelly:female,Denise:female",test
b61b0b27-b5ab-4484-86d5-a20547abf54c,"('Imogene', 'Joyce')",mother,sister-son-grandmother,"['sister', 'son', 'grandmother']","Imogene:female,Beth:female,William:male,Joyce:female,Nancy:female",test
959ff578-e149-4a4a-88ad-1f21b43ac439,"('Ronald', 'Colleen')",granddaughter,wife-grandson-sister,"['wife', 'grandson', 'sister']","Ronald:male,Joyce:female,Christopher:male,Colleen:female,William:male",test
ad269a66-1696-4f75-b831-a0b7974933b7,"('Robert', 'Joyce')",mother,son-mother-mother,"['son', 'mother', 'mother']","Robert:male,William:male,Beth:female,Joyce:female,Colleen:female",test
85f7a614-8da5-4c30-824d-90b301fc16a3,"('Gerald', 'Ronald')",father,son-mother-father,"['son', 'mother', 'father']","Gerald:male,Ralph:male,Imogene:female,Ronald:male,Joseph:male",test
8263a2c5-c778-4d8f-bad0-211dcbb853bb,"('Robert', 'Ronald')",father,daughter-mother-father,"['daughter', 'mother', 'father']","Robert:male,Evelyn:female,Beth:female,Ronald:male,Jesse:male",test
068bac6b-6343-4584-b617-7ce4a3a2c109,"('Ronald', 'Kelly')",granddaughter,wife-grandson-sister,"['wife', 'grandson', 'sister']","Ronald:male,Joyce:female,Jared:male,Kelly:female,Samantha:female",test
2157c310-2d18-4346-b9c7-be9bd20b52f4,"('Willie', 'Ronald')",father,daughter-uncle-father,"['daughter', 'uncle', 'father']","Willie:male,Charlene:female,Louis:male,Ronald:male,Gerald:male",test
734562f5-598a-40b2-8078-362d215998b1,"('Willie', 'Joyce')",mother,sister-son-grandmother,"['sister', 'son', 'grandmother']","Willie:male,Imogene:female,Ralph:male,Joyce:female,Jacob:male",test
c64ba39c-50a2-44fc-8d6a-d7d8d03a043c,"('Joyce', 'Denise')",granddaughter,husband-daughter-daughter,"['husband', 'daughter', 'daughter']","Joyce:female,Ronald:male,Samantha:female,Denise:female,Charles:male",test
8c4b5d17-9349-47eb-8730-258a6ea72517,"('Gerald', 'Ronald')",father,son-mother-father,"['son', 'mother', 'father']","Gerald:male,Ralph:male,Imogene:female,Ronald:male,Edward:male",test
513c91c8-8462-455b-ba72-256a62f1a7ae,"('Gregory', 'John')",father,daughter-uncle-father,"['daughter', 'uncle', 'father']","Gregory:male,Pauline:female,Carlos:male,John:male,Verna:female,Rudolph:male",test
1a0c99b3-cb4d-48ad-92a6-f7682b40b06d,"('Imogene', 'Joyce')",mother,sister-son-grandmother,"['sister', 'son', 'grandmother']","Imogene:female,Samantha:female,Jared:male,Joyce:female,Scott:male",test
28aec4c6-395b-4b98-aae3-16efe1493422,"('Ronald', 'Vanessa')",granddaughter,wife-grandson-sister,"['wife', 'grandson', 'sister']","Ronald:male,Joyce:female,James:male,Vanessa:female,Robert:male",test
99f6d6af-693c-4250-b7bb-443ae5a87520,"('Gerald', 'Ronald')",father,son-mother-father,"['son', 'mother', 'father']","Gerald:male,Ralph:male,Imogene:female,Ronald:male,Jacob:male",test
c55e2a8b-8697-40bd-ad71-d9905388de06,"('Ronald', 'Evelyn')",granddaughter,wife-grandson-sister,"['wife', 'grandson', 'sister']","Ronald:male,Joyce:female,James:male,Evelyn:female,Robert:male",test
ca23d476-b502-4209-b6ec-57bfb80ce213,"('Robert', 'Ronald')",father,daughter-mother-father,"['daughter', 'mother', 'father']","Robert:male,Evelyn:female,Beth:female,Ronald:male,James:male",test
57f249d2-ba36-4c93-8daa-341f84be6e96,"('Louis', 'Joyce')",mother,sister-son-grandmother,"['sister', 'son', 'grandmother']","Louis:male,Imogene:female,Edward:male,Joyce:female,Jared:male",test
73f195e0-fe27-45e5-927d-a7f1ddce2cc8,"('Louis', 'Joyce')",mother,son-mother-mother,"['son', 'mother', 'mother']","Louis:male,Jared:male,Samantha:female,Joyce:female,Beth:female",test
09c25dbd-596f-4bcb-ace3-dbf39be1bf89,"('Robert', 'Ronald')",father,son-mother-father,"['son', 'mother', 'father']","Robert:male,Jesse:male,Beth:female,Ronald:male,Willie:male",test
ffbcff3e-f6a0-4fce-a096-f55ede85e1a5,"('Louis', 'Ronald')",father,daughter-mother-father,"['daughter', 'mother', 'father']","Louis:male,Candace:female,Samantha:female,Ronald:male,Scott:male",test
bb030614-9e59-429e-93ab-ff56dd582f0f,"('Joyce', 'Charlene')",granddaughter,husband-daughter-daughter,"['husband', 'daughter', 'daughter']","Joyce:female,Ronald:male,Kathy:female,Charlene:female,Willie:male",test
a426e7ba-7281-41d6-a89c-f065eea88e0d,"('Louis', 'Joyce')",mother,sister-son-grandmother,"['sister', 'son', 'grandmother']","Louis:male,Beth:female,James:male,Joyce:female,Jesse:male",test
6f1f36ae-b4ee-4d0c-9176-f03762c4f1b0,"('Ronald', 'Vanessa')",granddaughter,wife-grandson-sister,"['wife', 'grandson', 'sister']","Ronald:male,Joyce:female,Christopher:male,Vanessa:female,Beth:female",test
195493f4-6edd-4b88-87f5-d48b85032807,"('Gerald', 'Joyce')",mother,son-mother-mother,"['son', 'mother', 'mother']","Gerald:male,Ralph:male,Imogene:female,Joyce:female,Joseph:male",test
d17d6edb-c844-4383-8fe9-b3d79815a662,"('Kathy', 'Ronald')",father,daughter-uncle-father,"['daughter', 'uncle', 'father']","Kathy:female,Jennifer:female,Louis:male,Ronald:male,Jose:male",test
c91b3a1e-9a2b-4b6e-802d-e35d39a09b34,"('Joyce', 'Jennifer')",granddaughter,husband-daughter-daughter,"['husband', 'daughter', 'daughter']","Joyce:female,Ronald:male,Kathy:female,Jennifer:female,Robert:male",test
04e7b1f4-e041-4bf5-8e9d-623cfa0c09fd,"('Robert', 'Ronald')",father,daughter-uncle-father,"['daughter', 'uncle', 'father']","Robert:male,Nancy:female,Louis:male,Ronald:male,Vanessa:female",test
4ae39709-70eb-4494-8b67-942de6efd11a,"('Carlos', 'John')",father,son-mother-father,"['son', 'mother', 'father']","Carlos:male,Stephen:male,Demetra:female,John:male,Lillian:female,Pauline:female",test
ac35e83e-8640-4f32-bd19-a2cbbe9ad606,"('Louis', 'Ronald')",father,daughter-uncle-father,"['daughter', 'uncle', 'father']","Louis:male,Candace:female,Gerald:male,Ronald:male,Samantha:female",test
108bfd0c-bbf0-4efb-afd8-db77a37b4070,"('Karen', 'Felicia')",granddaughter,husband-daughter-daughter,"['husband', 'daughter', 'daughter']","Karen:female,John:male,Verna:female,Felicia:female,Demetra:female,Stephen:male",test
8b5b2eec-e4f8-4054-ae92-3e282641d038,"('Louis', 'Ronald')",father,daughter-mother-father,"['daughter', 'mother', 'father']","Louis:male,Candace:female,Samantha:female,Ronald:male,Imogene:female",test
73b209c6-dc9c-49d5-8b08-0471740df1df,"('Gerald', 'Joyce')",mother,sister-son-grandmother,"['sister', 'son', 'grandmother']","Gerald:male,Samantha:female,Jared:male,Joyce:female,Willie:male",test
2e450bc2-b239-4c9a-854f-9b491aa12fd8,"('Samantha', 'Ronald')",father,daughter-uncle-father,"['daughter', 'uncle', 'father']","Samantha:female,Kelly:female,Gerald:male,Ronald:male,Beth:female",test
b0f54694-03c4-4010-9852-bb28f0bd8037,"('Louis', 'Ronald')",father,daughter-mother-father,"['daughter', 'mother', 'father']","Louis:male,Alice:female,Samantha:female,Ronald:male,Candace:female",test
34ee4baa-38e6-49d4-8fc8-0ee7950cb399,"('Joyce', 'Kelly')",granddaughter,husband-daughter-daughter,"['husband', 'daughter', 'daughter']","Joyce:female,Ronald:male,Samantha:female,Kelly:female,Imogene:female",test
6b03ca69-b9a8-4b9e-b76e-b728a887e6d1,"('Willie', 'Joyce')",mother,sister-son-grandmother,"['sister', 'son', 'grandmother']","Willie:male,Samantha:female,Charles:male,Joyce:female,Louis:male",test
e7d86058-d21f-458e-95c6-de6f648cee36,"('Louis', 'Ronald')",father,son-mother-father,"['son', 'mother', 'father']","Louis:male,Charles:male,Samantha:female,Ronald:male,Candace:female",test
429e6d79-5688-4b22-95d1-0066d2ea8173,"('Gerald', 'Joyce')",mother,son-mother-mother,"['son', 'mother', 'mother']","Gerald:male,Edward:male,Imogene:female,Joyce:female,Ralph:male",test
4708fcbe-4907-4cb4-9b46-30fa74854b8c,"('Ronald', 'Evelyn')",granddaughter,wife-grandson-sister,"['wife', 'grandson', 'sister']","Ronald:male,Joyce:female,James:male,Evelyn:female,Jesse:male",test
956d60e3-ec94-4600-b412-ecd09fce291e,"('Gerald', 'Joyce')",mother,son-mother-mother,"['son', 'mother', 'mother']","Gerald:male,Edward:male,Imogene:female,Joyce:female,Ralph:male",test
58da2390-691f-4c3d-9887-b52873677bd7,"('Joyce', 'Brenda')",granddaughter,husband-daughter-daughter,"['husband', 'daughter', 'daughter']","Joyce:female,Ronald:male,Imogene:female,Brenda:female,Samantha:female",test
b68f0bee-0f57-4119-891d-59879b63317f,"('Louis', 'Ronald')",father,daughter-mother-father,"['daughter', 'mother', 'father']","Louis:male,Candace:female,Samantha:female,Ronald:male,Imogene:female",test
9acfbe65-0b5f-4742-afa7-ca4972d254b5,"('Joyce', 'Gertrude')",granddaughter,husband-daughter-daughter,"['husband', 'daughter', 'daughter']","Joyce:female,Ronald:male,Imogene:female,Gertrude:female,Louis:male",test
803b236b-2ae6-498a-ac9c-40a9cad1bafe,"('Imogene', 'Ronald')",father,daughter-uncle-father,"['daughter', 'uncle', 'father']","Imogene:female,Rachel:female,Willie:male,Ronald:male,Gerald:male",test
71a59eb3-a5a5-4d10-b0d6-37b8ed31ed7c,"('Ronald', 'Vanessa')",granddaughter,wife-grandson-sister,"['wife', 'grandson', 'sister']","Ronald:male,Joyce:female,Christopher:male,Vanessa:female,Robert:male",test
563f9588-4df9-49c2-aeb3-1653dfbcf1ab,"('Robert', 'Joyce')",mother,son-mother-mother,"['son', 'mother', 'mother']","Robert:male,William:male,Beth:female,Joyce:female,Christopher:male",test
b5a19598-2ebb-4402-813a-7df4707e96db,"('John', 'Virginia')",granddaughter,wife-grandson-sister,"['wife', 'grandson', 'sister']","John:male,Karen:female,Ramiro:male,Virginia:female,Verna:female,Gregory:male",test
194ed9ce-ef56-4187-88fa-3f681721212f,"('Beverly', 'John')",father,daughter-uncle-father,"['daughter', 'uncle', 'father']","Beverly:female,Virginia:female,Carlos:male,John:male,Ramiro:male,Demetra:female",test
2bc0b7db-226e-49c9-914f-eb9a8012ec13,"('Karen', 'Helen')",granddaughter,husband-daughter-daughter,"['husband', 'daughter', 'daughter']","Karen:female,John:male,Demetra:female,Helen:female,Robert:male,Patricia:female",test
b87678da-97dd-4771-8f2e-7098c32e0064,"('Robert', 'Karen')",mother,sister-son-grandmother,"['sister', 'son', 'grandmother']","Robert:male,Verna:female,Allen:male,Karen:female,John:male,Amber:female",test
87e34db4-6c8a-4faf-bf6e-fe700422d6d7,"('Carlos', 'Karen')",mother,son-mother-mother,"['son', 'mother', 'mother']","Carlos:male,George:male,Demetra:female,Karen:female,Javier:male,Paulette:female",test
4cd1c62c-8fba-4468-afbf-58db2edfd2e1,"('Gregory', 'John')",father,son-mother-father,"['son', 'mother', 'father']","Gregory:male,Allen:male,Verna:female,John:male,Beverly:female,Malcolm:male",test
aefc282e-9b02-4cc6-8001-dd2a6155eb0c,"('Verna', 'Karen')",mother,sister-son-grandmother,"['sister', 'son', 'grandmother']","Verna:female,Demetra:female,Daniel:male,Karen:female,Robert:male,Wesley:male",test
14dfc76f-42fc-46e3-9b6b-b30c400f76b9,"('Demetra', 'Karen')",mother,sister-son-grandmother,"['sister', 'son', 'grandmother']","Demetra:female,Verna:female,Wesley:male,Karen:female,Beverly:female,Rudolph:male",test
644c94c7-a52a-4dd7-afb4-052c199322a3,"('Andy', 'Karen')",mother,son-mother-mother,"['son', 'mother', 'mother']","Andy:male,Stanley:male,Lauren:female,Karen:female,Beverly:female,Allen:male",test
735fddb7-2f24-4e0d-ab2a-b5720289ace5,"('Robert', 'John')",father,daughter-uncle-father,"['daughter', 'uncle', 'father']","Robert:male,Katherine:female,Carlos:male,John:male,Stanley:male,Verna:female",test
599bfdc5-4591-46c6-9457-86eaf20c0aa4,"('Karen', 'Gwendolyn')",granddaughter,husband-daughter-daughter,"['husband', 'daughter', 'daughter']","Karen:female,John:male,Verna:female,Gwendolyn:female,Demetra:female,Daniel:male",test
904e454e-03e4-4645-9bf7-ef667509ac95,"('John', 'Willene')",granddaughter,wife-grandson-sister,"['wife', 'grandson', 'sister']","John:male,Karen:female,Stanley:male,Willene:female,Linda:female,Judith:female",test
893bc6c8-3f9b-441c-9d25-fcea47cde2ad,"('John', 'Kathleen')",granddaughter,wife-grandson-sister,"['wife', 'grandson', 'sister']","John:male,Karen:female,Aaron:male,Kathleen:female,Andy:male,Jacob:male",test
b28eeefe-283e-485f-b4fe-94f7d24bf7eb,"('Maria', 'Stephen')",uncle,brother-brother-mother-mother-husband-son-brother,"['brother', 'brother', 'mother', 'mother', 'husband', 'son', 'brother']","Maria:female,Harry:male,Paul:male,Gayle:female,Madonna:female,James:male,Carlos:male,Stephen:male",test
97156704-1dfe-4af2-911b-3708b2b321b8,"('William', 'Harry')",nephew,mother-daughter-daughter-brother-sister-father-son,"['mother', 'daughter', 'daughter', 'brother', 'sister', 'father', 'son']","William:male,Madonna:female,Gayle:female,Susan:female,Paul:male,Carlos:male,Harry:male",test
85515db9-4f91-45be-8d62-ab1245d49157,"('Mary', 'Bertha')",niece,sister-father-son-brother-brother-wife-daughter,"['sister', 'father', 'son', 'brother', 'brother', 'wife', 'daughter']","Mary:female,Jennifer:female,James:male,Daniel:male,William:male,Stephen:male,Bertha:female",test
c46b35ec-3768-4556-9786-8edd10b1050c,"('Bonnie', 'Alfredo')",nephew,sister-sister-husband-son-brother-brother,"['sister', 'sister', 'husband', 'son', 'brother', 'brother']","Bonnie:female,Dorothy:female,Erica:female,Joseph:male,Patrick:male,Michael:male,Alfredo:male",test
cbd5f32e-8d23-4678-8a55-21701f626659,"('Charlsie', 'Mary')",grandmother,father-daughter-brother-sister-brother-grandmother,"['father', 'daughter', 'brother', 'sister', 'brother', 'grandmother']","Charlsie:female,Robert:male,James:male,Ronald:male,Mary:female",test
01d727b0-1935-41ef-864f-f5d46881be04,"('Ronald', 'Dorothy')",aunt,sister-sister-father-mother-daughter-sister,"['sister', 'sister', 'father', 'mother', 'daughter', 'sister']","Ronald:male,Jon:female,Charlsie:female,Robert:male,Mary:female,Bonnie:female,Dorothy:female",test
5aa90258-e6d1-4272-92d8-f4c511177aa9,"('Joseph', 'Katherine')",sister,son-mother-son-grandfather-son-sister,"['son', 'mother', 'son', 'grandfather', 'son', 'sister']","Joseph:male,Michael:male,Erica:female,Ross:male,Daniel:male,Alvin:male,Katherine:female",test
7a1564f1-6abf-4b52-ab75-952a5555c7b7,"('Arthur', 'Bonnie')",aunt,brother-mother-sister-daughter-uncle-sister,"['brother', 'mother', 'sister', 'daughter', 'uncle', 'sister']","Arthur:male,Warren:male,Dorothy:female,Katherine:female,Charlsie:female,Alvin:male,Bonnie:female",test
57c812b2-eb52-4df0-89ed-eb133d932bf4,"('William', 'Mary')",grandmother,brother-brother-mother-sister-sister-mother,"['brother', 'brother', 'mother', 'sister', 'sister', 'mother']","William:male,Kenneth:male,Bonnie:female,Dorothy:female,Katherine:female,Mary:female",test
f535479f-9c70-44e6-9b57-707f976a6c10,"('Erica', 'Lilly')",niece,mother-husband-daughter-son-brother-sister,"['mother', 'husband', 'daughter', 'son', 'brother', 'sister']","Erica:female,Mary:female,Daniel:male,Dorothy:female,Arthur:male,Seth:male,Lilly:female",test
cca8929f-72e6-470b-9c85-cb31ce5d5310,"('Katherine', 'Patrick')",nephew,sister-mother-daughter-husband-son-brother,"['sister', 'mother', 'daughter', 'husband', 'son', 'brother']","Katherine:female,Dorothy:female,Mary:female,Erica:female,Joseph:male,Alfredo:male,Patrick:male",test
03e7aded-f98a-4d33-a3e9-1b3e8a8a3059,"('Mary', 'Kenneth')",grandson,son-son-aunt-husband-daughter-brother,"['son', 'son', 'aunt', 'husband', 'daughter', 'brother']","Mary:female,Alvin:male,Arthur:male,Bonnie:female,Clifton:male,Julie:female,Kenneth:male",test
b0065e07-f7cf-4578-a323-78f12436194e,"('Jon', 'Daniel')",grandfather,brother-mother-daughter-mother-son-grandfather,"['brother', 'mother', 'daughter', 'mother', 'son', 'grandfather']","Jon:female,James:male,Katherine:female,Charlsie:female,Ronald:male,Daniel:male",test
d69be797-5256-431a-ace2-48d2448737fe,"('Ross', 'Mary')",grandmother,brother-mother-son-brother-father-mother,"['brother', 'mother', 'son', 'brother', 'father', 'mother']","Ross:male,Alfredo:male,Erica:female,Patrick:male,Joseph:male,Mary:female",test
50287a6a-b21a-489b-b1ca-b3d74fb100a9,"('Warren', 'Erica')",aunt,sister-brother-sister-brother-father-sister,"['sister', 'brother', 'sister', 'brother', 'father', 'sister']","Warren:male,Lilly:female,Arthur:male,Seth:male,Alvin:male,Erica:female",test
d01f9f0d-c960-4b89-9be8-c1aaa673a963,"('Clifton', 'Charlsie')",niece,son-brother-mother-sister-sister-daughter,"['son', 'brother', 'mother', 'sister', 'sister', 'daughter']","Clifton:male,David:male,William:male,Bonnie:female,Erica:female,Katherine:female,Charlsie:female",test
d36b2be0-dff9-44a6-bdd7-916b546227d0,"('Bonnie', 'James')",nephew,sister-sister-son-sister-sister-brother,"['sister', 'sister', 'son', 'sister', 'sister', 'brother']","Bonnie:female,Dorothy:female,Katherine:female,Ronald:male,Charlsie:female,Jon:female,James:male",test
c44fef6b-7867-4734-ba94-135ca59a3f92,"('Dorothy', 'James')",nephew,sister-son-aunt-husband-daughter-brother,"['sister', 'son', 'aunt', 'husband', 'daughter', 'brother']","Dorothy:female,Erica:female,Patrick:male,Katherine:female,Robert:male,Jon:female,James:male",test
536b80b1-bb60-4389-b585-2d60fb648467,"('Jennifer', 'James')",father,daughter-sister-sister-brother-sister-father-father,"['daughter', 'sister', 'sister', 'brother', 'sister', 'father', 'father']","Jennifer:female,Bertha:female,Diane:female,Peter:male,Stephen:male,James:male",test
453ce3aa-c46c-4eac-a32b-d708c67a4f07,"('Daniel', 'William')",brother,son-brother-aunt-mother-daughter-daughter-uncle,"['son', 'brother', 'aunt', 'mother', 'daughter', 'daughter', 'uncle']","Daniel:male,Kyle:male,Michael:male,Mary:female,Madonna:female,Jennifer:female,Diane:female,William:male",test
a6cd6163-345e-4aa1-84f4-ba8240eb84bc,"('Mary', 'Alfred')",nephew,daughter-brother-grandmother-daughter-husband-son-brother,"['daughter', 'brother', 'grandmother', 'daughter', 'husband', 'son', 'brother']","Mary:female,Ruth:female,Jose:male,Madonna:female,Jennifer:female,Stephen:male,Peter:male,Alfred:male",test
67fe8b49-52e0-4a06-aeca-da84f10a173d,"('Marguerite', 'Jose')",nephew,son-aunt-sister-husband-son-sister-brother,"['son', 'aunt', 'sister', 'husband', 'son', 'sister', 'brother']","Marguerite:female,Kyle:male,Jennifer:female,Mary:female,William:male,George:male,Lisa:female,Jose:male",test
b2885dde-0f7c-40e9-a4be-176041c89aeb,"('Ethel', 'Mary')",aunt,mother-sister-brother-son-uncle-brother-sister,"['mother', 'sister', 'brother', 'son', 'uncle', 'brother', 'sister']","Ethel:female,Marguerite:female,Gayle:female,Stephen:male,Alfred:male,Carlos:male,Daniel:male,Mary:female",test
a67e4138-5654-447c-9703-e5fc33b669f7,"('Diane', 'Carlos')",uncle,brother-mother-daughter-brother-sister-mother-brother,"['brother', 'mother', 'daughter', 'brother', 'sister', 'mother', 'brother']","Diane:female,Peter:male,Jennifer:female,Bertha:female,Alfred:male,Carlos:male",test
9e88ca04-d66c-43a8-b05a-a2bdea59e51b,"('Peter', 'Daniel')",uncle,brother-father-daughter-sister-mother-son-uncle,"['brother', 'father', 'daughter', 'sister', 'mother', 'son', 'uncle']","Peter:male,Alfred:male,Stephen:male,Diane:female,Bertha:female,Jennifer:female,Daniel:male",test
e12aa34c-4f2a-4a39-8908-b3b496f3b9be,"('Stephen', 'Susan')",niece,daughter-brother-aunt-husband-son-brother-sister,"['daughter', 'brother', 'aunt', 'husband', 'son', 'brother', 'sister']","Stephen:male,Diane:female,Alfred:male,Gayle:female,Carlos:male,Paul:male,Harry:male,Susan:female",test
ce2a0ca9-6ab4-40d4-9268-ad845c8c7c7f,"('Michael', 'Madonna')",grandmother,father-son-brother-brother-sister-aunt-mother,"['father', 'son', 'brother', 'brother', 'sister', 'aunt', 'mother']","Michael:male,Daniel:male,Jerry:male,Ethel:female,Gayle:female,Madonna:female",test
1e36c721-dc6f-4a9a-b8cf-dfd19fc3a505,"('Gayle', 'Ruth')",niece,son-brother-father-daughter-aunt-brother-daughter,"['son', 'brother', 'father', 'daughter', 'aunt', 'brother', 'daughter']","Gayle:female,Paul:male,Harry:male,Carlos:male,Maria:female,Jennifer:female,William:male,Ruth:female",test
60648297-6182-45a8-a3cd-d9f48fbfdca7,"('Stephen', 'Mary')",sister,daughter-brother-uncle-sister-son-sister-aunt,"['daughter', 'brother', 'uncle', 'sister', 'son', 'sister', 'aunt']","Stephen:male,Bertha:female,Peter:male,Daniel:male,Jennifer:female,Alfred:male,Diane:female,Mary:female",test
4bbb59ce-749e-4dd8-be8d-19719a9e917f,"('Mary', 'Michael')",nephew,son-brother-sister-sister-aunt-husband-son,"['son', 'brother', 'sister', 'sister', 'aunt', 'husband', 'son']","Mary:female,Jose:male,George:male,Lisa:female,Ruth:female,Marguerite:female,Daniel:male,Michael:male",test
17bdc3ac-6ebc-4f53-ba1d-0e5498b36710,"('Warren', 'Bonnie')",aunt,brother-mother-husband-son-mother-sister,"['brother', 'mother', 'husband', 'son', 'mother', 'sister']","Warren:male,Arthur:male,Dorothy:female,Alvin:male,Seth:male,Bonnie:female",test
27193a0c-a715-4fb4-ae74-f597b4140ad3,"('George', 'Jennifer')",aunt,sister-sister-father-son-sister-mother-sister,"['sister', 'sister', 'father', 'son', 'sister', 'mother', 'sister']","George:male,Ruth:female,Lisa:female,William:male,Jose:male,Mary:female,Jennifer:female",test
2e170b28-a504-4d2f-ad3a-202e77c5d4f8,"('Alvin', 'Patrick')",nephew,mother-daughter-son-brother-brother-brother,"['mother', 'daughter', 'son', 'brother', 'brother', 'brother']","Alvin:male,Mary:female,Erica:female,Alfredo:male,Michael:male,Ross:male,Patrick:male",test
5aac5e45-76e9-4aac-94eb-b5ccdb856c68,"('Alfredo', 'Katherine')",aunt,mother-sister-sister-father-son-sister,"['mother', 'sister', 'sister', 'father', 'son', 'sister']","Alfredo:male,Erica:female,Dorothy:female,Bonnie:female,Daniel:male,Joseph:male,Katherine:female",test
beef3a7f-837d-4ef6-87ce-15e8fe351b40,"('Dorothy', 'Katherine')",sister,sister-son-grandmother-son-son-aunt,"['sister', 'son', 'grandmother', 'son', 'son', 'aunt']","Dorothy:female,Bonnie:female,David:male,Mary:female,Joseph:male,Michael:male,Katherine:female",test
cf8ccbb5-d2b6-4ac5-b39d-774f0b932866,"('Bonnie', 'Michael')",nephew,mother-son-sister-husband-son-brother,"['mother', 'son', 'sister', 'husband', 'son', 'brother']","Bonnie:female,Mary:female,Robert:male,Erica:female,Joseph:male,Ross:male,Michael:male",test
b525b64a-bb45-4be5-b24b-2f90a7969ea1,"('Katherine', 'William')",nephew,daughter-brother-sister-aunt-husband-son,"['daughter', 'brother', 'sister', 'aunt', 'husband', 'son']","Katherine:female,Jon:female,Ronald:male,Charlsie:female,Bonnie:female,Clifton:male,William:male",test
c9183a68-37d3-4e26-b935-52823c388d50,"('Charlsie', 'Erica')",aunt,mother-son-sister-father-mother-daughter,"['mother', 'son', 'sister', 'father', 'mother', 'daughter']","Charlsie:female,Katherine:female,James:male,Jon:female,Robert:male,Mary:female,Erica:female",test
011e2c64-ce9f-469d-bd21-0a887c5d705d,"('Joseph', 'Kenneth')",nephew,wife-son-brother-aunt-husband-son,"['wife', 'son', 'brother', 'aunt', 'husband', 'son']","Joseph:male,Erica:female,Ross:male,Michael:male,Bonnie:female,Clifton:male,Kenneth:male",test
4690a981-9a1b-4f57-94a4-705d6053d5aa,"('Arthur', 'Clifton')",uncle,brother-mother-daughter-father-son-uncle,"['brother', 'mother', 'daughter', 'father', 'son', 'uncle']","Arthur:male,Warren:male,Dorothy:female,Lilly:female,Alvin:male,Seth:male,Clifton:male",test
deee3dd9-3c56-45a3-b571-91bb156e2097,"('Lilly', 'Erica')",aunt,brother-father-son-mother-father-daughter,"['brother', 'father', 'son', 'mother', 'father', 'daughter']","Lilly:female,Warren:male,Alvin:male,Seth:male,Dorothy:female,Daniel:male,Erica:female",test
08e8f9e5-7d90-4d72-8351-29cb1d259b52,"('Alvin', 'William')",nephew,son-aunt-son-brother-father-son,"['son', 'aunt', 'son', 'brother', 'father', 'son']","Alvin:male,Seth:male,Bonnie:female,David:male,Kenneth:male,Clifton:male,William:male",test
0d3624f1-46ba-4490-93e5-17fa70c8f55c,"('Clifton', 'Erica')",sister,son-brother-brother-brother-mother-sister,"['son', 'brother', 'brother', 'brother', 'mother', 'sister']","Clifton:male,David:male,William:male,Kenneth:male,Bonnie:female,Erica:female",test
83423a25-8214-42bf-8539-e92c9b9a1848,"('Bonnie', 'Katherine')",sister,son-brother-grandfather-son-son-aunt,"['son', 'brother', 'grandfather', 'son', 'son', 'aunt']","Bonnie:female,William:male,Kenneth:male,Daniel:male,Alvin:male,Seth:male,Katherine:female",test
8266a7f9-3504-4d9c-8ac8-2254288661b2,"('Michael', 'Clifton')",uncle,mother-son-father-son-brother-uncle,"['mother', 'son', 'father', 'son', 'brother', 'uncle']","Michael:male,Erica:female,Patrick:male,Joseph:male,Ross:male,Clifton:male",test
8c5d962e-df20-4c88-a36c-9413c887ee4f,"('James', 'Bonnie')",aunt,sister-sister-father-daughter-brother-aunt,"['sister', 'sister', 'father', 'daughter', 'brother', 'aunt']","James:male,Charlsie:female,Jon:female,Robert:male,Ronald:male,Bonnie:female",test
a94353a6-ca3f-4f71-9f88-c89ee92dcfe9,"('Seth', 'Mary')",grandmother,brother-brother-sister-mother-son-grandmother,"['brother', 'brother', 'sister', 'mother', 'son', 'grandmother']","Seth:male,Warren:male,Arthur:male,Lilly:female,Dorothy:female,Mary:female",test
1fd7d9b5-4b0c-4fd1-923f-c484b7624c11,"('Katherine', 'Joseph')",brother,husband-son-sister-sister-sister-uncle,"['husband', 'son', 'sister', 'sister', 'sister', 'uncle']","Katherine:female,Robert:male,James:male,Jon:female,Charlsie:female,Joseph:male",test
a8a79d7a-df15-4aa3-aaf6-3f8b432c95dc,"('Erica', 'James')",nephew,son-brother-aunt-son-sister-brother,"['son', 'brother', 'aunt', 'son', 'sister', 'brother']","Erica:female,Patrick:male,Ross:male,Katherine:female,Ronald:male,Jon:female,James:male",test
4c52c4ea-10bb-4205-9b29-6e943a95cfea,"('Clifton', 'Alfredo')",nephew,wife-son-sister-aunt-husband-son,"['wife', 'son', 'sister', 'aunt', 'husband', 'son']","Clifton:male,Bonnie:female,Kenneth:male,Julie:female,Erica:female,Joseph:male,Alfredo:male",test
5ea4294f-64d0-42d8-b503-c0768c9ae505,"('Katherine', 'Erica')",sister,daughter-father-son-grandfather-daughter-sister,"['daughter', 'father', 'son', 'grandfather', 'daughter', 'sister']","Katherine:female,Charlsie:female,Robert:male,James:male,Daniel:male,Bonnie:female,Erica:female",test
a7d6ae04-973b-4ef8-822d-f66a68b180a1,"('Alvin', 'Mary')",mother,wife-son-sister-brother-brother-grandmother,"['wife', 'son', 'sister', 'brother', 'brother', 'grandmother']","Alvin:male,Dorothy:female,Arthur:male,Lilly:female,Warren:male,Seth:male,Mary:female",test
5dd1bc53-36cb-410c-a53b-235a6d5b5fa0,"('Katherine', 'David')",nephew,sister-mother-son-sister-husband-son,"['sister', 'mother', 'son', 'sister', 'husband', 'son']","Katherine:female,Dorothy:female,Mary:female,Robert:male,Bonnie:female,Clifton:male,David:male",test
d686447a-9b78-48c7-8651-8f9cab0573e9,"('Alvin', 'Ross')",nephew,sister-sister-father-daughter-son-brother,"['sister', 'sister', 'father', 'daughter', 'son', 'brother']","Alvin:male,Katherine:female,Dorothy:female,Daniel:male,Erica:female,Patrick:male,Ross:male",test
f4311edd-6c79-4faa-97f5-41b5bc8fa973,"('Mary', 'Erica')",daughter,daughter-brother-father-daughter-brother-sister,"['daughter', 'brother', 'father', 'daughter', 'brother', 'sister']","Mary:female,Katherine:female,Alvin:male,Daniel:male,Bonnie:female,Robert:male,Erica:female",test
8a7cfacf-e820-4bba-832b-dfbcd90eebfa,"('Michael', 'Erica')",mother,father-son-brother-brother-brother-mother,"['father', 'son', 'brother', 'brother', 'brother', 'mother']","Michael:male,Joseph:male,Ross:male,Alfredo:male,Patrick:male,Erica:female",test
5ee354d9-b29c-4cf7-925c-163b2f99af5d,"('Daniel', 'Michael')",grandson,wife-daughter-sister-sister-sister-son,"['wife', 'daughter', 'sister', 'sister', 'sister', 'son']","Daniel:male,Mary:female,Erica:female,Dorothy:female,Katherine:female,Michael:male",test
7d357641-d50f-40b3-9868-ff771f857166,"('Ross', 'Katherine')",aunt,brother-brother-father-son-father-sister,"['brother', 'brother', 'father', 'son', 'father', 'sister']","Ross:male,Patrick:male,Michael:male,Joseph:male,Alfredo:male,Katherine:female",test
415d9a37-71b5-42c3-9111-4b79ea3cd81c,"('Seth', 'Daniel')",grandfather,father-son-mother-son-mother-father,"['father', 'son', 'mother', 'son', 'mother', 'father']","Seth:male,Alvin:male,Arthur:male,Dorothy:female,Warren:male,Daniel:male",test
ba46e143-12f2-403e-836c-def6bbf7a5d3,"('Katherine', 'Seth')",nephew,sister-father-daughter-brother-sister-son,"['sister', 'father', 'daughter', 'brother', 'sister', 'son']","Katherine:female,Bonnie:female,Daniel:male,Dorothy:female,Joseph:male,Seth:male",test
963b178c-41bf-46bc-bd7c-215f1c47c106,"('William', 'Joseph')",uncle,father-son-sister-mother-son-uncle,"['father', 'son', 'sister', 'mother', 'son', 'uncle']","William:male,Clifton:male,David:male,Julie:female,Bonnie:female,Joseph:male",test
da2d8271-a579-4dbd-9bed-19d7343a676d,"('Joseph', 'Jon')",niece,son-grandmother-daughter-sister-son-sister,"['son', 'grandmother', 'daughter', 'sister', 'son', 'sister']","Joseph:male,Alfredo:male,Mary:female,Bonnie:female,Katherine:female,Ronald:male,Jon:female",test
cfd41f40-e81a-4278-8e52-bad007b71a0c,"('Madonna', 'Maria')",granddaughter,son-mother-daughter-sister-brother-sister-daughter,"['son', 'mother', 'daughter', 'sister', 'brother', 'sister', 'daughter']","Madonna:female,Daniel:male,Mary:female,Jennifer:female,William:male,Gayle:female,Maria:female",test
063b6e54-8386-44cb-82b7-08474b9f3c2d,"('Peter', 'James')",grandfather,sister-sister-father-brother-sister-sister-father,"['sister', 'sister', 'father', 'brother', 'sister', 'sister', 'father']","Peter:male,Diane:female,Bertha:female,Stephen:male,Carlos:male,Jennifer:female,Gayle:female,James:male",test
415fdf22-0a35-4ba7-b03a-fbd2412a383d,"('Marguerite', 'Maria')",niece,brother-brother-sister-daughter-brother-brother-sister,"['brother', 'brother', 'sister', 'daughter', 'brother', 'brother', 'sister']","Marguerite:female,Stephen:male,William:male,Gayle:female,Susan:female,Paul:male,Harry:male,Maria:female",test
9160a88e-ac62-4cb2-8c89-21d366448366,"('Maria', 'Donald')",brother,son-brother-sister-brother-sister-brother-father-brother,"['son', 'brother', 'sister', 'brother', 'sister', 'brother', 'father', 'brother']","Maria:female,Richard:male,Lucas:male,Leslie:female,Jeffery:male,James:male,Donald:male",test
6e2b6c75-8477-40e1-920a-c5858b0754bd,"('Paul', 'Marguerite')",aunt,sister-sister-mother-husband-son-sister-aunt,"['sister', 'sister', 'mother', 'husband', 'son', 'sister', 'aunt']","Paul:male,Susan:female,Maria:female,Gayle:female,Carlos:male,Harry:male,Marguerite:female",test
1f629d32-2f9b-4dd7-a7c8-fe95c2a598af,"('Gayle', 'Peter')",nephew,daughter-brother-uncle-son-sister-mother-son,"['daughter', 'brother', 'uncle', 'son', 'sister', 'mother', 'son']","Gayle:female,Susan:female,Paul:male,Stephen:male,Alfred:male,Bertha:female,Jennifer:female,Peter:male",test
9d4604e7-2931-40f4-b5f5-f2aff1f5ad04,"('Jennifer', 'Susan')",niece,father-son-son-aunt-son-brother-sister,"['father', 'son', 'son', 'aunt', 'son', 'brother', 'sister']","Jennifer:female,James:male,Daniel:male,Jerry:male,Gayle:female,Harry:male,Paul:male,Susan:female",test
a4db0302-9863-4938-991e-b57b5747f25c,"('Marguerite', 'Mary')",sister,son-brother-father-sister-sister-mother-daughter,"['son', 'brother', 'father', 'sister', 'sister', 'mother', 'daughter']","Marguerite:female,Kyle:male,Jerry:male,Daniel:male,Gayle:female,Jennifer:female,Madonna:female,Mary:female",test
ab5e5dba-4296-4664-a919-ed473b92566f,"('Daniel', 'Jerry')",son,son-sister-brother-brother-mother-daughter-brother,"['son', 'sister', 'brother', 'brother', 'mother', 'daughter', 'brother']","Daniel:male,Kyle:male,Ethel:female,Michael:male,Marguerite:female,Jerry:male",test
d86d22d3-1700-4081-9c18-cbadaba1fabd,"('Maria', 'James')",grandfather,brother-sister-brother-brother-sister-father-father,"['brother', 'sister', 'brother', 'brother', 'sister', 'father', 'father']","Maria:female,Paul:male,Susan:female,Harry:male,Carlos:male,James:male",test
fd26af28-67fa-410c-9cfb-a4dfb3f3f03d,"('James', 'Mary')",daughter,wife-daughter-daughter-aunt-daughter-uncle-sister,"['wife', 'daughter', 'daughter', 'aunt', 'daughter', 'uncle', 'sister']","James:male,Madonna:female,Gayle:female,Susan:female,Jennifer:female,Diane:female,Daniel:male,Mary:female",test
af3eafd9-8643-4624-80c5-066753b9be7d,"('William', 'Maria')",niece,mother-son-father-daughter-sister-son-sister,"['mother', 'son', 'father', 'daughter', 'sister', 'son', 'sister']","William:male,Madonna:female,Carlos:male,James:male,Jennifer:female,Gayle:female,Harry:male,Maria:female",test
4f3fa697-ebf9-4c3d-aba1-17c8672b2da1,"('Bertha', 'James')",grandfather,father-son-sister-father-daughter-brother-grandfather,"['father', 'son', 'sister', 'father', 'daughter', 'brother', 'grandfather']","Bertha:female,Stephen:male,Peter:male,Diane:female,Alfred:male,James:male",test
68909e8e-6e2f-4749-b184-d9173fdf223c,"('Stephen', 'Carlos')",brother,daughter-sister-mother-son-mother-father-son,"['daughter', 'sister', 'mother', 'son', 'mother', 'father', 'son']","Stephen:male,Diane:female,Bertha:female,Jennifer:female,Peter:male,James:male,Carlos:male",test
9783106b-2f72-4319-86fb-d6b712a3fa53,"('Carlos', 'Mary')",sister,son-mother-sister-son-brother-grandfather-daughter,"['son', 'mother', 'sister', 'son', 'brother', 'grandfather', 'daughter']","Carlos:male,Paul:male,Gayle:female,Jennifer:female,Alfred:male,Peter:male,James:male,Mary:female",test
28fe7bef-bca5-4ab0-b7e6-b4f04c6426c1,"('Daniel', 'George')",nephew,brother-son-uncle-son-sister-sister-brother,"['brother', 'son', 'uncle', 'son', 'sister', 'sister', 'brother']","Daniel:male,Stephen:male,Peter:male,William:male,Jose:male,Lisa:female,Ruth:female,George:male",test
2c051fde-902e-45c4-8a55-e8cd30dfd6a9,"('Gayle', 'Alfred')",nephew,husband-son-uncle-wife-son-sister-brother,"['husband', 'son', 'uncle', 'wife', 'son', 'sister', 'brother']","Gayle:female,Carlos:male,Harry:male,Stephen:male,Jennifer:female,Peter:male,Diane:female,Alfred:male",test
9f8816ff-1007-4e66-bed1-d1508f8891e8,"('Kathleen', 'Margaret')",aunt,sister-sister-father-daughter-mother-daughter-mother-daughter-uncle-sister,"['sister', 'sister', 'father', 'daughter', 'mother', 'daughter', 'mother', 'daughter', 'uncle', 'sister']","Kathleen:female,Mabel:female,Nadia:female,James:male,Ellen:female,Sharon:female,Steve:male,Margaret:female",test
6392c08b-a2b3-4350-acd3-cedc20fbd58f,"('Michael', 'Carlos')",uncle,sister-brother-father-mother-son-sister-brother,"['sister', 'brother', 'father', 'mother', 'son', 'sister', 'brother']","Michael:male,Ethel:female,Jerry:male,Daniel:male,Madonna:female,Jennifer:female,Carlos:male",test
4497e65e-f566-4b98-b4f8-69684610337a,"('Jennifer', 'Kyle')",nephew,son-aunt-daughter-brother-brother-sister-brother,"['son', 'aunt', 'daughter', 'brother', 'brother', 'sister', 'brother']","Jennifer:female,Alfred:male,Marguerite:female,Ethel:female,Michael:male,Jerry:male,Kyle:male",test
4887921e-c1b1-4a3f-a501-18fcb6e7e23c,"('James', 'Peter')",grandson,son-sister-mother-son-daughter-sister-brother,"['son', 'sister', 'mother', 'son', 'daughter', 'sister', 'brother']","James:male,Carlos:male,Mary:female,Madonna:female,Stephen:male,Bertha:female,Diane:female,Peter:male",test
7b1a84d3-470a-4b2e-8405-75d06dd43395,"('Harry', 'William')",uncle,mother-daughter-brother-father-sister-sister-brother,"['mother', 'daughter', 'brother', 'father', 'sister', 'sister', 'brother']","Harry:male,Gayle:female,Maria:female,Paul:male,Carlos:male,Marguerite:female,Jennifer:female,William:male",test
0dff806f-aea4-4896-b67a-7826c7b03266,"('Jennifer', 'Maria')",niece,son-brother-brother-grandmother-son-sister-daughter,"['son', 'brother', 'brother', 'grandmother', 'son', 'sister', 'daughter']","Jennifer:female,Alfred:male,Peter:male,Madonna:female,Daniel:male,Gayle:female,Maria:female",test
c8b24eeb-0ade-4cac-816a-d931484d4a90,"('Gayle', 'Bertha')",niece,father-son-son-sister-brother-mother-daughter,"['father', 'son', 'son', 'sister', 'brother', 'mother', 'daughter']","Gayle:female,James:male,Stephen:male,Alfred:male,Diane:female,Jennifer:female,Bertha:female",test
8c08ab74-22dd-494d-912a-4dca89567830,"('Carlos', 'Diane')",niece,brother-brother-sister-son-uncle-son-sister,"['brother', 'brother', 'sister', 'son', 'uncle', 'son', 'sister']","Carlos:male,Daniel:male,William:male,Gayle:female,Paul:male,Stephen:male,Peter:male,Diane:female",test
c34ac243-b7a4-4db6-9628-a15844c75447,"('Michael', 'Jennifer')",aunt,sister-brother-mother-daughter-aunt-brother-sister,"['sister', 'brother', 'mother', 'daughter', 'aunt', 'brother', 'sister']","Michael:male,Ethel:female,Jerry:male,Marguerite:female,Gayle:female,Daniel:male,Jennifer:female",test
85af7f3f-165e-40e7-a7fc-f729f6e0f0f7,"('Jennifer', 'Bertha')",daughter,husband-son-father-son-sister-father-daughter,"['husband', 'son', 'father', 'son', 'sister', 'father', 'daughter']","Jennifer:female,Stephen:male,Alfred:male,Peter:male,Diane:female,Bertha:female",test
c1e81dc9-1d8c-467c-98b7-6b0053e299ac,"('Susan', 'Marguerite')",aunt,brother-brother-sister-brother-father-sister-sister,"['brother', 'brother', 'sister', 'brother', 'father', 'sister', 'sister']","Susan:female,Harry:male,Paul:male,Maria:female,Carlos:male,Jennifer:female,Marguerite:female",test
11985f06-2819-4372-92ef-0d1b974bc928,"('Alfred', 'Carlos')",uncle,father-wife-daughter-brother-aunt-son-uncle,"['father', 'wife', 'daughter', 'brother', 'aunt', 'son', 'uncle']","Alfred:male,Stephen:male,Jennifer:female,Bertha:female,Peter:male,Marguerite:female,Jerry:male,Carlos:male",test
dad6777d-d07f-4dae-8077-261f25ef6b98,"('Marguerite', 'George')",nephew,son-brother-father-sister-brother-daughter-brother,"['son', 'brother', 'father', 'sister', 'brother', 'daughter', 'brother']","Marguerite:female,Kyle:male,Michael:male,Daniel:male,Gayle:female,William:male,Lisa:female,George:male",test
c19860ae-e357-4ec4-b2fa-385957bee383,"('Roger', 'Dallas')",uncle,father-daughter-father-daughter-mother-husband-daughter-uncle,"['father', 'daughter', 'father', 'daughter', 'mother', 'husband', 'daughter', 'uncle']","Roger:male,Manuel:male,Kim:female,Earline:female,Alice:female,Dallas:male",test
987b81da-9fa9-4352-8c28-bc31460f3389,"('Melody', 'Jeffery')",nephew,daughter-brother-sister-father-brother-son-sister-brother,"['daughter', 'brother', 'sister', 'father', 'brother', 'son', 'sister', 'brother']","Melody:female,Katherine:female,David:male,Shana:female,Dallas:male,James:male,Lucas:male,Leslie:female,Jeffery:male",test
a6d8733a-9da7-4c8b-9f85-93e4b24707fd,"('Luis', 'David')",grandson,daughter-brother-son-mother-brother-sister-daughter-brother,"['daughter', 'brother', 'son', 'mother', 'brother', 'sister', 'daughter', 'brother']","Luis:male,Alice:female,James:male,Lucas:male,Maria:female,Donald:male,Melody:female,Cecelia:female,David:male",test
fb5ed58c-ff12-499b-815d-7e9825f95270,"('Maria', 'Kim')",niece,son-brother-father-son-aunt-husband-daughter-sister,"['son', 'brother', 'father', 'son', 'aunt', 'husband', 'daughter', 'sister']","Maria:female,Jeffery:male,Richard:male,James:male,Lucas:male,Alice:female,Manuel:male,Earline:female,Kim:female",test
ebefed69-b4f7-4041-9fa0-9ede3fc9bd6a,"('William', 'Diane')",niece,daughter-aunt-daughter-uncle-wife-son-sister,"['daughter', 'aunt', 'daughter', 'uncle', 'wife', 'son', 'sister']","William:male,Lisa:female,Gayle:female,Maria:female,Stephen:male,Jennifer:female,Alfred:male,Diane:female",test
5adf1607-fd65-47b7-b686-1937c14a0912,"('Stephen', 'Gayle')",sister,son-sister-aunt-brother-son-brother-aunt,"['son', 'sister', 'aunt', 'brother', 'son', 'brother', 'aunt']","Stephen:male,Peter:male,Bertha:female,Marguerite:female,William:male,Jose:male,George:male,Gayle:female",test
b13c4689-9b2f-427f-a536-3e9ad53da5cb,"('Ruth', 'James')",grandfather,father-son-sister-mother-son-sister-grandfather,"['father', 'son', 'sister', 'mother', 'son', 'sister', 'grandfather']","Ruth:female,William:male,George:male,Lisa:female,Mary:female,Jose:male,James:male",test
b656a63d-bfc9-40a9-93cb-3362eccd73d4,"('Alfred', 'Daniel')",uncle,sister-brother-mother-daughter-aunt-father-son,"['sister', 'brother', 'mother', 'daughter', 'aunt', 'father', 'son']","Alfred:male,Diane:female,Peter:male,Jennifer:female,Bertha:female,Gayle:female,James:male,Daniel:male",test
d7e3be74-a7df-4791-9f46-2a15e6852fe0,"('Peter', 'Gayle')",aunt,sister-mother-daughter-brother-sister-father-sister,"['sister', 'mother', 'daughter', 'brother', 'sister', 'father', 'sister']","Peter:male,Bertha:female,Jennifer:female,Diane:female,Alfred:male,Stephen:male,Gayle:female",test
5b8f4bbb-a389-45a4-ba26-dba86a6eb597,"('Daniel', 'Jose')",nephew,wife-son-uncle-wife-daughter-brother-brother,"['wife', 'son', 'uncle', 'wife', 'daughter', 'brother', 'brother']","Daniel:male,Marguerite:female,Kyle:male,William:male,Mary:female,Lisa:female,George:male,Jose:male",test
90b5870a-ac95-4625-974b-ee3049b35d2d,"('Jennifer', 'Jose')",nephew,sister-son-father-son-father-brother-son,"['sister', 'son', 'father', 'son', 'father', 'brother', 'son']","Jennifer:female,Gayle:female,Harry:male,Carlos:male,Paul:male,William:male,Jose:male",test
d095bd53-7f1b-4353-91f0-d6092068ccff,"('Daniel', 'Peter')",nephew,brother-daughter-mother-brother-daughter-brother-brother,"['brother', 'daughter', 'mother', 'brother', 'daughter', 'brother', 'brother']","Daniel:male,Carlos:male,Susan:female,Gayle:female,Stephen:male,Diane:female,Alfred:male,Peter:male",test
03237b77-5a65-4213-b52d-f92d1792f000,"('Alfred', 'William')",uncle,sister-brother-mother-husband-son-father-brother,"['sister', 'brother', 'mother', 'husband', 'son', 'father', 'brother']","Alfred:male,Diane:female,Jennifer:female,Stephen:male,Peter:male,William:male",test
a1ac1b98-c37a-4b0e-a18d-75414ba3c2a4,"('Jennifer', 'Marguerite')",sister,husband-daughter-brother-brother-sister-father-sister,"['husband', 'daughter', 'brother', 'brother', 'sister', 'father', 'sister']","Jennifer:female,Stephen:male,Diane:female,Alfred:male,Peter:male,Bertha:female,Marguerite:female",test
797719ab-44cd-47b0-aaf4-501423ba8d13,"('Daniel', 'Maria')",niece,father-daughter-sister-sister-daughter-brother-sister,"['father', 'daughter', 'sister', 'sister', 'daughter', 'brother', 'sister']","Daniel:male,James:male,Gayle:female,Mary:female,Susan:female,Harry:male,Maria:female",test
b1f923a0-9f68-41c9-926a-1ea7462bff08,"('Marguerite', 'Michelle')",daughter-in-law,husband-daughter-brother-brother-father-son-wife,"['husband', 'daughter', 'brother', 'brother', 'father', 'son', 'wife']","Marguerite:female,Daniel:male,Ethel:female,Jerry:male,Michael:male,Kyle:male,Michelle:female",test
bb41e37a-23c1-4b80-b3d3-b9b70d2a56e4,"('Lisa', 'Stephen')",uncle,brother-brother-father-brother-brother-mother-son,"['brother', 'brother', 'father', 'brother', 'brother', 'mother', 'son']","Lisa:female,Jose:male,George:male,William:male,Daniel:male,Madonna:female,Stephen:male",test
118bcfc1-94e4-46e5-83a8-d012d33f8dcd,"('Alice', 'Orlando')",nephew,mother-daughter-sister-daughter-aunt-daughter-aunt-son,"['mother', 'daughter', 'sister', 'daughter', 'aunt', 'daughter', 'aunt', 'son']","Alice:female,Elizabeth:female,Melody:female,Marge:female,Jodi:female,Maria:female,Leslie:female,Orlando:male",test
3fe9ee4d-5807-43c1-8bc0-71a1016a0e48,"('George', 'Gayle')",aunt,sister-father-daughter-mother-son-mother-sister,"['sister', 'father', 'daughter', 'mother', 'son', 'mother', 'sister']","George:male,Lisa:female,William:male,Ruth:female,Mary:female,Jose:male,Gayle:female",test
0720cbd8-9c7a-4cdb-a257-e646552958c0,"('Mary', 'James')",father,husband-daughter-sister-brother-brother-sister-grandfather,"['husband', 'daughter', 'sister', 'brother', 'brother', 'sister', 'grandfather']","Mary:female,William:male,Ruth:female,Lisa:female,George:male,Jose:male,James:male",test
507a6a4a-9e9c-407e-bf54-bdc594a2875e,"('James', 'Harry')",grandson,son-son-brother-brother-uncle-sister-son,"['son', 'son', 'brother', 'brother', 'uncle', 'sister', 'son']","James:male,Daniel:male,Michael:male,Jerry:male,Kyle:male,Stephen:male,Gayle:female,Harry:male",test
37689dcc-a2e4-493f-afa7-d425aff40e54,"('Madonna', 'Susan')",granddaughter,daughter-daughter-brother-sister-aunt-daughter-sister,"['daughter', 'daughter', 'brother', 'sister', 'aunt', 'daughter', 'sister']","Madonna:female,Mary:female,Lisa:female,George:male,Ruth:female,Gayle:female,Maria:female,Susan:female",test
c66fc793-0ed8-4728-8e2c-fe6ab87ff642,"('Melody', 'Roger')",nephew,father-daughter-daughter-mother-daughter-brother-father-son,"['father', 'daughter', 'daughter', 'mother', 'daughter', 'brother', 'father', 'son']","Melody:female,Luis:male,Alice:female,Kim:female,Mary:female,Roger:male,Manuel:male",test
19250e0d-78af-478f-a2a5-12c38cfa6ee6,"('Luis', 'Kim')",granddaughter,son-son-aunt-daughter-aunt-daughter-brother-sister,"['son', 'son', 'aunt', 'daughter', 'aunt', 'daughter', 'brother', 'sister']","Luis:male,Donald:male,Edgar:male,Maria:female,Leslie:female,Alice:female,Earline:female,Roger:male,Kim:female",test
5ba1a514-78d3-4f1c-abe1-57ebeb442958,"('Luis', 'Lucas')",grandson,daughter-sister-mother-son-wife-son-sister-brother,"['daughter', 'sister', 'mother', 'son', 'wife', 'son', 'sister', 'brother']","Luis:male,Marge:female,Alice:female,Elizabeth:female,James:male,Maria:female,Richard:male,Leslie:female,Lucas:male",test
d561b91e-c573-41b2-ae3c-c3f3196d5fd9,"('Manuel', 'Lucas')",nephew,daughter-brother-uncle-daughter-brother-brother-brother-brother,"['daughter', 'brother', 'uncle', 'daughter', 'brother', 'brother', 'brother', 'brother']","Manuel:male,Kim:female,Roger:male,James:male,Leslie:female,Jeffery:male,Richard:male,Lucas:male",test
f2685ce0-b419-4fd0-8275-2946b6403f01,"('Donald', 'Richard')",nephew,daughter-grandfather-wife-son-daughter-sister-uncle-son,"['daughter', 'grandfather', 'wife', 'son', 'daughter', 'sister', 'uncle', 'son']","Donald:male,Bridget:female,Luis:male,Elizabeth:female,Manuel:male,Earline:female,Mary:female,James:male,Richard:male",test
83ce2935-d560-4023-bd75-124601407d84,"('James', 'Kim')",niece,son-brother-mother-son-aunt-daughter-father-daughter,"['son', 'brother', 'mother', 'son', 'aunt', 'daughter', 'father', 'daughter']","James:male,Jeffery:male,Richard:male,Maria:female,Lucas:male,Alice:female,Earline:female,Manuel:male,Kim:female",test
e2d593a0-5d27-4bbe-ab68-8d0954aedd08,"('Manuel', 'Jeffery')",nephew,daughter-sister-mother-son-uncle-son-sister-brother,"['daughter', 'sister', 'mother', 'son', 'uncle', 'son', 'sister', 'brother']","Manuel:male,Earline:female,Kim:female,Alice:female,Roger:male,James:male,Richard:male,Leslie:female,Jeffery:male",test
7f125984-94c0-41d0-9a02-819f351ba0d5,"('Lucas', 'James')",father,mother-son-brother-brother-sister-brother-sister-father,"['mother', 'son', 'brother', 'brother', 'sister', 'brother', 'sister', 'father']","Lucas:male,Maria:female,Jeffery:male,Leslie:female,Richard:male,James:male",test
49f4e837-3c80-4ce8-8b77-962d730638c0,"('Manuel', 'Maria')",sister,son-mother-daughter-sister-sister-sister-mother-sister,"['son', 'mother', 'daughter', 'sister', 'sister', 'sister', 'mother', 'sister']","Manuel:male,Roger:male,Alice:female,Mary:female,Kim:female,Earline:female,Maria:female",test
2c3c1ae3-cb2e-49c7-813c-13dc9e3a5baf,"('Alice', 'John')",nephew,daughter-sister-grandfather-son-wife-daughter-brother-brother,"['daughter', 'sister', 'grandfather', 'son', 'wife', 'daughter', 'brother', 'brother']","Alice:female,Kim:female,Earline:female,Luis:male,Donald:male,Marge:female,Bridget:female,Edgar:male,John:male",test
9b910184-ffba-49a5-9cad-17592f4f07b1,"('Kyle', 'Stephen')",uncle,mother-son-brother-sister-father-brother-brother,"['mother', 'son', 'brother', 'sister', 'father', 'brother', 'brother']","Kyle:male,Marguerite:female,Michael:male,Jerry:male,Ethel:female,Daniel:male,William:male,Stephen:male",test
788fb43a-c1a0-43a3-ad35-9b7d0bdcc926,"('Gerald', 'Ronald')",father,son-mother-father,"['son', 'mother', 'father']","Gerald:male,Ralph:male,Imogene:female,Ronald:male,Brenda:female",test
dbc4e4af-cdbb-4341-b05d-d3b96a832b73,"('Jodi', 'Maria')",aunt,mother-sister-son-uncle-brother-brother-father-daughter,"['mother', 'sister', 'son', 'uncle', 'brother', 'brother', 'father', 'daughter']","Jodi:female,Marge:female,Alice:female,Roger:male,James:male,Dallas:male,Donald:male,Luis:male,Maria:female",test
bba81cfb-5c2b-4149-b1c5-5844a182282a,"('Luis', 'James')",son,daughter-brother-sister-husband-daughter-sister-sister-uncle,"['daughter', 'brother', 'sister', 'husband', 'daughter', 'sister', 'sister', 'uncle']","Luis:male,Marge:female,Manuel:male,Melody:female,Dallas:male,Katherine:female,Shana:female,Cecelia:female,James:male",test
4dfd9cb0-8f77-4e18-905c-c82f7b2ed2f3,"('William', 'Margaretta')",niece,mother-daughter-brother-daughter-sister,"['mother', 'daughter', 'brother', 'daughter', 'sister']","William:male,Antonia:female,Angela:female,Milton:male,Irene:female,Margaretta:female",test
1215e571-845b-409e-b6a8-d1bd1fb255c0,"('Henry', 'Melanie')",mother,brother-father-daughter-sister-mother,"['brother', 'father', 'daughter', 'sister', 'mother']","Henry:male,Benito:male,William:male,Thelma:female,Patricia:female,Melanie:female",test
0cf15fe6-0854-4666-aae5-ebe95bcb942e,"('Antonia', 'Nancy')",granddaughter,son-daughter-aunt-brother-daughter,"['son', 'daughter', 'aunt', 'brother', 'daughter']","Antonia:female,Milton:male,Arlene:female,Melanie:female,Samuel:male,Nancy:female",test
751515bf-833d-4096-ae14-0ac93bac224a,"('Adeline', 'Guadalupe')",aunt,father-daughter-sister-mother-sister,"['father', 'daughter', 'sister', 'mother', 'sister']","Adeline:female,Samuel:male,Nancy:female,Angela:female,Guadalupe:female",test
b720add1-eb4a-4885-8ef0-7e591e5a90f3,"('Angela', 'Lisa')",daughter-in-law,husband-daughter-sister-brother-wife,"['husband', 'daughter', 'sister', 'brother', 'wife']","Angela:female,Samuel:male,Nancy:female,Adeline:female,Gilbert:male,Lisa:female",test
6302c99a-c3ea-47ee-8e4c-55928b590c01,"('Melanie', 'Pat')",nephew,daughter-grandmother-son-daughter-brother,"['daughter', 'grandmother', 'son', 'daughter', 'brother']","Melanie:female,Thelma:female,Antonia:female,Milton:male,Arlene:female,Pat:male",test
26e4f26c-8fa3-41ad-8202-f0975476ed06,"('Guadalupe', 'Patricia')",niece,mother-son-daughter-brother-sister,"['mother', 'son', 'daughter', 'brother', 'sister']","Guadalupe:female,Antonia:female,William:male,Thelma:female,Benito:male,Patricia:female",test
cab19f53-5e35-4060-be88-fa18284fc0ec,"('Melanie', 'Gilbert')",nephew,son-sister-uncle-wife-son,"['son', 'sister', 'uncle', 'wife', 'son']","Melanie:female,Benito:male,Thelma:female,Samuel:male,Angela:female,Gilbert:male",test
19068a0b-8912-46bf-8409-16648308ee4f,"('Samuel', 'Henry')",nephew,brother-daughter-grandmother-son-son,"['brother', 'daughter', 'grandmother', 'son', 'son']","Samuel:male,Milton:male,Arlene:female,Antonia:female,William:male,Henry:male",test
dcf87e47-13be-4c23-b17c-e296b6e3cdf9,"('Donald', 'William')",brother,son-brother-brother-mother-brother,"['son', 'brother', 'brother', 'mother', 'brother']","Donald:male,Richard:male,Andrew:male,Jeremy:male,Victoria:female,William:male",test
ba872aa2-b68f-45a2-9f4a-92d52a58c0ce,"('Adeline', 'Jose')",grandfather,father-brother-sister-son-grandfather,"['father', 'brother', 'sister', 'son', 'grandfather']","Adeline:female,Samuel:male,Milton:male,Victoria:female,Jeremy:male,Jose:male",test
3d7f23c6-5b37-497e-bb57-5de5c8aa907d,"('Joseph', 'Angela')",mother-in-law,wife-brother-father-daughter-mother,"['wife', 'brother', 'father', 'daughter', 'mother']","Joseph:male,Hattie:female,Gilbert:male,Samuel:male,Adeline:female,Angela:female",test
c2bdeb88-aa80-4fc0-aad5-515684f1a573,"('Nancy', 'Samuel')",father,mother-daughter-mother-daughter-father,"['mother', 'daughter', 'mother', 'daughter', 'father']","Nancy:female,Angela:female,Hattie:female,Adeline:female,Samuel:male",test
ea6ce4ad-97a3-4c6c-958c-932704b7ebfc,"('Jose', 'Nancy')",granddaughter,wife-son-wife-daughter-sister,"['wife', 'son', 'wife', 'daughter', 'sister']","Jose:male,Antonia:female,Samuel:male,Angela:female,Adeline:female,Nancy:female",test
706d8852-72b7-4cb8-9723-250f1845ef93,"('Guadalupe', 'Angel')",son-in-law,husband-daughter-brother-sister-husband,"['husband', 'daughter', 'brother', 'sister', 'husband']","Guadalupe:female,Milton:male,Irene:female,Pat:male,Margaretta:female,Angel:male",test
73e94dc3-6273-471c-8c9b-36a6b9d4305c,"('Margaretta', 'Milton')",father,mother-son-sister-sister-father,"['mother', 'son', 'sister', 'sister', 'father']","Margaretta:female,Guadalupe:female,Pat:male,Irene:female,Arlene:female,Milton:male",test
8b391c26-d158-43e9-95de-2ff59e18d9e5,"('Benito', 'Jose')",grandfather,sister-father-daughter-mother-father,"['sister', 'father', 'daughter', 'mother', 'father']","Benito:male,Thelma:female,William:male,Patricia:female,Melanie:female,Jose:male",test
ec1c56e2-0e56-43fd-9921-9592b52f72be,"('Milton', 'Benito')",nephew,son-sister-sister-uncle-son,"['son', 'sister', 'sister', 'uncle', 'son']","Milton:male,Pat:male,Irene:female,Arlene:female,William:male,Benito:male",test
0057eda6-1ca8-4950-9b59-b3e843557a52,"('Victoria', 'Guadalupe')",sister,son-brother-brother-father-sister,"['son', 'brother', 'brother', 'father', 'sister']","Victoria:female,Richard:male,Charles:male,Donald:male,Guadalupe:female",test
0a3b4de2-2927-4ef1-a073-aa4fe8e4f2c6,"('Irene', 'Guadalupe')",mother,father-daughter-father-daughter-mother,"['father', 'daughter', 'father', 'daughter', 'mother']","Irene:female,Milton:male,Arlene:female,Margaretta:female,Guadalupe:female",test
85e003d6-09e9-44cf-8353-14e716841f0e,"('Charles', 'Angela')",aunt,father-son-mother-father-daughter,"['father', 'son', 'mother', 'father', 'daughter']","Charles:male,Donald:male,Andrew:male,Victoria:female,Jose:male,Angela:female",test
63d8f6da-d52a-4e4b-9e62-24456607d824,"('Angela', 'Irene')",niece,brother-son-mother-daughter-sister,"['brother', 'son', 'mother', 'daughter', 'sister']","Angela:female,Milton:male,Pat:male,Guadalupe:female,Arlene:female,Irene:female",test
ab90afc6-f47c-47a8-a7d8-1cee5b505d72,"('Melanie', 'Adeline')",niece,son-sister-brother-uncle-daughter,"['son', 'sister', 'brother', 'uncle', 'daughter']","Melanie:female,Henry:male,Patricia:female,Benito:male,Samuel:male,Adeline:female",test
0dbda9d8-23ff-4ff2-8743-d2ac18a38307,"('Henry', 'Victoria')",aunt,sister-sister-mother-brother-sister,"['sister', 'sister', 'mother', 'brother', 'sister']","Henry:male,Thelma:female,Patricia:female,Melanie:female,Milton:male,Victoria:female",test
fc8aa912-6bcc-4457-ba61-70e0b934e6d3,"('William', 'Jose')",father,son-brother-sister-sister-grandfather,"['son', 'brother', 'sister', 'sister', 'grandfather']","William:male,Benito:male,Henry:male,Patricia:female,Thelma:female,Jose:male",test
dbbb0c11-863d-4e20-890a-cb6425c6a0a5,"('Antonia', 'Guadalupe')",daughter,daughter-brother-daughter-mother-sister,"['daughter', 'brother', 'daughter', 'mother', 'sister']","Antonia:female,Victoria:female,Samuel:male,Adeline:female,Angela:female,Guadalupe:female",test
6f240340-deea-4217-a8b4-a34157b5d840,"('Milton', 'Andrew')",nephew,mother-son-sister-sister-son,"['mother', 'son', 'sister', 'sister', 'son']","Milton:male,Antonia:female,William:male,Guadalupe:female,Victoria:female,Andrew:male",test
7b4e47c2-dadc-4940-ba3d-6adf6b5c3b51,"('Antonia', 'Thelma')",granddaughter,daughter-brother-daughter-brother-sister,"['daughter', 'brother', 'daughter', 'brother', 'sister']","Antonia:female,Guadalupe:female,William:male,Patricia:female,Henry:male,Thelma:female",test
d1ab445f-4651-4767-b937-4a706b441fae,"('Victoria', 'Hattie')",niece,son-grandmother-husband-son-daughter,"['son', 'grandmother', 'husband', 'son', 'daughter']","Victoria:female,Richard:male,Antonia:female,Jose:male,Samuel:male,Hattie:female",test
3b6c9594-a2a6-46f4-a761-19fbdffdac8c,"('Victoria', 'Nancy')",niece,brother-wife-son-sister-sister,"['brother', 'wife', 'son', 'sister', 'sister']","Victoria:female,Samuel:male,Angela:female,Gilbert:male,Hattie:female,Nancy:female",test
0fcc4f03-60d0-46e2-b1bd-d0424d12a2fc,"('Milton', 'Samuel')",brother,son-sister-sister-grandfather-son,"['son', 'sister', 'sister', 'grandfather', 'son']","Milton:male,Pat:male,Margaretta:female,Irene:female,Jose:male,Samuel:male",test
9a34abe4-36d2-4b18-9950-1857aa920af1,"('Katherine', 'Anna')",daughter-in-law,daughter-brother-father-daughter-brother-wife,"['daughter', 'brother', 'father', 'daughter', 'brother', 'wife']","Katherine:female,Jon:female,Ronald:male,Robert:male,Charlsie:female,James:male,Anna:female",test
2a91d1ee-9116-48ce-9ab7-9cc65045705f,"('Katherine', 'Lilly')",niece,husband-daughter-brother-sister-aunt-daughter,"['husband', 'daughter', 'brother', 'sister', 'aunt', 'daughter']","Katherine:female,Robert:male,Jon:female,James:male,Charlsie:female,Dorothy:female,Lilly:female",test
1c9202c9-1f58-4dd7-9784-c23d556ada8e,"('Victoria', 'Patricia')",niece,mother-son-son-sister-sister,"['mother', 'son', 'son', 'sister', 'sister']","Victoria:female,Antonia:female,William:male,Henry:male,Thelma:female,Patricia:female",test
483d1ebf-af0c-42d6-83e7-6f970ded2d67,"('Jose', 'Hattie')",granddaughter,son-daughter-sister-brother-sister,"['son', 'daughter', 'sister', 'brother', 'sister']","Jose:male,Samuel:male,Nancy:female,Adeline:female,Gilbert:male,Hattie:female",test
73726472-5797-4c5b-a144-48846734ec02,"('Thelma', 'Guadalupe')",aunt,mother-son-sister-father-sister,"['mother', 'son', 'sister', 'father', 'sister']","Thelma:female,Melanie:female,Benito:male,Patricia:female,William:male,Guadalupe:female",test
b8c2b989-2093-46f5-8cff-9de97d0c5cac,"('Donald', 'Nancy')",niece,son-brother-uncle-brother-daughter,"['son', 'brother', 'uncle', 'brother', 'daughter']","Donald:male,Jeremy:male,Richard:male,Milton:male,Samuel:male,Nancy:female",test
1fe4333a-ebac-4aa3-93be-4ae54f7f273d,"('Samuel', 'Thelma')",niece,daughter-grandfather-son-son-sister,"['daughter', 'grandfather', 'son', 'son', 'sister']","Samuel:male,Adeline:female,Jose:male,William:male,Benito:male,Thelma:female",test
ca234d53-166c-483e-988a-59f8ccd96586,"('Victoria', 'William')",brother,son-brother-father-son-uncle,"['son', 'brother', 'father', 'son', 'uncle']","Victoria:female,Richard:male,Jeremy:male,Donald:male,Charles:male,William:male",test
815b202e-dbde-4c2f-a3bf-59342e32ad9d,"('Adeline', 'Victoria')",aunt,sister-mother-son-grandfather-daughter,"['sister', 'mother', 'son', 'grandfather', 'daughter']","Adeline:female,Nancy:female,Angela:female,Gilbert:male,Jose:male,Victoria:female",test
98869bb4-2f49-41d8-bf59-c067a98645aa,"('Nancy', 'Milton')",uncle,sister-brother-sister-mother-brother,"['sister', 'brother', 'sister', 'mother', 'brother']","Nancy:female,Hattie:female,Gilbert:male,Angela:female,Milton:male",test
88fb02c9-a130-419d-80a2-e30c59dedf82,"('Margaretta', 'Samuel')",uncle,brother-sister-mother-daughter-uncle,"['brother', 'sister', 'mother', 'daughter', 'uncle']","Margaretta:female,Pat:male,Arlene:female,Guadalupe:female,Samuel:male",test
a3894f97-8c9a-4309-9481-cf3e4d860d49,"('Pat', 'Melanie')",aunt,sister-mother-husband-daughter-aunt,"['sister', 'mother', 'husband', 'daughter', 'aunt']","Pat:male,Margaretta:female,Guadalupe:female,Milton:male,Melanie:female",test
87ce695e-a0cf-4fc0-9e50-bfcba72394c9,"('Guadalupe', 'Andrew')",nephew,daughter-father-sister-son-brother,"['daughter', 'father', 'sister', 'son', 'brother']","Guadalupe:female,Arlene:female,Milton:male,Victoria:female,Jeremy:male,Andrew:male",test
5484c12f-1cd5-4353-b97d-c9a05f2d8fb7,"('Gilbert', 'Antonia')",grandmother,father-daughter-mother-daughter-grandmother,"['father', 'daughter', 'mother', 'daughter', 'grandmother']","Gilbert:male,Samuel:male,Adeline:female,Angela:female,Hattie:female,Antonia:female",test
c4564298-6931-4b6e-819a-55aadfdd1c9a,"('Hattie', 'William')",uncle,sister-mother-daughter-aunt-brother,"['sister', 'mother', 'daughter', 'aunt', 'brother']","Hattie:female,Adeline:female,Angela:female,Victoria:female,William:male",test
73317795-fb78-4d18-9df6-0a4c4cb69d2c,"('Benito', 'Victoria')",aunt,sister-sister-mother-mother-daughter,"['sister', 'sister', 'mother', 'mother', 'daughter']","Benito:male,Patricia:female,Thelma:female,Melanie:female,Antonia:female,Victoria:female",test
cdbb57ce-8436-48a1-b588-8063387bbfb4,"('Donald', 'Arlene')",niece,brother-daughter-brother-sister-sister,"['brother', 'daughter', 'brother', 'sister', 'sister']","Donald:male,Milton:male,Margaretta:female,Pat:male,Irene:female,Arlene:female",test
cd0ef023-eaff-4cbf-a07a-71f777769a47,"('Angela', 'Melanie')",sister,son-sister-father-daughter-aunt,"['son', 'sister', 'father', 'daughter', 'aunt']","Angela:female,Gilbert:male,Hattie:female,Samuel:male,Nancy:female,Melanie:female",test
4c969b6e-dcb2-4537-934a-869e581c0f01,"('Rebecca', 'Victoria')",mother-in-law,husband-brother-brother-brother-mother,"['husband', 'brother', 'brother', 'brother', 'mother']","Rebecca:female,Richard:male,Charles:male,Jeremy:male,Victoria:female",test
e49092ca-ea74-4540-9b65-e9b773426a3d,"('Antonia', 'Pat')",grandson,daughter-brother-wife-daughter-brother,"['daughter', 'brother', 'wife', 'daughter', 'brother']","Antonia:female,Melanie:female,Milton:male,Guadalupe:female,Margaretta:female,Pat:male",test
8002f8cc-1c1d-4679-980b-9bffa24ca0c4,"('Milton', 'Jeremy')",nephew,father-daughter-son-brother-brother,"['father', 'daughter', 'son', 'brother', 'brother']","Milton:male,Jose:male,Victoria:female,Andrew:male,Charles:male,Jeremy:male",test
ca3fd20a-caa1-41b8-8857-8cfe0057c190,"('Victoria', 'Thelma')",niece,husband-son-brother-uncle-daughter,"['husband', 'son', 'brother', 'uncle', 'daughter']","Victoria:female,Donald:male,Charles:male,Richard:male,William:male,Thelma:female",test
6611231a-7b66-40fc-96db-7a959dea0ff6,"('Adeline', 'Gilbert')",brother,father-daughter-sister-mother-son,"['father', 'daughter', 'sister', 'mother', 'son']","Adeline:female,Samuel:male,Hattie:female,Nancy:female,Angela:female,Gilbert:male",test
3fe494fe-1c75-4290-95a7-ff971e28cef8,"('Guadalupe', 'Pat')",son,daughter-sister-sister-sister-brother,"['daughter', 'sister', 'sister', 'sister', 'brother']","Guadalupe:female,Arlene:female,Margaretta:female,Irene:female,Pat:male",test
d27789c7-0aa0-47f5-aa4a-b137f5a2f37e,"('Richard', 'Charles')",brother,brother-mother-son-brother-brother,"['brother', 'mother', 'son', 'brother', 'brother']","Richard:male,Andrew:male,Victoria:female,Jeremy:male,Charles:male",test
8850e7ee-3fc7-4a76-8279-2e28abfc203d,"('Benito', 'Guadalupe')",aunt,brother-mother-daughter-father-sister,"['brother', 'mother', 'daughter', 'father', 'sister']","Benito:male,Henry:male,Melanie:female,Thelma:female,William:male,Guadalupe:female",test
78564013-ac41-4871-aa66-e19eca20fbb8,"('William', 'Donald')",brother,son-sister-sister-mother-brother,"['son', 'sister', 'sister', 'mother', 'brother']","William:male,Benito:male,Patricia:female,Thelma:female,Melanie:female,Donald:male",test
52c16dd1-4608-4e05-a1ae-db5084a5f1d1,"('Jose', 'Charles')",grandson,wife-daughter-husband-son-brother,"['wife', 'daughter', 'husband', 'son', 'brother']","Jose:male,Antonia:female,Victoria:female,Donald:male,Richard:male,Charles:male",test
892d10b4-1dba-41b4-834d-e4e12eb6181a,"('Dorothy', 'Michael')",nephew,son-brother-father-son-aunt-son,"['son', 'brother', 'father', 'son', 'aunt', 'son']","Dorothy:female,Seth:male,Warren:male,Alvin:male,Erica:female,Michael:male",test
e6b44d26-655d-4bd3-a150-6e92b081b399,"('Richard', 'Samuel')",uncle,mother-son-grandfather-daughter-brother,"['mother', 'son', 'grandfather', 'daughter', 'brother']","Richard:male,Victoria:female,Jose:male,Melanie:female,Samuel:male",test
0a49ca0e-372a-4eda-886b-559776ef67f7,"('Angela', 'Adeline')",daughter,daughter-brother-father-daughter-sister,"['daughter', 'brother', 'father', 'daughter', 'sister']","Angela:female,Nancy:female,Gilbert:male,Samuel:male,Adeline:female",test
390742e3-5947-4976-872b-81abc1a83de2,"('Clarence', 'James')",grandson,granddaughter-brother,"['granddaughter', 'brother']","Clarence:male,Belva:female,James:male",test
9379d09b-5f8f-4a9c-a252-30658600b7b5,"('Frances', 'Wesley')",son,daughter-daughter-uncle,"['daughter', 'daughter', 'uncle']","Frances:female,David:female,Gloria:female,Wesley:male",test
f998be83-a40f-4508-94ef-46a8feab0cb9,"('James', 'Wilhelmina')",granddaughter,wife-son-daughter,"['wife', 'son', 'daughter']","James:male,Frances:female,Francisco:male,Wilhelmina:female",test
5e3d53bf-afbf-4cc0-9a45-e7bb48fa7f41,"('David', 'James')",father,daughter-father-father,"['daughter', 'father', 'father']","David:female,Vanetta:female,Hugh:male,James:male",test
5feffc0a-d9a6-45dc-8717-8f0a3acd8e20,"('Frances', 'Mildred')",granddaughter,husband-son-daughter,"['husband', 'son', 'daughter']","Frances:female,James:male,Wesley:male,Mildred:female",test
c916a6e8-8108-4f33-ad2d-7d3875342cc2,"('David', 'Frances')",mother,husband-son-grandmother,"['husband', 'son', 'grandmother']","David:female,Hugh:male,Johnson:male,Frances:female",test
16c6c7c0-0b61-409e-bc74-a637d056b69a,"('Lena', 'James')",father,daughter-father-father,"['daughter', 'father', 'father']","Lena:female,Martha:female,Wesley:male,James:male",test
0be2eff3-a3b6-40ed-a393-1dc37c0c2262,"('David', 'Frances')",mother,husband-son-grandmother,"['husband', 'son', 'grandmother']","David:female,Hugh:male,Bobby:male,Frances:female",test
6fe045f6-048e-48e9-b1bd-952a3a1aa9f7,"('David', 'Cindy')",sister,son-grandfather-daughter,"['son', 'grandfather', 'daughter']","David:female,Bobby:male,James:male,Cindy:female",test
048a31d3-b4df-4f95-be49-5bbf789d0c1c,"('Cindy', 'Joshua')",brother,daughter-grandmother-son,"['daughter', 'grandmother', 'son']","Cindy:female,Carrie:female,Frances:female,Joshua:male",test
290b9ad0-7a8b-4716-b0e9-29319c4622ef,"('James', 'Evangeline')",granddaughter,wife-son-daughter,"['wife', 'son', 'daughter']","James:male,Frances:female,Hugh:male,Evangeline:female",test
7c6256fb-073b-4854-81d2-0d25de5d6c96,"('Frances', 'Hugh')",son,daughter-daughter-uncle,"['daughter', 'daughter', 'uncle']","Frances:female,Lena:female,Mildred:female,Hugh:male",test
5c14e0b5-f1dc-4a5f-9659-59bf837b7163,"('Frances', 'Vanetta')",granddaughter,husband-son-daughter,"['husband', 'son', 'daughter']","Frances:female,James:male,Hugh:male,Vanetta:female",test
8f735a9e-c585-4070-b773-478b974c4bdd,"('Lynn', 'James')",father,daughter-father-father,"['daughter', 'father', 'father']","Lynn:female,Dolores:female,Joshua:male,James:male",test
25bd7c0e-8a3c-4e09-9cb9-e2dc6146d069,"('Joshua', 'Hugh')",brother,daughter-grandmother-son,"['daughter', 'grandmother', 'son']","Joshua:male,Juanita:female,Frances:female,Hugh:male",test
9b8fd698-70a8-4339-9ff3-4989434522e9,"('James', 'Gloria')",granddaughter,wife-son-daughter,"['wife', 'son', 'daughter']","James:male,Frances:female,Hugh:male,Gloria:female",test
609cca6e-d2c8-47e5-8c0e-a8cc5c439ff1,"('Lynn', 'Frances')",mother-in-law,husband-son-grandmother,"['husband', 'son', 'grandmother']","Lynn:female,Joshua:male,Don:male,Frances:female",test
633f1723-8900-4963-9f6d-36b51cdd8eaa,"('James', 'Francisco')",son,daughter-daughter-uncle,"['daughter', 'daughter', 'uncle']","James:male,Lena:female,Martha:female,Francisco:male",test
a60170b6-e99b-4f27-90d6-945ea757d377,"('Joshua', 'Lena')",sister,son-grandfather-daughter,"['son', 'grandfather', 'daughter']","Joshua:male,Don:male,James:male,Lena:female",test
ffa64783-d4ae-44b1-a036-b6aafdcbd969,"('James', 'Marie')",granddaughter,wife-son-daughter,"['wife', 'son', 'daughter']","James:male,Frances:female,Hugh:male,Marie:female",test
2b7c4475-a1cb-41c3-9b07-d4c213f80082,"('James', 'Gloria')",granddaughter,wife-son-daughter,"['wife', 'son', 'daughter']","James:male,Frances:female,Hugh:male,Gloria:female",test
05b23054-6389-4e70-a32b-dbff1c5082cd,"('Lena', 'James')",father,daughter-father-father,"['daughter', 'father', 'father']","Lena:female,Pamela:female,Wesley:male,James:male",test
d6901f33-f7a0-471d-9e57-0da8054acf55,"('James', 'Francisco')",son,daughter-daughter-uncle,"['daughter', 'daughter', 'uncle']","James:male,Lena:female,Tina:female,Francisco:male",test
0102334c-6264-4a27-bb07-ad211606bc8d,"('Lena', 'Lynn')",sister,son-grandfather-daughter,"['son', 'grandfather', 'daughter']","Lena:female,Irvin:male,James:male,Lynn:female",test
0dc00534-8b9d-451d-a44f-291e48e1435d,"('Frances', 'Natasha')",granddaughter,husband-son-daughter,"['husband', 'son', 'daughter']","Frances:female,James:male,Francisco:male,Natasha:female",test
2bf03f10-dadb-483d-942c-bb8f8c5a4d85,"('Lena', 'Hugh')",brother,daughter-grandmother-son,"['daughter', 'grandmother', 'son']","Lena:female,Mildred:female,Frances:female,Hugh:male",test
aec7fcf7-6d58-4bdc-9bdc-58731ae6db05,"('David', 'Frances')",mother,husband-son-grandmother,"['husband', 'son', 'grandmother']","David:female,Hugh:male,Brandon:male,Frances:female",test
8376db00-21c6-4ce4-be19-37c7dc4b98c7,"('Clarence', 'June')",granddaughter,grandson-sister,"['grandson', 'sister']","Clarence:male,Nicolas:male,June:female",test
6fcb6d8d-1183-4b4f-b0f3-61366c3950b7,"('Patricia', 'Victoria')",aunt,brother-sister-father-father-daughter,"['brother', 'sister', 'father', 'father', 'daughter']","Patricia:female,Henry:male,Thelma:female,William:male,Jose:male,Victoria:female",test
4b078877-e41f-435d-9ea5-cd86d645e4a1,"('Clarence', 'Linda')",granddaughter,grandson-sister,"['grandson', 'sister']","Clarence:male,Jeff:male,Linda:female",test
424413ca-1fa5-4c8e-96df-19827a1dfc9b,"('Ashley', 'Emily')",granddaughter,grandson-sister,"['grandson', 'sister']","Ashley:female,Michael:male,Emily:female",test
ea17c2b5-bd80-4c12-b0c5-2f3a7229cc3b,"('Jeremy', 'William')",uncle,mother-son-brother-father-brother,"['mother', 'son', 'brother', 'father', 'brother']","Jeremy:male,Victoria:female,Charles:male,Andrew:male,Donald:male,William:male",test
5eef192a-9f2f-449b-b533-e3c103a5e59b,"('Joseph', 'Robert')",brother,wife-son-brother-brother-brother-uncle,"['wife', 'son', 'brother', 'brother', 'brother', 'uncle']","Joseph:male,Erica:female,Ross:male,Patrick:male,Alfredo:male,Robert:male",test
764b5b28-3c58-44b3-8d38-6ba4849b1d45,"('Marie', 'Harold')",father,husband-son-father-father,"['husband', 'son', 'father', 'father']","Marie:female,Robert:male,John:male,Harold:male",test
49912a55-1ab0-4d3f-ab5c-93d40c635e91,"('Shantel', 'Heather')",granddaughter,husband-wife-grandson-sister,"['husband', 'wife', 'grandson', 'sister']","Shantel:female,Harold:male,Jeffrey:male,Heather:female",test
0c96d6b7-2981-4824-8fd4-355050035f4c,"('Frances', 'Mildred')",granddaughter,husband-son-daughter,"['husband', 'son', 'daughter']","Frances:female,James:male,Wesley:male,Mildred:female",test
0190881b-e019-49e9-a165-5e7a01df8e8c,"('Frances', 'Tina')",granddaughter,husband-son-daughter,"['husband', 'son', 'daughter']","Frances:female,James:male,Wesley:male,Tina:female",test
793a8239-95e3-4e96-8927-f368748e5845,"('Wesley', 'Francisco')",brother,daughter-grandmother-son,"['daughter', 'grandmother', 'son']","Wesley:male,Tina:female,Frances:female,Francisco:male",test
2e6cca5e-d937-4ddb-83b7-5a50e609a012,"('David', 'Frances')",mother,husband-son-grandmother,"['husband', 'son', 'grandmother']","David:female,Hugh:male,Michael:male,Frances:female",test
e3518c13-b468-494f-b3d5-770cd25068c5,"('Lynn', 'Lena')",sister,son-grandfather-daughter,"['son', 'grandfather', 'daughter']","Lynn:female,Joseph:male,James:male,Lena:female",test
1e8d47fa-2f44-46d8-80f9-2078b04c6042,"('James', 'Francisco')",son,daughter-daughter-uncle,"['daughter', 'daughter', 'uncle']","James:male,Lynn:female,Felicia:female,Francisco:male",test
75024529-fe31-410f-8c31-c9472c0a760b,"('Lynn', 'Frances')",mother,husband-son-grandmother,"['husband', 'son', 'grandmother']","Lynn:female,Joshua:male,Joseph:male,Frances:female",test
7007be83-8fed-4a1b-8f4f-daa07b6ecf4d,"('Joshua', 'Cindy')",sister,son-grandfather-daughter,"['son', 'grandfather', 'daughter']","Joshua:male,Don:male,James:male,Cindy:female",test
c2adf6e6-9832-48b6-8bb1-980497343219,"('Clarence', 'April')",granddaughter,grandson-sister,"['grandson', 'sister']","Clarence:male,John:male,April:female",test
30c04f82-bd60-4f44-a160-0bf39f286712,"('Ashley', 'April')",granddaughter,grandson-sister,"['grandson', 'sister']","Ashley:female,John:male,April:female",test
6766837a-ad8d-474b-8ecf-27930edb6b5b,"('Clarence', 'John')",grandson,granddaughter-brother,"['granddaughter', 'brother']","Clarence:male,April:female,John:male",test
a4122540-f124-4457-8b4d-b9b1855ccd47,"('Clarence', 'Nicolas')",grandson,granddaughter-brother,"['granddaughter', 'brother']","Clarence:male,Belva:female,Nicolas:male",test
11b64ec9-f378-40f7-a2a6-2eb793ea5b39,"('Lena', 'Hugh')",brother,daughter-grandmother-son,"['daughter', 'grandmother', 'son']","Lena:female,Tina:female,Frances:female,Hugh:male",test
9416d0c8-21bc-445b-9d70-6b343b6a8bbf,"('Ashley', 'Nicolas')",grandson,granddaughter-brother,"['granddaughter', 'brother']","Ashley:female,Belva:female,Nicolas:male",test
a075e73a-a8cb-4d0a-aef1-878644bcb99a,"('Clarence', 'Heidi')",granddaughter,grandson-sister,"['grandson', 'sister']","Clarence:male,Robert:male,Heidi:female",test
1a72d676-7242-4a9b-a639-0e79c11c23b3,"('Ashley', 'Mary')",granddaughter,grandson-sister,"['grandson', 'sister']","Ashley:female,Dennis:male,Mary:female",test
162070fb-1a46-44f2-91e5-50f8cc99daf3,"('Ashley', 'Kevin')",grandson,granddaughter-brother,"['granddaughter', 'brother']","Ashley:female,Heidi:female,Kevin:male",test
f8379fd1-245d-4a24-9df6-ccda35a6417e,"('Ashley', 'Heidi')",granddaughter,grandson-sister,"['grandson', 'sister']","Ashley:female,Jacob:male,Heidi:female",test
191f63a8-716c-459c-a288-0b27f4b030cd,"('Clarence', 'Jacob')",grandson,granddaughter-brother,"['granddaughter', 'brother']","Clarence:male,Heidi:female,Jacob:male",test
3e947dbe-98d9-4967-9fcd-ed268889747d,"('Clarence', 'Timothy')",grandson,granddaughter-brother,"['granddaughter', 'brother']","Clarence:male,Janet:female,Timothy:male",test
87bc4ce5-7b1e-4b0a-8ba2-1afc08650f4c,"('Clarence', 'June')",granddaughter,grandson-sister,"['grandson', 'sister']","Clarence:male,Travis:male,June:female",test
b805e5ee-b592-43fd-a9c4-236efd8bf791,"('Ashley', 'John')",grandson,granddaughter-brother,"['granddaughter', 'brother']","Ashley:female,April:female,John:male",test
25891fe4-fe88-437b-a9fe-6f70def094ae,"('Clarence', 'June')",granddaughter,grandson-sister,"['grandson', 'sister']","Clarence:male,Nicolas:male,June:female",test
e69c7dc1-4485-4d93-985f-aff33a9c8b30,"('Ashley', 'Timothy')",grandson,granddaughter-brother,"['granddaughter', 'brother']","Ashley:female,April:female,Timothy:male",test
c194e7d5-5507-4639-b9db-b53ff5ddadf1,"('Lynn', 'James')",father,daughter-father-father,"['daughter', 'father', 'father']","Lynn:female,Juanita:female,Joshua:male,James:male",test
b5b112f7-abbb-4d3d-b0c6-3acd03dd3a9a,"('William', 'Kenneth')",brother,father-daughter-mother-son-brother-brother,"['father', 'daughter', 'mother', 'son', 'brother', 'brother']","William:male,Clifton:male,Julie:female,Bonnie:female,David:male,Kenneth:male",test
b9e6a0d7-b2b8-4b56-bb32-047f7f526b3c,"('Robert', 'William')",nephew,wife-daughter-sister-mother-sister-son,"['wife', 'daughter', 'sister', 'mother', 'sister', 'son']","Robert:male,Katherine:female,Jon:female,Charlsie:female,Bonnie:female,William:male",test
1180a01c-4bd2-4e84-8156-e294f876edde,"('Pedro', 'Shantel')",mother-in-law,wife-husband-daughter-grandmother,"['wife', 'husband', 'daughter', 'grandmother']","Pedro:male,Dorothy:female,Rebecca:female,Shantel:female",test
e72fbc83-8a7c-4ac9-a9e3-3a5ef255dc10,"('Beverly', 'Harold')",father,husband-son-father-father,"['husband', 'son', 'father', 'father']","Beverly:female,Louis:male,Paul:male,Harold:male",test
04ee1bae-2023-4605-ad42-eb539205d7fc,"('Shantel', 'Mario')",grandson,daughter-father-son-son,"['daughter', 'father', 'son', 'son']","Shantel:female,Tracy:female,Harold:male,Robert:male,Mario:male",test
fd037e5d-7c1a-4560-8d54-0f6ac99c4231,"('Shantel', 'Tracy')",daughter,son-daughter-grandfather-daughter,"['son', 'daughter', 'grandfather', 'daughter']","Shantel:female,Pedro:male,Rebecca:female,Harold:male,Tracy:female",test
c27a627c-514d-4591-a62f-30b7955362fa,"('Angela', 'Charles')",nephew,daughter-aunt-husband-son-brother,"['daughter', 'aunt', 'husband', 'son', 'brother']","Angela:female,Hattie:female,Victoria:female,Donald:male,Andrew:male,Charles:male",test
94d0fdd1-c2ae-4363-b7b3-ca65f2344106,"('Gilbert', 'Donald')",uncle,mother-daughter-father-daughter-uncle,"['mother', 'daughter', 'father', 'daughter', 'uncle']","Gilbert:male,Angela:female,Hattie:female,Samuel:male,Donald:male",test
38d920e7-ee4b-46e6-8568-f2c1c60b8574,"('Jeremy', 'Richard')",brother,brother-brother-mother-son-brother,"['brother', 'brother', 'mother', 'son', 'brother']","Jeremy:male,Charles:male,Richard:male,Victoria:female,Andrew:male",test
e1bf7afa-9389-48e1-9efb-4dfb2e11e5f7,"('Andrew', 'Donald')",father,mother-son-mother-son-father,"['mother', 'son', 'mother', 'son', 'father']","Andrew:male,Victoria:female,Charles:male,Richard:male,Donald:male",test
5b4f6fdc-d94f-4344-9b38-853c899568b7,"('Samuel', 'Charles')",nephew,son-aunt-son-brother-brother,"['son', 'aunt', 'son', 'brother', 'brother']","Samuel:male,Gilbert:male,Victoria:female,Jeremy:male,Andrew:male,Charles:male",test
a6b5b438-0801-40a4-8cd2-86011b213a2f,"('Adeline', 'Antonia')",grandmother,brother-sister-father-son-grandmother,"['brother', 'sister', 'father', 'son', 'grandmother']","Adeline:female,Gilbert:male,Hattie:female,Samuel:male,Antonia:female",test
4b4dd132-8c63-4b00-bbcb-3ae7ff2c71dc,"('Jose', 'Andrew')",grandson,daughter-sister-son-brother-brother,"['daughter', 'sister', 'son', 'brother', 'brother']","Jose:male,Melanie:female,Victoria:female,Jeremy:male,Richard:male,Andrew:male",test
55902485-0c1a-4a7d-9727-918b1ba48dac,"('Benito', 'Milton')",uncle,sister-sister-father-daughter-uncle,"['sister', 'sister', 'father', 'daughter', 'uncle']","Benito:male,Patricia:female,Thelma:female,William:male,Milton:male",test
d7dfb5cd-b079-4891-974f-82b1f3e5dde8,"('Henry', 'William')",father,sister-mother-son-sister-father,"['sister', 'mother', 'son', 'sister', 'father']","Henry:male,Thelma:female,Melanie:female,Benito:male,William:male",test
adf18503-e7a5-49ef-9cdb-f80ef4167ab4,"('Milton', 'Thelma')",niece,brother-son-brother-mother-daughter,"['brother', 'son', 'brother', 'mother', 'daughter']","Milton:male,William:male,Henry:male,Benito:male,Melanie:female,Thelma:female",test
c610c69f-b018-4df6-a009-2a4eeb9756c4,"('William', 'Pat')",nephew,daughter-brother-uncle-wife-son,"['daughter', 'brother', 'uncle', 'wife', 'son']","William:male,Patricia:female,Benito:male,Milton:male,Guadalupe:female,Pat:male",test
5a70ccd0-4c69-44d8-8a3c-34e1637b69c1,"('Guadalupe', 'Antonia')",mother,husband-daughter-father-daughter-grandmother,"['husband', 'daughter', 'father', 'daughter', 'grandmother']","Guadalupe:female,Milton:male,Irene:female,Margaretta:female,Antonia:female",test
ff872e38-942e-4a18-9f92-445038bd4003,"('Gilbert', 'Guadalupe')",aunt,sister-mother-daughter-father-sister,"['sister', 'mother', 'daughter', 'father', 'sister']","Gilbert:male,Adeline:female,Angela:female,Nancy:female,Samuel:male,Guadalupe:female",test
38abb0a3-3ad0-418b-a1e0-f29b5aa761b0,"('Melanie', 'Victoria')",sister,son-brother-father-daughter-aunt,"['son', 'brother', 'father', 'daughter', 'aunt']","Melanie:female,Benito:male,Henry:male,William:male,Thelma:female,Victoria:female",test
4f28a723-d16c-4e36-a9da-75a145c69a9b,"('Milton', 'William')",brother,daughter-sister-mother-daughter-uncle,"['daughter', 'sister', 'mother', 'daughter', 'uncle']","Milton:male,Arlene:female,Irene:female,Guadalupe:female,Margaretta:female,William:male",test
e1ef7800-8594-4ce2-a39b-38c6f2ff1896,"('Jose', 'Richard')",grandson,son-sister-husband-son-brother,"['son', 'sister', 'husband', 'son', 'brother']","Jose:male,Samuel:male,Victoria:female,Donald:male,Charles:male,Richard:male",test
fdcff6d6-c729-4c80-b7f7-8272546d2bc8,"('Antonia', 'Benito')",grandson,daughter-brother-daughter-mother-son,"['daughter', 'brother', 'daughter', 'mother', 'son']","Antonia:female,Victoria:female,William:male,Thelma:female,Melanie:female,Benito:male",test
99ee5c78-9564-4e7e-8a01-05b442b589cf,"('Nancy', 'Melanie')",aunt,brother-sister-father-daughter-aunt,"['brother', 'sister', 'father', 'daughter', 'aunt']","Nancy:female,Gilbert:male,Hattie:female,Samuel:male,Melanie:female",test
61efcd59-5cd3-4bd9-a161-385c557c340a,"('Guadalupe', 'Charles')",nephew,daughter-aunt-son-brother-brother,"['daughter', 'aunt', 'son', 'brother', 'brother']","Guadalupe:female,Irene:female,Victoria:female,Richard:male,Jeremy:male,Charles:male",test
dfd941c3-aef4-4bfc-8f4f-5bbebdb015d2,"('Richard', 'Donald')",father,mother-son-brother-brother-father,"['mother', 'son', 'brother', 'brother', 'father']","Richard:male,Victoria:female,Jeremy:male,Andrew:male,Charles:male,Donald:male",test
5903e546-09a4-48ed-87b3-0ff6d86455d8,"('Angela', 'William')",brother,daughter-sister-brother-father-brother,"['daughter', 'sister', 'brother', 'father', 'brother']","Angela:female,Adeline:female,Hattie:female,Gilbert:male,Samuel:male,William:male",test
41dd68d5-b7bb-4392-9810-77a6e1ed0517,"('Thelma', 'Donald')",uncle,sister-father-son-mother-brother,"['sister', 'father', 'son', 'mother', 'brother']","Thelma:female,Patricia:female,William:male,Henry:male,Melanie:female,Donald:male",test
59b7e8de-b40b-4a6a-9a95-0f8159507bf4,"('Melanie', 'Guadalupe')",sister,husband-son-father-son-aunt,"['husband', 'son', 'father', 'son', 'aunt']","Melanie:female,William:male,Henry:male,Benito:male,Guadalupe:female",test
9daf271c-0f13-4229-a8b8-771ba55ff66f,"('Harold', 'Paul')",grandson,wife-husband-son-son,"['wife', 'husband', 'son', 'son']","Harold:male,Shantel:female,Louis:male,Paul:male",test
f211ba44-4711-497b-a81b-d6491a200474,"('William', 'Nancy')",niece,daughter-uncle-daughter-brother-sister,"['daughter', 'uncle', 'daughter', 'brother', 'sister']","William:male,Thelma:female,Samuel:male,Hattie:female,Gilbert:male,Nancy:female",test
93152c93-12fa-41a1-8909-089ec8a4f159,"('Shantel', 'Antonio')",son,son-daughter-grandfather-son,"['son', 'daughter', 'grandfather', 'son']","Shantel:female,Louis:male,Nettie:female,Harold:male,Antonio:male",test
b73e64c6-4744-4158-97d2-6dbe29b2902d,"('Antonio', 'Shantel')",mother,daughter-grandfather-son-mother,"['daughter', 'grandfather', 'son', 'mother']","Antonio:male,Emma:female,Harold:male,Pedro:male,Shantel:female",test
a4852dc7-ba8d-471a-9a8d-4ce300aaba94,"('Jeremy', 'Antonia')",grandmother,brother-brother-brother-mother-mother,"['brother', 'brother', 'brother', 'mother', 'mother']","Jeremy:male,Charles:male,Richard:male,Andrew:male,Victoria:female,Antonia:female",test
f18bbea2-a2ff-4973-9367-e2e9d713c2c0,"('Charles', 'Guadalupe')",aunt,brother-brother-mother-son-aunt,"['brother', 'brother', 'mother', 'son', 'aunt']","Charles:male,Jeremy:male,Andrew:male,Victoria:female,Guadalupe:female",test
476491ec-932e-429b-bc51-5b09230728db,"('Irene', 'Melanie')",aunt,sister-father-daughter-mother-sister,"['sister', 'father', 'daughter', 'mother', 'sister']","Irene:female,Arlene:female,Milton:male,Margaretta:female,Guadalupe:female,Melanie:female",test
538074ca-b36c-4623-8aea-0580210211e6,"('Pat', 'Jose')",grandfather,sister-mother-daughter-father-father,"['sister', 'mother', 'daughter', 'father', 'father']","Pat:male,Arlene:female,Guadalupe:female,Irene:female,Milton:male,Jose:male",test
7d4d3933-1ee6-42e4-afd0-b912cd320362,"('Antonia', 'Charles')",grandson,son-sister-son-father-son,"['son', 'sister', 'son', 'father', 'son']","Antonia:female,Samuel:male,Victoria:female,Richard:male,Donald:male,Charles:male",test
8de62d2d-e33f-4888-855e-6903dbcf4ac7,"('Benito', 'Patricia')",sister,father-daughter-brother-brother-sister,"['father', 'daughter', 'brother', 'brother', 'sister']","Benito:male,William:male,Thelma:female,Henry:male,Patricia:female",test
c944041e-4580-4629-b3d0-27ee6c7926ec,"('Donald', 'Adeline')",niece,brother-wife-daughter-brother-sister,"['brother', 'wife', 'daughter', 'brother', 'sister']","Donald:male,Samuel:male,Angela:female,Hattie:female,Gilbert:male,Adeline:female",test
169c9aa3-326a-4a10-ae50-e5be0694a67d,"('Samuel', 'Benito')",nephew,brother-daughter-sister-brother-brother,"['brother', 'daughter', 'sister', 'brother', 'brother']","Samuel:male,William:male,Patricia:female,Thelma:female,Henry:male,Benito:male",test
cd102c45-cc56-40da-9f6e-0821582d2f08,"('Melanie', 'Andrew')",nephew,son-father-sister-son-brother,"['son', 'father', 'sister', 'son', 'brother']","Melanie:female,Benito:male,William:male,Victoria:female,Jeremy:male,Andrew:male",test
439e7098-657d-4fa0-b09a-77c4b27902ca,"('Victoria', 'Benito')",nephew,son-father-son-uncle-son,"['son', 'father', 'son', 'uncle', 'son']","Victoria:female,Richard:male,Donald:male,Andrew:male,William:male,Benito:male",test
531582db-7b8a-4afb-b615-0e13a2cd52bb,"('Nancy', 'Angela')",mother,father-daughter-father-son-mother,"['father', 'daughter', 'father', 'son', 'mother']","Nancy:female,Samuel:male,Hattie:female,Gilbert:male,Angela:female",test
d42708a2-b449-4f3b-b5dd-d4f9efc0a7b8,"('Angela', 'Arlene')",niece,daughter-sister-father-brother-daughter,"['daughter', 'sister', 'father', 'brother', 'daughter']","Angela:female,Nancy:female,Hattie:female,Samuel:male,Milton:male,Arlene:female",test
bcd24027-3ec9-452d-bef6-5955ca2eb00b,"('Donald', 'Gilbert')",nephew,son-mother-son-uncle-son,"['son', 'mother', 'son', 'uncle', 'son']","Donald:male,Charles:male,Victoria:female,Andrew:male,Samuel:male,Gilbert:male",test
54890c2b-4be2-47ac-ae4f-a1a302a5e835,"('Robert', 'Dorothy')",sister,wife-daughter-grandfather-daughter,"['wife', 'daughter', 'grandfather', 'daughter']","Robert:male,Marie:female,Lizzie:female,Harold:male,Dorothy:female",test
ee8eb9a1-29b3-40c9-988a-38a728791c47,"('Pedro', 'Shantel')",mother-in-law,wife-sister-son-grandmother,"['wife', 'sister', 'son', 'grandmother']","Pedro:male,Dorothy:female,Tracy:female,Bernardo:male,Shantel:female",test
d275d071-51b0-4a94-9eef-f44c3e8de9bd,"('Louis', 'Tracy')",sister,son-mother-father-daughter,"['son', 'mother', 'father', 'daughter']","Louis:male,Wayne:male,Beverly:female,Harold:male,Tracy:female",test
7a77e744-db11-44a6-bc46-680d42bffd55,"('Marie', 'Shantel')",mother-in-law,husband-sister-daughter-grandmother,"['husband', 'sister', 'daughter', 'grandmother']","Marie:female,Robert:male,Dorothy:female,Heather:female,Shantel:female",test
319dcdf6-6f59-452b-8d2f-edc5ad726c84,"('Laura', 'Shantel')",grandmother,father-father-son-mother,"['father', 'father', 'son', 'mother']","Laura:female,Antonio:male,Harold:male,Pedro:male,Shantel:female",test
6cef16ac-f6d9-4050-abc3-8663a28aec34,"('Harold', 'Pedro')",son,daughter-son-grandmother-son,"['daughter', 'son', 'grandmother', 'son']","Harold:male,Tracy:female,Bernardo:male,Shantel:female,Pedro:male",test
eae46645-2b96-47c6-8fec-9a31504d8cfe,"('Antonio', 'Harold')",father,brother-son-mother-father,"['brother', 'son', 'mother', 'father']","Antonio:male,Robert:male,John:male,Marie:female,Harold:male",test
f91cd2f6-f515-49c1-b1f3-c2c536561d68,"('Donald', 'Pat')",nephew,son-brother-uncle-daughter-brother,"['son', 'brother', 'uncle', 'daughter', 'brother']","Donald:male,Richard:male,Andrew:male,Milton:male,Arlene:female,Pat:male",test
05044cbf-b1ea-45ad-a651-269956dfa05c,"('Shantel', 'Tracy')",daughter,son-daughter-grandfather-daughter,"['son', 'daughter', 'grandfather', 'daughter']","Shantel:female,Pedro:male,Annie:female,Harold:male,Tracy:female",test
12225c9a-c358-4054-b117-9a9d4ac15b06,"('Shantel', 'Marie')",daughter,daughter-son-grandfather-daughter,"['daughter', 'son', 'grandfather', 'daughter']","Shantel:female,Tracy:female,Aaron:male,Harold:male,Marie:female",test
94b2d9ef-8c16-4d4e-8ff0-3af97653f49d,"('Harold', 'Rebecca')",granddaughter,wife-husband-daughter-daughter,"['wife', 'husband', 'daughter', 'daughter']","Harold:male,Shantel:female,Dorothy:female,Rebecca:female",test
459bf892-1935-4ffc-9a53-21e024af38e8,"('Shantel', 'Allan')",grandson,son-father-daughter-son,"['son', 'father', 'daughter', 'son']","Shantel:female,Pedro:male,Harold:male,Marie:female,Allan:male",test
d801061d-0d71-4a8d-b09d-2e58aa9a4435,"('Harold', 'Emma')",granddaughter,wife-husband-daughter-daughter,"['wife', 'husband', 'daughter', 'daughter']","Harold:male,Shantel:female,Tracy:female,Emma:female",test
26e0d5d0-c9f6-4ccc-911a-3f4d13d3a62e,"('Shantel', 'Roberto')",grandson,son-father-daughter-son,"['son', 'father', 'daughter', 'son']","Shantel:female,Louis:male,Harold:male,Dorothy:female,Roberto:male",test
e8e5ca99-05cd-4334-b889-949660d97939,"('Antonio', 'Shantel')",mother,daughter-grandfather-son-mother,"['daughter', 'grandfather', 'son', 'mother']","Antonio:male,Laura:female,Harold:male,Pedro:male,Shantel:female",test
c9e59704-ba7a-46d1-ab95-ecdb943a94ac,"('Julie', 'Clifton')",father,brother-sister-mother-daughter-brother-father,"['brother', 'sister', 'mother', 'daughter', 'brother', 'father']","Julie:female,Kenneth:male,Bonnie:female,William:male,Clifton:male",test
b9809097-2143-4c09-a130-59adc3007ba9,"('Guadalupe', 'Thelma')",niece,daughter-sister-uncle-daughter-sister,"['daughter', 'sister', 'uncle', 'daughter', 'sister']","Guadalupe:female,Irene:female,Margaretta:female,William:male,Patricia:female,Thelma:female",test
0f014b7a-8f44-4079-9491-84d20bc16ac8,"('Angela', 'Henry')",nephew,brother-daughter-brother-sister-brother,"['brother', 'daughter', 'brother', 'sister', 'brother']","Angela:female,William:male,Patricia:female,Benito:male,Thelma:female,Henry:male",test
9d8dd327-a76f-4a65-ae51-1c2850ea69b5,"('Victoria', 'Pat')",nephew,brother-brother-wife-daughter-brother,"['brother', 'brother', 'wife', 'daughter', 'brother']","Victoria:female,Samuel:male,Milton:male,Guadalupe:female,Margaretta:female,Pat:male",test
4395279e-2d16-4da1-a77c-a0904376e9d3,"('Antonia', 'Richard')",grandson,son-sister-sister-sister-son,"['son', 'sister', 'sister', 'sister', 'son']","Antonia:female,Samuel:male,Melanie:female,Guadalupe:female,Victoria:female,Richard:male",test
aa82359e-b14f-4c29-8cd7-0e408424ab09,"('Guadalupe', 'Nancy')",niece,brother-daughter-sister-mother-daughter,"['brother', 'daughter', 'sister', 'mother', 'daughter']","Guadalupe:female,Samuel:male,Adeline:female,Hattie:female,Angela:female,Nancy:female",test
208fb2bd-9e06-49e4-a57d-bb0460012fcb,"('Milton', 'Richard')",nephew,sister-brother-brother-sister-son,"['sister', 'brother', 'brother', 'sister', 'son']","Milton:male,Melanie:female,Samuel:male,William:male,Victoria:female,Richard:male",test
b3385ece-720b-48b0-9e69-4561e0fd091e,"('Katherine', 'Alfredo')",nephew,son-brother-sister-aunt-son-brother,"['son', 'brother', 'sister', 'aunt', 'son', 'brother']","Katherine:female,James:male,Ronald:male,Jon:female,Erica:female,Michael:male,Alfredo:male",test
abd37269-e239-4c62-b67f-145fe41731e3,"('Mary', 'Patrick')",grandson,daughter-son-brother-father-sister-son,"['daughter', 'son', 'brother', 'father', 'sister', 'son']","Mary:female,Bonnie:female,Kenneth:male,William:male,Clifton:male,Erica:female,Patrick:male",test
66a9529d-cdae-4035-9ff3-5373afb8aec8,"('Warren', 'Mary')",grandmother,father-son-brother-brother-brother-grandmother,"['father', 'son', 'brother', 'brother', 'brother', 'grandmother']","Warren:male,Alvin:male,Arthur:male,Seth:male,Mary:female",test
0629dffd-be88-4d51-8269-66a8ab6b950f,"('Dorothy', 'Mary')",mother,daughter-father-daughter-brother-brother-grandmother,"['daughter', 'father', 'daughter', 'brother', 'brother', 'grandmother']","Dorothy:female,Lilly:female,Alvin:male,Seth:male,Warren:male,Mary:female",test
51a271b6-c59c-478d-9225-aafe69f354fc,"('Mary', 'David')",grandson,daughter-daughter-aunt-son-father-son,"['daughter', 'daughter', 'aunt', 'son', 'father', 'son']","Mary:female,Dorothy:female,Lilly:female,Bonnie:female,William:male,Clifton:male,David:male",test
acaaa4fa-d097-4b3e-a9c6-f042ef7b8b55,"('Daniel', 'Robert')",son-in-law,daughter-brother-son-aunt-sister-husband,"['daughter', 'brother', 'son', 'aunt', 'sister', 'husband']","Daniel:male,Bonnie:female,Alvin:male,Arthur:male,Erica:female,Katherine:female,Robert:male",test
7b6d4183-d0f1-483e-8021-74a99159cc4a,"('Robert', 'David')",nephew,daughter-brother-aunt-daughter-brother-brother,"['daughter', 'brother', 'aunt', 'daughter', 'brother', 'brother']","Robert:male,Charlsie:female,James:male,Bonnie:female,Julie:female,Kenneth:male,David:male",test
a3b2850d-1ca3-458e-ac37-7b04f6056702,"('Robert', 'Joseph')",brother,son-sister-brother-sister-mother-brother,"['son', 'sister', 'brother', 'sister', 'mother', 'brother']","Robert:male,Ronald:male,Charlsie:female,James:male,Jon:female,Katherine:female,Joseph:male",test
681c70d9-5d14-4ec2-a607-365ce8e1a342,"('Clifton', 'Patrick')",nephew,sister-son-brother-brother-brother-brother,"['sister', 'son', 'brother', 'brother', 'brother', 'brother']","Clifton:male,Erica:female,Alfredo:male,Michael:male,Ross:male,Patrick:male",test
8c7ba30b-593e-4a15-b676-e31424a70bcd,"('Erica', 'Seth')",nephew,son-aunt-son-sister-father-son,"['son', 'aunt', 'son', 'sister', 'father', 'son']","Erica:female,Michael:male,Dorothy:female,Arthur:male,Lilly:female,Alvin:male,Seth:male",test
29814a77-2a3f-4abd-b0d5-db08a63e4af1,"('Dorothy', 'Lilly')",daughter,son-brother-father-wife-son-sister,"['son', 'brother', 'father', 'wife', 'son', 'sister']","Dorothy:female,Warren:male,Arthur:male,Alvin:male,Seth:male,Lilly:female",test
96959759-475d-488d-ae95-11e38fd78830,"('Patrick', 'Mary')",grandmother,father-son-mother-husband-son-grandmother,"['father', 'son', 'mother', 'husband', 'son', 'grandmother']","Patrick:male,Joseph:male,Alfredo:male,Erica:female,Ross:male,Mary:female",test
044054de-0354-4164-98c8-c7c7362c668b,"('Daniel', 'Kenneth')",grandson,son-sister-son-father-son-brother,"['son', 'sister', 'son', 'father', 'son', 'brother']","Daniel:male,Alvin:male,Bonnie:female,David:male,Clifton:male,William:male,Kenneth:male",test
22c3e799-1b76-4f8b-ade2-7993012cf29c,"('Jon', 'Mary')",grandmother,father-son-mother-son-mother-mother,"['father', 'son', 'mother', 'son', 'mother', 'mother']","Jon:female,Robert:male,Ronald:male,Katherine:female,James:male,Mary:female",test
281b1edc-f3be-4648-9e49-4406d048a8c9,"('Joseph', 'Warren')",nephew,son-brother-mother-sister-husband-son,"['son', 'brother', 'mother', 'sister', 'husband', 'son']","Joseph:male,Alfredo:male,Michael:male,Erica:female,Dorothy:female,Alvin:male,Warren:male",test
2f434ff7-3953-4752-a7a3-9da997fad2d1,"('Robert', 'Clifton')",brother,son-sister-brother-mother-son-uncle,"['son', 'sister', 'brother', 'mother', 'son', 'uncle']","Robert:male,Ronald:male,Jon:female,Katherine:female,Clifton:male",test
9cbe70aa-33d2-4fba-964f-fa6eb02bdf50,"('Erica', 'Charlsie')",niece,son-brother-father-sister-son-sister,"['son', 'brother', 'father', 'sister', 'son', 'sister']","Erica:female,Alfredo:male,Patrick:male,Joseph:male,Katherine:female,Ronald:male,Charlsie:female",test
11eec92e-a118-483b-b977-3ebd7d17d8fc,"('Robert', 'Mary')",mother,daughter-brother-brother-mother-son-grandmother,"['daughter', 'brother', 'brother', 'mother', 'son', 'grandmother']","Robert:male,Jon:female,Ronald:male,James:male,Katherine:female,Mary:female",test
fc29975a-8d16-4ed3-91ba-0540507df00b,"('Alfredo', 'Bonnie')",aunt,brother-mother-husband-son-father-sister,"['brother', 'mother', 'husband', 'son', 'father', 'sister']","Alfredo:male,Ross:male,Erica:female,Joseph:male,Michael:male,Bonnie:female",test
0c949c9e-1fc6-4757-b22f-b0e01eff3933,"('Joseph', 'James')",nephew,son-mother-sister-daughter-sister-brother,"['son', 'mother', 'sister', 'daughter', 'sister', 'brother']","Joseph:male,Ross:male,Erica:female,Katherine:female,Charlsie:female,Jon:female,James:male",test
c93482af-0554-4139-a6ee-8b1651fdcfc9,"('Bonnie', 'Patrick')",nephew,daughter-brother-father-sister-son-brother,"['daughter', 'brother', 'father', 'sister', 'son', 'brother']","Bonnie:female,Julie:female,David:male,Clifton:male,Erica:female,Ross:male,Patrick:male",test
26ef6538-67ef-46e3-b142-c1a4142c9969,"('Charlsie', 'Clifton')",uncle,father-son-mother-son-brother-uncle,"['father', 'son', 'mother', 'son', 'brother', 'uncle']","Charlsie:female,Robert:male,James:male,Katherine:female,Ronald:male,Clifton:male",test
b51b2176-5f79-4cba-8992-f4b762a79ac3,"('Mary', 'Seth')",grandson,daughter-sister-son-sister-brother-brother,"['daughter', 'sister', 'son', 'sister', 'brother', 'brother']","Mary:female,Bonnie:female,Dorothy:female,Arthur:male,Lilly:female,Warren:male,Seth:male",test
5a0fc011-fc18-4e8b-a5c0-cb9ad87fdffc,"('Melanie', 'Samuel')",brother,daughter-grandfather-daughter-brother-brother,"['daughter', 'grandfather', 'daughter', 'brother', 'brother']","Melanie:female,Thelma:female,Jose:male,Victoria:female,Milton:male,Samuel:male",test
c53778ed-0405-4448-aef1-4fcb8491a65c,"('Charles', 'Jose')",grandfather,brother-mother-son-brother-grandfather,"['brother', 'mother', 'son', 'brother', 'grandfather']","Charles:male,Jeremy:male,Victoria:female,Richard:male,Andrew:male,Jose:male",test
c20baf17-9ac2-4e05-8518-45450e3d6eb7,"('Henry', 'Jose')",grandfather,mother-son-mother-daughter-grandfather,"['mother', 'son', 'mother', 'daughter', 'grandfather']","Henry:male,Melanie:female,Benito:male,Patricia:female,Jose:male",test
acb87fc9-a1f1-4323-ac3c-8785cf3a1820,"('Angela', 'Jeremy')",nephew,sister-son-mother-son-brother,"['sister', 'son', 'mother', 'son', 'brother']","Angela:female,Victoria:female,Richard:male,Charles:male,Jeremy:male",test
039463bd-3ec9-4737-842d-595095a31fa6,"('Samuel', 'Patricia')",niece,daughter-uncle-son-brother-sister,"['daughter', 'uncle', 'son', 'brother', 'sister']","Samuel:male,Hattie:female,William:male,Benito:male,Henry:male,Patricia:female",test
e8158d9c-478c-4b57-ab36-5589533996be,"('Milton', 'Hattie')",niece,brother-daughter-brother-mother-daughter,"['brother', 'daughter', 'brother', 'mother', 'daughter']","Milton:male,Samuel:male,Nancy:female,Gilbert:male,Angela:female,Hattie:female",test
97d790d0-bb1c-4cce-8611-e48eff90e9bf,"('Adeline', 'Milton')",uncle,father-daughter-mother-son-uncle,"['father', 'daughter', 'mother', 'son', 'uncle']","Adeline:female,Samuel:male,Hattie:female,Angela:female,Gilbert:male,Milton:male",test
e79a3bca-4dfa-40f0-a3b3-61c0127d79f8,"('Henry', 'Guadalupe')",aunt,sister-mother-son-father-sister,"['sister', 'mother', 'son', 'father', 'sister']","Henry:male,Patricia:female,Melanie:female,Benito:male,William:male,Guadalupe:female",test
3af7d9d5-84d5-48d2-96f8-70ae607ff729,"('Pedro', 'Shantel')",mother-in-law,wife-sister-son-grandmother,"['wife', 'sister', 'son', 'grandmother']","Pedro:male,Dorothy:female,Tracy:female,Bobby:male,Shantel:female",test
fe32b636-dd71-44f9-9067-d6cf20b57e1d,"('Patricia', 'Jose')",grandfather,father-daughter-brother-mother-father,"['father', 'daughter', 'brother', 'mother', 'father']","Patricia:female,William:male,Thelma:female,Henry:male,Melanie:female,Jose:male",test
4ef644ff-bf20-4ef4-b034-1c59692f8d1f,"('Guadalupe', 'Richard')",nephew,sister-son-brother-brother-brother,"['sister', 'son', 'brother', 'brother', 'brother']","Guadalupe:female,Victoria:female,Jeremy:male,Charles:male,Richard:male",test
d884662e-75e2-48aa-b82e-01cf23683b1e,"('Mary', 'Charlsie')",granddaughter,daughter-son-aunt-son-sister-sister,"['daughter', 'son', 'aunt', 'son', 'sister', 'sister']","Mary:female,Bonnie:female,William:male,Katherine:female,Ronald:male,Jon:female,Charlsie:female",test
4743f03a-c86d-410f-a445-9d47f9b2596c,"('Robert', 'Charlsie')",daughter,son-brother-mother-daughter-mother-daughter,"['son', 'brother', 'mother', 'daughter', 'mother', 'daughter']","Robert:male,Ronald:male,James:male,Katherine:female,Jon:female,Charlsie:female",test
764ff793-1981-44ed-ba69-95a0b0beeaee,"('Victoria', 'Jose')",father,sister-brother-brother-brother-father,"['sister', 'brother', 'brother', 'brother', 'father']","Victoria:female,Melanie:female,Milton:male,William:male,Samuel:male,Jose:male",test
5c1812f4-07cd-4133-968d-825dfd39a665,"('Adeline', 'Donald')",uncle,brother-mother-daughter-sister-uncle,"['brother', 'mother', 'daughter', 'sister', 'uncle']","Adeline:female,Gilbert:male,Angela:female,Hattie:female,Nancy:female,Donald:male",test
7cd8f87f-0be4-4efa-b02b-8041f19cddf5,"('Guadalupe', 'Henry')",nephew,sister-brother-brother-daughter-brother,"['sister', 'brother', 'brother', 'daughter', 'brother']","Guadalupe:female,Victoria:female,Milton:male,William:male,Patricia:female,Henry:male",test
0710b529-999d-4a27-81c6-2b1850a0bf21,"('Margaretta', 'Antonia')",grandmother,brother-sister-father-brother-mother,"['brother', 'sister', 'father', 'brother', 'mother']","Margaretta:female,Pat:male,Irene:female,Milton:male,William:male,Antonia:female",test
2893ef0d-b305-4ce6-a843-2814014e810b,"('Hattie', 'Nancy')",sister,father-son-sister-mother-daughter,"['father', 'son', 'sister', 'mother', 'daughter']","Hattie:female,Samuel:male,Gilbert:male,Adeline:female,Angela:female,Nancy:female",test
594053dc-ce7b-44fd-92d9-61c6cd734a26,"('Angela', 'Thelma')",niece,brother-brother-brother-son-sister,"['brother', 'brother', 'brother', 'son', 'sister']","Angela:female,Donald:male,Samuel:male,William:male,Benito:male,Thelma:female",test
0c894609-8160-41e2-8e8c-08d67cb5ccc7,"('Andrew', 'Jeremy')",brother,brother-brother-brother-father-son,"['brother', 'brother', 'brother', 'father', 'son']","Andrew:male,Charles:male,Richard:male,Donald:male,Jeremy:male",test
f7e0305c-f79e-46a8-9001-3b41cfa03a8b,"('Donald', 'Milton')",brother,brother-brother-brother-mother-son,"['brother', 'brother', 'brother', 'mother', 'son']","Donald:male,William:male,Samuel:male,Antonia:female,Milton:male",test
cb0d2dbd-02b4-4994-9385-82ecd2fcb79c,"('Milton', 'Patricia')",niece,sister-mother-daughter-brother-daughter,"['sister', 'mother', 'daughter', 'brother', 'daughter']","Milton:male,Victoria:female,Antonia:female,William:male,Patricia:female",test
75abec5f-daaa-4c0d-95e3-4100a9c536e6,"('William', 'Richard')",nephew,sister-son-brother-father-son,"['sister', 'son', 'brother', 'father', 'son']","William:male,Victoria:female,Charles:male,Jeremy:male,Donald:male,Richard:male",test
78e69cbf-0f3b-48fd-a8ed-3fc2382c9d71,"('Clifton', 'Ronald')",nephew,sister-daughter-mother-son-father-son,"['sister', 'daughter', 'mother', 'son', 'father', 'son']","Clifton:male,Katherine:female,Jon:female,James:male,Robert:male,Ronald:male",test
475670ef-4daf-40be-a685-343206d9a426,"('Nancy', 'Jose')",grandfather,father-son-sister-mother-father,"['father', 'son', 'sister', 'mother', 'father']","Nancy:female,Samuel:male,Gilbert:male,Adeline:female,Angela:female,Jose:male",test
b23c5bea-acfa-443b-a788-045e02d4a95b,"('Jeremy', 'Angela')",aunt,brother-brother-mother-mother-daughter,"['brother', 'brother', 'mother', 'mother', 'daughter']","Jeremy:male,Charles:male,Richard:male,Victoria:female,Antonia:female,Angela:female",test
1456ca47-4e93-43fb-9568-0c418b29caa9,"('Irene', 'Samuel')",uncle,sister-sister-mother-mother-son,"['sister', 'sister', 'mother', 'mother', 'son']","Irene:female,Arlene:female,Margaretta:female,Guadalupe:female,Antonia:female,Samuel:male",test
f1b6cb09-b55c-47d5-a8c5-32e542d62346,"('Guadalupe', 'Victoria')",sister,daughter-brother-sister-grandmother-daughter,"['daughter', 'brother', 'sister', 'grandmother', 'daughter']","Guadalupe:female,Arlene:female,Pat:male,Irene:female,Antonia:female,Victoria:female",test
09164876-026c-4a59-945a-6302ebce4af2,"('Jeremy', 'Guadalupe')",aunt,brother-mother-son-brother-aunt,"['brother', 'mother', 'son', 'brother', 'aunt']","Jeremy:male,Charles:male,Victoria:female,Andrew:male,Richard:male,Guadalupe:female",test
9733d4e8-949d-447d-9791-56fa358f74d5,"('Gilbert', 'William')",uncle,sister-sister-mother-brother-brother,"['sister', 'sister', 'mother', 'brother', 'brother']","Gilbert:male,Nancy:female,Hattie:female,Angela:female,Milton:male,William:male",test
78fc9d6a-fdbc-4da1-8868-8b18c8784405,"('Hattie', 'Antonia')",grandmother,sister-sister-mother-daughter-grandmother,"['sister', 'sister', 'mother', 'daughter', 'grandmother']","Hattie:female,Nancy:female,Adeline:female,Angela:female,Antonia:female",test
5e9cb37a-66b0-42ca-9f9e-c64437c5d8b4,"('Patricia', 'Guadalupe')",aunt,sister-brother-mother-mother-daughter,"['sister', 'brother', 'mother', 'mother', 'daughter']","Patricia:female,Thelma:female,Benito:male,Melanie:female,Antonia:female,Guadalupe:female",test
9699bdad-bd14-4889-bf1e-1782008f6b8a,"('Lena', 'James')",father,daughter-father-father,"['daughter', 'father', 'father']","Lena:female,Martha:female,Wesley:male,James:male",test
d5bf17e9-5920-4b6f-8676-76fb40f1aa41,"('Frances', 'Juanita')",granddaughter,husband-son-daughter,"['husband', 'son', 'daughter']","Frances:female,James:male,Joshua:male,Juanita:female",test
0741bf9a-a8f6-4ff1-aac1-1a4f0828aed9,"('Ashley', 'Nicolas')",grandson,granddaughter-brother,"['granddaughter', 'brother']","Ashley:female,Belva:female,Nicolas:male",test
ab39308c-d665-4d35-9d69-05de3524b2fd,"('David', 'Lena')",sister,son-grandfather-daughter,"['son', 'grandfather', 'daughter']","David:female,Bobby:male,James:male,Lena:female",test
f78db574-0d7f-45b1-a705-6bfdc157c3b1,"('Cindy', 'Frances')",mother,husband-son-grandmother,"['husband', 'son', 'grandmother']","Cindy:female,Francisco:male,Wayne:male,Frances:female",test
c61ed63a-404d-40c1-b40d-5bfb52403f95,"('Lynn', 'Hugh')",brother,daughter-grandmother-son,"['daughter', 'grandmother', 'son']","Lynn:female,Felicia:female,Frances:female,Hugh:male",test
c588b864-969a-4568-86b3-89013cdbd7d1,"('Frances', 'Marie')",granddaughter,husband-son-daughter,"['husband', 'son', 'daughter']","Frances:female,James:male,Hugh:male,Marie:female",test
7b5999c2-7483-4089-a0e5-4e6234ca3de7,"('Lena', 'James')",father,daughter-father-father,"['daughter', 'father', 'father']","Lena:female,Mildred:female,Wesley:male,James:male",test
eeb66f86-6531-4a45-83b2-bace94372a67,"('David', 'James')",father,daughter-father-father,"['daughter', 'father', 'father']","David:female,Evangeline:female,Hugh:male,James:male",test
b3e9a99d-6f6e-41b0-84d8-84f142658428,"('Cindy', 'Frances')",mother,husband-son-grandmother,"['husband', 'son', 'grandmother']","Cindy:female,Francisco:male,Richard:male,Frances:female",test
11a581fa-bf86-4989-98ba-6c5b858aff0b,"('Frances', 'Pamela')",granddaughter,husband-son-daughter,"['husband', 'son', 'daughter']","Frances:female,James:male,Wesley:male,Pamela:female",test
2fbc5e33-21f1-4458-b71e-8c9cdf16ae10,"('Frances', 'Joshua')",son,daughter-daughter-uncle,"['daughter', 'daughter', 'uncle']","Frances:female,David:female,Marie:female,Joshua:male",test
b21e742e-7db2-4932-951a-745f33da0b4a,"('James', 'Gloria')",granddaughter,wife-son-daughter,"['wife', 'son', 'daughter']","James:male,Frances:female,Hugh:male,Gloria:female",test
22efddf9-a585-4ba2-a647-0c4586fa7c30,"('Wesley', 'Joshua')",brother,daughter-grandmother-son,"['daughter', 'grandmother', 'son']","Wesley:male,Martha:female,Frances:female,Joshua:male",test
6289e130-3099-477c-bf79-2f4e5e631f51,"('Cindy', 'Lynn')",sister,son-grandfather-daughter,"['son', 'grandfather', 'daughter']","Cindy:female,Richard:male,James:male,Lynn:female",test
92ce6038-49dc-4fc7-b4d3-b4548555c2d8,"('Hugh', 'Lynn')",sister,son-grandfather-daughter,"['son', 'grandfather', 'daughter']","Hugh:male,Johnson:male,James:male,Lynn:female",test
b8d5d31c-ed17-4d3f-996a-adc404c340a5,"('Lynn', 'James')",father,daughter-father-father,"['daughter', 'father', 'father']","Lynn:female,Dolores:female,Joshua:male,James:male",test
c4ef4bbe-88c6-4570-8786-3891a34b06cf,"('Lena', 'Frances')",mother,husband-son-grandmother,"['husband', 'son', 'grandmother']","Lena:female,Wesley:male,Chris:male,Frances:female",test
af6577fb-e9b8-45a9-a01a-d19d8b85fb93,"('James', 'Carrie')",granddaughter,wife-son-daughter,"['wife', 'son', 'daughter']","James:male,Frances:female,Francisco:male,Carrie:female",test
0972c140-c56c-4408-866e-b0dbf2a1af0a,"('Wesley', 'Francisco')",brother,daughter-grandmother-son,"['daughter', 'grandmother', 'son']","Wesley:male,Martha:female,Frances:female,Francisco:male",test
c76d7d97-55f1-4774-a0f4-073ea2638bfe,"('Frances', 'Francisco')",son,daughter-daughter-uncle,"['daughter', 'daughter', 'uncle']","Frances:female,Lena:female,Pamela:female,Francisco:male",test
40afb4fc-7999-4560-a6d2-67379bfa176f,"('Frances', 'Andrea')",granddaughter,husband-son-daughter,"['husband', 'son', 'daughter']","Frances:female,James:male,Joshua:male,Andrea:female",test
addfcf42-2a00-458f-b934-d6caa4b57471,"('Lynn', 'James')",father,daughter-father-father,"['daughter', 'father', 'father']","Lynn:female,Dolores:female,Joshua:male,James:male",test
fbc40a46-1ef5-4de8-97ae-d06a08364f39,"('Hugh', 'Wesley')",brother,daughter-grandmother-son,"['daughter', 'grandmother', 'son']","Hugh:male,Vanetta:female,Frances:female,Wesley:male",test
833bba82-4672-48cb-b6da-f76a7fb8ffbc,"('Frances', 'Wilhelmina')",granddaughter,husband-son-daughter,"['husband', 'son', 'daughter']","Frances:female,James:male,Francisco:male,Wilhelmina:female",test
12509122-f29d-4f05-bf69-d4411caad600,"('Lynn', 'Frances')",mother-in-law,husband-son-grandmother,"['husband', 'son', 'grandmother']","Lynn:female,Joshua:male,Joseph:male,Frances:female",test
9f69e447-b704-488a-88a6-bf9736080f0b,"('Frances', 'Hugh')",son,daughter-daughter-uncle,"['daughter', 'daughter', 'uncle']","Frances:female,Cindy:female,Anna:female,Hugh:male",test
3a54be64-3f39-49d7-b21e-6611ef9884c1,"('Wesley', 'Hugh')",brother,daughter-grandmother-son,"['daughter', 'grandmother', 'son']","Wesley:male,Mildred:female,Frances:female,Hugh:male",test
afd734f7-894e-4a9a-8246-da3691b042f1,"('Jon', 'Dorothy')",aunt,father-son-sister-mother-father-daughter,"['father', 'son', 'sister', 'mother', 'father', 'daughter']","Jon:female,Robert:male,Ronald:male,Charlsie:female,Katherine:female,Daniel:male,Dorothy:female",test
60268597-b83f-4374-be11-ee0326900608,"('Robert', 'Patrick')",nephew,son-brother-aunt-son-brother-brother,"['son', 'brother', 'aunt', 'son', 'brother', 'brother']","Robert:male,James:male,Ronald:male,Erica:female,Michael:male,Ross:male,Patrick:male",test
a1eff894-631a-4df3-86d5-692de85cc0cb,"('Frances', 'Hugh')",son,daughter-daughter-uncle,"['daughter', 'daughter', 'uncle']","Frances:female,Cindy:female,Natasha:female,Hugh:male",test
106bc167-77d3-4a30-81d7-4f253704d592,"('Dorothy', 'William')",nephew,son-aunt-daughter-brother-brother-brother,"['son', 'aunt', 'daughter', 'brother', 'brother', 'brother']","Dorothy:female,Arthur:male,Bonnie:female,Julie:female,David:male,Kenneth:male,William:male",test
28ec1020-eaf5-4fed-801a-93973e8c4d53,"('James', 'Felicia')",granddaughter,wife-son-daughter,"['wife', 'son', 'daughter']","James:male,Frances:female,Joshua:male,Felicia:female",test
79fa0cf0-2dcf-4af7-b77c-d0b9ad108d9d,"('Joshua', 'Lena')",sister,son-grandfather-daughter,"['son', 'grandfather', 'daughter']","Joshua:male,Joseph:male,James:male,Lena:female",test
8ee893ba-111c-4fc8-8337-6dab37abfcff,"('Lynn', 'Lena')",sister,son-grandfather-daughter,"['son', 'grandfather', 'daughter']","Lynn:female,Thomas:male,James:male,Lena:female",test
e4596659-dba3-4a17-b6ea-956606cfad32,"('James', 'Tina')",granddaughter,wife-son-daughter,"['wife', 'son', 'daughter']","James:male,Frances:female,Wesley:male,Tina:female",test
1e59ec95-708b-44c8-b53f-11f8a99725bf,"('Frances', 'Vanetta')",granddaughter,husband-son-daughter,"['husband', 'son', 'daughter']","Frances:female,James:male,Hugh:male,Vanetta:female",test
2f85b9bd-0d61-4a9e-a43f-3acab93a559b,"('Frances', 'Pamela')",granddaughter,husband-son-daughter,"['husband', 'son', 'daughter']","Frances:female,James:male,Wesley:male,Pamela:female",test
9276e81d-c31a-4ad9-baac-c9625c93c65b,"('Cindy', 'Frances')",mother-in-law,husband-son-grandmother,"['husband', 'son', 'grandmother']","Cindy:female,Francisco:male,Wayne:male,Frances:female",test
59fc9174-10ca-4daa-933f-0a9c17490374,"('Cindy', 'Lena')",sister,son-grandfather-daughter,"['son', 'grandfather', 'daughter']","Cindy:female,Richard:male,James:male,Lena:female",test
5f40a0a2-9b4a-4ebe-97dd-6b299d3f5590,"('Lena', 'James')",father,daughter-father-father,"['daughter', 'father', 'father']","Lena:female,Pamela:female,Wesley:male,James:male",test
cb9ec828-48cd-425a-89e3-ce00fdb2c0f0,"('James', 'Pamela')",granddaughter,wife-son-daughter,"['wife', 'son', 'daughter']","James:male,Frances:female,Wesley:male,Pamela:female",test
79ccb8c8-ffff-4caf-b5f2-8c73d4bb00de,"('Lynn', 'Wesley')",brother,daughter-grandmother-son,"['daughter', 'grandmother', 'son']","Lynn:female,Felicia:female,Frances:female,Wesley:male",test
afbf2412-87ba-4e4f-b64f-634a6497d207,"('James', 'Wesley')",son,daughter-daughter-uncle,"['daughter', 'daughter', 'uncle']","James:male,Lynn:female,Juanita:female,Wesley:male",test
56915871-c42b-49eb-8291-6005f7e5f394,"('Lynn', 'Hugh')",brother,daughter-grandmother-son,"['daughter', 'grandmother', 'son']","Lynn:female,Felicia:female,Frances:female,Hugh:male",test
76b99caf-a4cd-45c8-a32b-ecea57425d11,"('David', 'James')",father,daughter-father-father,"['daughter', 'father', 'father']","David:female,Marie:female,Hugh:male,James:male",test
e5cc3a35-f1ce-4c8c-9c27-678a4e683338,"('James', 'Anna')",granddaughter,wife-son-daughter,"['wife', 'son', 'daughter']","James:male,Frances:female,Francisco:male,Anna:female",test
735187fe-3ffe-4385-b443-1fa406171b1f,"('Lynn', 'Frances')",mother-in-law,husband-son-grandmother,"['husband', 'son', 'grandmother']","Lynn:female,Joshua:male,Clarence:male,Frances:female",test
b4929df8-7971-4d56-ae2f-969b5307d765,"('James', 'Wesley')",son,daughter-daughter-uncle,"['daughter', 'daughter', 'uncle']","James:male,Cindy:female,Carrie:female,Wesley:male",test
ede18f27-e427-418e-b141-13682670fdbe,"('Joshua', 'Lena')",sister,son-grandfather-daughter,"['son', 'grandfather', 'daughter']","Joshua:male,Joseph:male,James:male,Lena:female",test
a107c25b-ed84-48c1-9ab8-a7dc52c077fe,"('Frances', 'Felicia')",granddaughter,husband-son-daughter,"['husband', 'son', 'daughter']","Frances:female,James:male,Joshua:male,Felicia:female",test
e85ac401-1fc5-474c-ae8a-8e4cbf37f225,"('James', 'Joshua')",son,daughter-daughter-uncle,"['daughter', 'daughter', 'uncle']","James:male,David:female,Gloria:female,Joshua:male",test
3a79bc40-ad1c-478f-8443-a07e20ea0c3a,"('Lynn', 'Frances')",mother-in-law,husband-son-grandmother,"['husband', 'son', 'grandmother']","Lynn:female,Joshua:male,Joseph:male,Frances:female",test
61b9da46-3074-485d-961d-c126905cde7f,"('Frances', 'Wilhelmina')",granddaughter,husband-son-daughter,"['husband', 'son', 'daughter']","Frances:female,James:male,Francisco:male,Wilhelmina:female",test
a81ab816-10f4-469c-bd5d-173f28dffb18,"('David', 'James')",father,daughter-father-father,"['daughter', 'father', 'father']","David:female,Marie:female,Hugh:male,James:male",test
01fba4d3-af56-421d-9c08-74455a9eacf8,"('Wesley', 'Lynn')",sister,son-grandfather-daughter,"['son', 'grandfather', 'daughter']","Wesley:male,Theodore:male,James:male,Lynn:female",test
8d8f9581-0d30-4542-ad3f-bba110d6b6c6,"('James', 'Vanetta')",granddaughter,wife-son-daughter,"['wife', 'son', 'daughter']","James:male,Frances:female,Hugh:male,Vanetta:female",test
8e87ae7d-624f-4197-99ef-9a3238e95d3e,"('Lena', 'Joshua')",brother,daughter-grandmother-son,"['daughter', 'grandmother', 'son']","Lena:female,Tina:female,Frances:female,Joshua:male",test
039a774b-7ebb-4155-8310-d0a78b3017be,"('David', 'Francisco')",brother,daughter-grandmother-son,"['daughter', 'grandmother', 'son']","David:female,Marie:female,Frances:female,Francisco:male",test
6d2bbd7f-a2c7-4f5d-be77-b13631cebcd2,"('Lena', 'James')",father,daughter-father-father,"['daughter', 'father', 'father']","Lena:female,Martha:female,Wesley:male,James:male",test
6f56fdc6-25ea-4353-98d8-99d0e185d87e,"('James', 'Dolores')",granddaughter,wife-son-daughter,"['wife', 'son', 'daughter']","James:male,Frances:female,Joshua:male,Dolores:female",test
2159424d-43e1-43f6-a949-623b1744daa8,"('Lena', 'Frances')",mother,husband-son-grandmother,"['husband', 'son', 'grandmother']","Lena:female,Wesley:male,Charles:male,Frances:female",test
63110466-2ee5-4948-8413-a7428fbb11c4,"('Lynn', 'Frances')",mother,husband-son-grandmother,"['husband', 'son', 'grandmother']","Lynn:female,Joshua:male,Thomas:male,Frances:female",test
2135fd04-bd6f-488f-8c9d-d55fe6c24ce2,"('Alice', 'John')",nephew,son-sister-father-brother-son-sister-mother-son,"['son', 'sister', 'father', 'brother', 'son', 'sister', 'mother', 'son']","Alice:female,Roger:male,Earline:female,Manuel:male,Donald:male,Edgar:male,Jodi:female,Marge:female,John:male",test
e7552f1c-7def-4df6-b3d8-ea0f1f2deb44,"('Dallas', 'Edgar')",nephew,son-aunt-sister-mother-son-brother-daughter-brother,"['son', 'aunt', 'sister', 'mother', 'son', 'brother', 'daughter', 'brother']","Dallas:male,Gerald:male,Marge:female,Melody:female,Elizabeth:female,James:male,Donald:male,Jodi:female,Edgar:male",test
fef4136c-023d-45f7-825d-f64b5ef10644,"('John', 'Melody')",aunt,brother-mother-son-grandfather-daughter-brother-daughter-aunt,"['brother', 'mother', 'son', 'grandfather', 'daughter', 'brother', 'daughter', 'aunt']","John:male,Orlando:male,Marge:female,Luis:male,Maria:female,Manuel:male,Earline:female,Melody:female",test
768ce17b-9b7f-45bc-8504-6094f7332852,"('Donald', 'Roger')",nephew,wife-son-mother-sister-daughter-sister-sister-brother,"['wife', 'son', 'mother', 'sister', 'daughter', 'sister', 'sister', 'brother']","Donald:male,Marge:female,Edgar:male,Alice:female,Earline:female,Kim:female,Mary:female,Roger:male",test
c5b1a55d-1158-4e0a-9f15-06126461ed9f,"('Cecelia', 'Maria')",aunt,mother-daughter-father-daughter-brother-brother-uncle-sister,"['mother', 'daughter', 'father', 'daughter', 'brother', 'brother', 'uncle', 'sister']","Cecelia:female,Melody:female,Katherine:female,Dallas:male,Gerald:male,David:male,Donald:male,Maria:female",test
f0e5d467-3a49-4f14-9b34-edd7abcc7d7f,"('Marge', 'Jeffery')",nephew,brother-sister-sister-sister-father-wife-son-son,"['brother', 'sister', 'sister', 'sister', 'father', 'wife', 'son', 'son']","Marge:female,Dallas:male,Alice:female,Melody:female,Maria:female,Luis:male,Elizabeth:female,James:male,Jeffery:male",test
be8699a6-1cf5-43d9-ad6e-fbcbd170177b,"('Orlando', 'Melody')",aunt,father-mother-son-brother-sister-mother-daughter-sister,"['father', 'mother', 'son', 'brother', 'sister', 'mother', 'daughter', 'sister']","Orlando:male,Donald:male,Elizabeth:female,James:male,Dallas:male,Alice:female,Maria:female,Melody:female",test
7f62c8a3-90e4-4400-81c2-1ca7ae8d7944,"('Alice', 'Katherine')",niece,mother-son-sister-brother-sister-husband-son-sister,"['mother', 'son', 'sister', 'brother', 'sister', 'husband', 'son', 'sister']","Alice:female,Elizabeth:female,Manuel:male,Maria:female,Donald:male,Melody:female,Dallas:male,David:male,Katherine:female",test
3fd00bbb-a1bc-4646-8e4a-55ad47c1a9d4,"('Jeffery', 'Melody')",aunt,brother-brother-father-brother-son-sister-aunt-sister,"['brother', 'brother', 'father', 'brother', 'son', 'sister', 'aunt', 'sister']","Jeffery:male,Richard:male,Lucas:male,James:male,Manuel:male,Roger:male,Kim:female,Maria:female,Melody:female",test
b54c0406-cf5e-4ba6-ae5e-abc11d1d512d,"('Kim', 'James')",uncle,mother-mother-son-sister-son-uncle-sister-brother,"['mother', 'mother', 'son', 'sister', 'son', 'uncle', 'sister', 'brother']","Kim:female,Alice:female,Elizabeth:female,Donald:male,Maria:female,Richard:male,Dallas:male,Marge:female,James:male",test
4d7efcbf-526f-493d-802a-c736a7b94947,"('David', 'Donald')",uncle,mother-daughter-brother-sister-brother-father-daughter-uncle,"['mother', 'daughter', 'brother', 'sister', 'brother', 'father', 'daughter', 'uncle']","David:male,Melody:female,Katherine:female,Gerald:male,Cecelia:female,Dallas:male,Donald:male",test
78b10b8d-77c3-4185-a1d9-98ae0a790a7e,"('Gerald', 'Marge')",aunt,mother-daughter-brother-brother-sister-brother-father-sister,"['mother', 'daughter', 'brother', 'brother', 'sister', 'brother', 'father', 'sister']","Gerald:male,Melody:female,Katherine:female,David:male,Cecelia:female,Dallas:male,Marge:female",test
47feee6c-683d-4ed4-9b21-74579d8e79d1,"('James', 'Katherine')",niece,son-sister-brother-brother-mother-brother-sister-daughter,"['son', 'sister', 'brother', 'brother', 'mother', 'brother', 'sister', 'daughter']","James:male,Jeffery:male,Leslie:female,Richard:male,Lucas:male,Maria:female,Donald:male,Melody:female,Katherine:female",test
6983af91-a063-4674-812f-911c9b828499,"('Manuel', 'David')",nephew,brother-sister-sister-daughter-sister-father-daughter-brother,"['brother', 'sister', 'sister', 'daughter', 'sister', 'father', 'daughter', 'brother']","Manuel:male,James:male,Alice:female,Melody:female,Katherine:female,Cecelia:female,Dallas:male,David:male",test
2a9d3683-e7bc-432c-9028-f952eed795f4,"('Kim', 'Luis')",grandfather,brother-sister-brother-mother-sister-brother-son-grandfather,"['brother', 'sister', 'brother', 'mother', 'sister', 'brother', 'son', 'grandfather']","Kim:female,Roger:male,Earline:female,Alice:female,Marge:female,James:male,Jeffery:male,Luis:male",test
020ac677-b25c-4ca2-a072-5f86700148ce,"('Katherine', 'James')",uncle,father-son-brother-sister-mother-sister-sister-brother,"['father', 'son', 'brother', 'sister', 'mother', 'sister', 'sister', 'brother']","Katherine:female,Dallas:male,Gerald:male,David:male,Cecelia:female,Melody:female,Maria:female,Marge:female,James:male",test
ab661c63-7933-499e-aaa5-2cdcf6f2a31d,"('Maria', 'David')",nephew,son-brother-father-brother-brother-mother-daughter-son,"['son', 'brother', 'father', 'brother', 'brother', 'mother', 'daughter', 'son']","Maria:female,Richard:male,Lucas:male,James:male,Donald:male,Elizabeth:female,Melody:female,David:male",test
faf72c2b-26f0-470e-98a4-e20182709794,"('Donald', 'Alice')",sister,son-sister-mother-brother-sister-son-grandmother-daughter,"['son', 'sister', 'mother', 'brother', 'sister', 'son', 'grandmother', 'daughter']","Donald:male,Edgar:male,Jodi:female,Marge:female,James:male,Elizabeth:female,Alice:female",test
bcfd460d-ba61-4868-841a-f389b81eb34b,"('Maria', 'Katherine')",niece,sister-sister-daughter-brother-brother-brother-sister-sister,"['sister', 'sister', 'daughter', 'brother', 'brother', 'brother', 'sister', 'sister']","Maria:female,Alice:female,Melody:female,Cecelia:female,David:male,Gerald:male,Katherine:female",test
79e5ee96-d514-4cb8-b434-e505acdc0a3e,"('Kim', 'Melody')",aunt,brother-sister-mother-son-uncle-father-son-sister,"['brother', 'sister', 'mother', 'son', 'uncle', 'father', 'son', 'sister']","Kim:female,Roger:male,Mary:female,Alice:female,Donald:male,Luis:male,James:male,Melody:female",test
62aa1145-25b8-4575-a1f2-670f9592de1a,"('Lucas', 'Melody')",aunt,mother-son-brother-sister-father-son-mother-sister,"['mother', 'son', 'brother', 'sister', 'father', 'son', 'mother', 'sister']","Lucas:male,Maria:female,Jeffery:male,Richard:male,Leslie:female,James:male,Melody:female",test
8327adaa-421e-4e07-b502-c8bc6ab47b65,"('James', 'Kim')",niece,brother-daughter-aunt-daughter-brother-sister-father-daughter,"['brother', 'daughter', 'aunt', 'daughter', 'brother', 'sister', 'father', 'daughter']","James:male,Dallas:male,Katherine:female,Alice:female,Earline:female,Roger:male,Mary:female,Manuel:male,Kim:female",test
23f5571d-53c3-4f55-acf8-0658adfd8b0f,"('Richard', 'Luis')",grandfather,sister-brother-sister-mother-son-brother-sister-grandfather,"['sister', 'brother', 'sister', 'mother', 'son', 'brother', 'sister', 'grandfather']","Richard:male,Leslie:female,Lucas:male,Maria:female,Jeffery:male,Luis:male",test
3d6cf83a-5e4c-4198-a667-1ba8fdce65e2,"('Roger', 'Luis')",grandfather,sister-sister-father-daughter-sister-mother-sister-father,"['sister', 'sister', 'father', 'daughter', 'sister', 'mother', 'sister', 'father']","Roger:male,Mary:female,Earline:female,Manuel:male,Kim:female,Alice:female,Melody:female,Luis:male",test
792df31f-39fa-4d6c-8eba-7e7d32a476a5,"('Edgar', 'Melody')",aunt,brother-father-son-sister-mother-brother-sister-sister,"['brother', 'father', 'son', 'sister', 'mother', 'brother', 'sister', 'sister']","Edgar:male,Orlando:male,Donald:male,Jodi:female,Marge:female,Manuel:male,Melody:female",test
4e2d4133-68c0-42e2-a967-d96664177856,"('Melody', 'Kim')",niece,daughter-father-sister-mother-son-daughter-brother-sister,"['daughter', 'father', 'sister', 'mother', 'son', 'daughter', 'brother', 'sister']","Melody:female,Katherine:female,Dallas:male,Marge:female,Elizabeth:female,Manuel:male,Mary:female,Roger:male,Kim:female",test
7ea09299-fa40-4d99-8044-179aab29d6c2,"('Maria', 'Mary')",niece,son-uncle-mother-daughter-brother-wife-son-sister,"['son', 'uncle', 'mother', 'daughter', 'brother', 'wife', 'son', 'sister']","Maria:female,Richard:male,Donald:male,Elizabeth:female,Melody:female,Manuel:male,Alice:female,Roger:male,Mary:female",test
8fc5bb92-5dc7-4833-9b56-278512557f07,"('Marge', 'Elizabeth')",mother,son-father-brother-daughter-mother-son-uncle-mother,"['son', 'father', 'brother', 'daughter', 'mother', 'son', 'uncle', 'mother']","Marge:female,Orlando:male,Donald:male,Manuel:male,Mary:female,Alice:female,Roger:male,James:male,Elizabeth:female",test
62d1c4df-0c29-4973-8dff-b78402b9ff32,"('James', 'Shana')",niece,daughter-aunt-brother-sister-brother-brother-son-sister,"['daughter', 'aunt', 'brother', 'sister', 'brother', 'brother', 'son', 'sister']","James:male,Leslie:female,Melody:female,Donald:male,Maria:female,Manuel:male,Dallas:male,David:male,Shana:female",test
0f9a5af3-fee8-4ffe-86da-3e24fb8c558b,"('Jodi', 'Manuel')",uncle,brother-father-son-aunt-son-sister-father-brother,"['brother', 'father', 'son', 'aunt', 'son', 'sister', 'father', 'brother']","Jodi:female,John:male,Donald:male,Edgar:male,Melody:female,Gerald:male,Katherine:female,Dallas:male,Manuel:male",test
6085ff26-7ba6-4c23-96b2-b0130b6639f3,"('Marge', 'Leslie')",niece,daughter-brother-aunt-son-uncle-son-brother-sister,"['daughter', 'brother', 'aunt', 'son', 'uncle', 'son', 'brother', 'sister']","Marge:female,Jodi:female,Orlando:male,Alice:female,Roger:male,James:male,Lucas:male,Jeffery:male,Leslie:female",test
e3784dc4-e100-4b42-8ee3-6defab058714,"('Alice', 'Jodi')",niece,brother-son-mother-sister-son-grandfather-son-daughter,"['brother', 'son', 'mother', 'sister', 'son', 'grandfather', 'son', 'daughter']","Alice:female,James:male,Jeffery:male,Maria:female,Marge:female,Edgar:male,Luis:male,Donald:male,Jodi:female",test
4cca2fc1-c9ab-49cc-ad72-28306f45fcd9,"('Mark', 'Albert')",nephew,daughter-sister-sister-mother-son-sister-mother-brother-son,"['daughter', 'sister', 'sister', 'mother', 'son', 'sister', 'mother', 'brother', 'son']","Mark:male,Marie:female,Leah:female,Donna:female,Wallace:male,Helen:female,Kyle:male,Albert:male",test
c604b43a-c5e5-42c0-9fd1-0a6f52d70ecd,"('Luis', 'James')",son,daughter-mother-daughter-sister-sister-daughter-sister-uncle,"['daughter', 'mother', 'daughter', 'sister', 'sister', 'daughter', 'sister', 'uncle']","Luis:male,Marge:female,Elizabeth:female,Maria:female,Melody:female,Alice:female,Earline:female,Kim:female,James:male",test
cfa1785d-8bc3-4952-a5f8-1b590c931365,"('Maria', 'Cecelia')",niece,husband-son-aunt-son-mother-son-father-daughter,"['husband', 'son', 'aunt', 'son', 'mother', 'son', 'father', 'daughter']","Maria:female,James:male,Richard:male,Melody:female,David:male,Gerald:male,Dallas:male,Cecelia:female",test
70d5102b-b300-46d4-9e63-0b468b71c3f9,"('Orlando', 'Dallas')",uncle,brother-father-wife-son-brother-mother-daughter-uncle,"['brother', 'father', 'wife', 'son', 'brother', 'mother', 'daughter', 'uncle']","Orlando:male,John:male,Donald:male,Marge:female,Edgar:male,Jodi:female,Dallas:male",test
9c0fab58-8b4e-489d-9885-83aff7f82465,"('Dallas', 'Mary')",niece,son-aunt-daughter-sister-brother-father-daughter-sister,"['son', 'aunt', 'daughter', 'sister', 'brother', 'father', 'daughter', 'sister']","Dallas:male,David:male,Alice:female,Kim:female,Earline:female,Roger:male,Manuel:male,Mary:female",test
01c47175-e63f-4b44-8f8c-0a5691820a2d,"('James', 'Elizabeth')",mother,son-uncle-son-sister-sister-aunt-sister-mother,"['son', 'uncle', 'son', 'sister', 'sister', 'aunt', 'sister', 'mother']","James:male,Richard:male,Manuel:male,Roger:male,Kim:female,Mary:female,Marge:female,Maria:female,Elizabeth:female",test
c6a51e4b-403d-498f-b0e7-faaea81dd22a,"('Donald', 'Earline')",niece,wife-son-sister-grandmother-husband-daughter-daughter-sister,"['wife', 'son', 'sister', 'grandmother', 'husband', 'daughter', 'daughter', 'sister']","Donald:male,Marge:female,John:male,Jodi:female,Elizabeth:female,Luis:male,Alice:female,Kim:female,Earline:female",test
f22ca1c7-2544-4d27-87ec-4d83d58ddc9c,"('Jeffery', 'Marge')",aunt,brother-brother-sister-father-brother-son-mother-sister,"['brother', 'brother', 'sister', 'father', 'brother', 'son', 'mother', 'sister']","Jeffery:male,Lucas:male,Richard:male,Leslie:female,James:male,Dallas:male,David:male,Melody:female,Marge:female",test
2defec5b-bbf2-431a-8a58-7ba9903c1f5a,"('Elizabeth', 'Maria')",daughter,son-brother-daughter-aunt-son-sister-father-sister,"['son', 'brother', 'daughter', 'aunt', 'son', 'sister', 'father', 'sister']","Elizabeth:female,James:male,Manuel:male,Mary:female,Melody:female,David:male,Katherine:female,Dallas:male,Maria:female",test
705fc0c3-fb39-4870-9f8d-8635e3d42328,"('Donald', 'James')",brother,daughter-brother-mother-son-sister-grandfather-daughter-brother,"['daughter', 'brother', 'mother', 'son', 'sister', 'grandfather', 'daughter', 'brother']","Donald:male,Jodi:female,Orlando:male,Marge:female,Luis:male,Melody:female,James:male",test
2285c7ba-1e4e-4eff-bb90-ad92029cdade,"('Dallas', 'Jeffery')",nephew,daughter-brother-brother-mother-son-sister-uncle-son,"['daughter', 'brother', 'brother', 'mother', 'son', 'sister', 'uncle', 'son']","Dallas:male,Katherine:female,David:male,Gerald:male,Melody:female,Cecelia:female,James:male,Jeffery:male",test
e039685c-0358-44a6-9626-2cfecda53a7c,"('Manuel', 'Richard')",nephew,wife-daughter-uncle-brother-wife-son-sister-brother,"['wife', 'daughter', 'uncle', 'brother', 'wife', 'son', 'sister', 'brother']","Manuel:male,Alice:female,Earline:female,Dallas:male,James:male,Maria:female,Lucas:male,Leslie:female,Richard:male",test
97894c1c-f23c-4a52-a818-3b7ac79a28e6,"('Shana', 'Maria')",aunt,sister-sister-father-wife-daughter-sister-brother-aunt,"['sister', 'sister', 'father', 'wife', 'daughter', 'sister', 'brother', 'aunt']","Shana:female,Cecelia:female,Katherine:female,Dallas:male,Melody:female,David:male,Maria:female",test
9a9f54c1-ab9d-4e52-a449-b7aca98dce3d,"('Richard', 'Elizabeth')",grandmother,brother-brother-father-brother-son-brother-brother-grandmother,"['brother', 'brother', 'father', 'brother', 'son', 'brother', 'brother', 'grandmother']","Richard:male,Jeffery:male,Lucas:male,James:male,Donald:male,Edgar:male,John:male,Orlando:male,Elizabeth:female",test
9739d1f7-e9ed-4d9a-98a4-f782f0f1ee13,"('James', 'Mary')",niece,father-son-brother-daughter-mother-brother-wife-daughter,"['father', 'son', 'brother', 'daughter', 'mother', 'brother', 'wife', 'daughter']","James:male,Luis:male,Donald:male,Dallas:male,Cecelia:female,Melody:female,Manuel:male,Alice:female,Mary:female",test
e531a85b-a133-4624-9b80-09c0e254e4fb,"('Richard', 'Alice')",aunt,brother-brother-brother-mother-husband-daughter-grandfather-daughter,"['brother', 'brother', 'brother', 'mother', 'husband', 'daughter', 'grandfather', 'daughter']","Richard:male,Lucas:male,Jeffery:male,Maria:female,James:male,Leslie:female,Luis:male,Alice:female",test
6077ad3c-210d-4a26-b598-89eb3f7723a8,"('Orlando', 'Melody')",aunt,brother-brother-father-wife-son-brother-mother-sister,"['brother', 'brother', 'father', 'wife', 'son', 'brother', 'mother', 'sister']","Orlando:male,John:male,Edgar:male,Donald:male,Marge:female,Melody:female",test
86330538-97a3-44a3-88b6-ccaf0840f915,"('Marge', 'Alice')",sister,son-brother-father-brother-daughter-brother-sister-aunt,"['son', 'brother', 'father', 'brother', 'daughter', 'brother', 'sister', 'aunt']","Marge:female,John:male,Orlando:male,Donald:male,Dallas:male,Shana:female,David:male,Katherine:female,Alice:female",test
ab57cb09-78b5-4b74-ace4-9e1ec213fbd6,"('Melody', 'Richard')",nephew,husband-daughter-sister-sister-aunt-son-brother-brother,"['husband', 'daughter', 'sister', 'sister', 'aunt', 'son', 'brother', 'brother']","Melody:female,Dallas:male,Shana:female,Cecelia:female,Katherine:female,Maria:female,Jeffery:male,Lucas:male,Richard:male",test
c56797e6-eff0-4e22-9042-696287d9ab98,"('Luis', 'Jodi')",granddaughter,son-sister-sister-brother-sister-sister-son-sister,"['son', 'sister', 'sister', 'brother', 'sister', 'sister', 'son', 'sister']","Luis:male,Donald:male,Maria:female,Alice:female,Dallas:male,Marge:female,Orlando:male,Jodi:female",test
d7b5f751-b519-45ca-b53d-4f746e980bb1,"('Elizabeth', 'Leslie')",granddaughter,son-sister-husband-son-father-son-father-daughter,"['son', 'sister', 'husband', 'son', 'father', 'son', 'father', 'daughter']","Elizabeth:female,Manuel:male,Maria:female,James:male,Lucas:male,Jeffery:male,Leslie:female",test
3bb53807-6c9e-4e28-a8a1-75a3457ed961,"('John', 'Luis')",grandfather,brother-sister-brother-mother-son-sister-brother-grandfather,"['brother', 'sister', 'brother', 'mother', 'son', 'sister', 'brother', 'grandfather']","John:male,Edgar:male,Jodi:female,Marge:female,Orlando:male,Luis:male",test
8e6dc793-0c85-41d9-8096-60d04be9a2d4,"('Jeffery', 'Melody')",aunt,father-son-brother-uncle-son-mother-daughter-aunt,"['father', 'son', 'brother', 'uncle', 'son', 'mother', 'daughter', 'aunt']","Jeffery:male,James:male,Richard:male,Donald:male,Orlando:male,Marge:female,Jodi:female,Melody:female",test
ceacb412-49fb-4ee0-91a4-1b239a2178cf,"('Kim', 'James')",uncle,sister-brother-sister-father-brother-sister-sister-brother,"['sister', 'brother', 'sister', 'father', 'brother', 'sister', 'sister', 'brother']","Kim:female,Mary:female,Roger:male,Earline:female,Manuel:male,Dallas:male,Maria:female,Melody:female,James:male",test
50a51456-f763-4832-82da-db04427fc7c2,"('Donald', 'David')",nephew,sister-son-father-brother-brother-daughter-sister-brother,"['sister', 'son', 'father', 'brother', 'brother', 'daughter', 'sister', 'brother']","Donald:male,Maria:female,Jeffery:male,James:male,Manuel:male,Dallas:male,Shana:female,Katherine:female,David:male",test
f98fa7ce-f7d7-4d2a-882e-dcd17b4758ae,"('Orlando', 'James')",uncle,mother-son-mother-daughter-father-brother-mother-son,"['mother', 'son', 'mother', 'daughter', 'father', 'brother', 'mother', 'son']","Orlando:male,Marge:female,John:male,Jodi:female,Donald:male,Manuel:male,Elizabeth:female,James:male",test
1f201591-dc59-4288-924b-891484c378e2,"('Dallas', 'Marge')",sister,brother-brother-sister-daughter-sister-father-son-aunt,"['brother', 'brother', 'sister', 'daughter', 'sister', 'father', 'son', 'aunt']","Dallas:male,James:male,Donald:male,Alice:female,Kim:female,Mary:female,Manuel:male,Roger:male,Marge:female",test
f15304ca-8564-4c61-b0b0-6520457ac6ce,"('Gerald', 'Alice')",aunt,brother-father-brother-sister-son-brother-sister-aunt,"['brother', 'father', 'brother', 'sister', 'son', 'brother', 'sister', 'aunt']","Gerald:male,David:male,Dallas:male,James:male,Marge:female,Orlando:male,Edgar:male,Jodi:female,Alice:female",test
29c23809-89da-4ac6-970e-80d837f95999,"('Dallas', 'Alice')",sister,sister-brother-daughter-aunt-son-uncle-brother-sister,"['sister', 'brother', 'daughter', 'aunt', 'son', 'uncle', 'brother', 'sister']","Dallas:male,Maria:female,Manuel:male,Mary:female,Melody:female,David:male,James:male,Donald:male,Alice:female",test
7bd0952f-b7a2-40e0-ab2a-a97f35d47504,"('James', 'Hugh')",son,daughter-daughter-uncle,"['daughter', 'daughter', 'uncle']","James:male,Lena:female,Pamela:female,Hugh:male",test
11b1955d-a083-4402-bcb6-5b7e69aff613,"('Hugh', 'Wesley')",brother,daughter-grandmother-son,"['daughter', 'grandmother', 'son']","Hugh:male,Vanetta:female,Frances:female,Wesley:male",test
07352296-4d72-4f23-867b-2dc91e0335fb,"('James', 'Natasha')",granddaughter,wife-son-daughter,"['wife', 'son', 'daughter']","James:male,Frances:female,Francisco:male,Natasha:female",test
50205005-e0f7-4386-a153-31b072016040,"('Cesar', 'Stanley')",nephew,son-aunt-son-aunt-father-son-wife-son-sister-brother,"['son', 'aunt', 'son', 'aunt', 'father', 'son', 'wife', 'son', 'sister', 'brother']","Cesar:male,Dan:male,Constance:female,Stanley:male,Ellen:female,Steven:male,Steve:male,Don:male,Rita:female",test
4da7525b-4b04-459e-96fd-43aec1c4fdb0,"('Clarence', 'Jacob')",grandson,granddaughter-brother,"['granddaughter', 'brother']","Clarence:male,Lorraine:female,Jacob:male",test
464afcd8-9ca3-4d45-b6fd-942afcd0568a,"('Clarence', 'Nicolas')",grandson,granddaughter-brother,"['granddaughter', 'brother']","Clarence:male,Belva:female,Nicolas:male",test
e1508cc0-9167-4382-9e11-005d139cd870,"('Clarence', 'Rosetta')",granddaughter,grandson-sister,"['grandson', 'sister']","Clarence:male,Nicolas:male,Rosetta:female",test
7f78dea0-6f86-4b6b-94cd-0eca9d783667,"('Clarence', 'Nicolas')",grandson,granddaughter-brother,"['granddaughter', 'brother']","Clarence:male,Belva:female,Nicolas:male",test
4541a41b-66a8-41ed-b86a-0f2fb449a922,"('Clarence', 'Rosetta')",granddaughter,grandson-sister,"['grandson', 'sister']","Clarence:male,Nicolas:male,Rosetta:female",test
51f8ec81-c2d2-4a64-b0ec-fa6d0f6f9480,"('Clarence', 'Kevin')",grandson,granddaughter-brother,"['granddaughter', 'brother']","Clarence:male,Lorraine:female,Kevin:male",test
42903104-bdf8-40cb-a148-82fd2109d223,"('Ashley', 'Jennifer')",granddaughter,grandson-sister,"['grandson', 'sister']","Ashley:female,Dennis:male,Jennifer:female",test
83b85772-1dda-47c2-9c87-072dd21d642b,"('Clarence', 'Michael')",grandson,granddaughter-brother,"['granddaughter', 'brother']","Clarence:male,Mary:female,Michael:male",test
16b898d1-a77e-4e05-86d6-b6e614b030ab,"('Ashley', 'Charlotte')",granddaughter,grandson-sister,"['grandson', 'sister']","Ashley:female,Tony:male,Charlotte:female",test
3dfca4ba-f6e5-449c-8a24-739e7c746559,"('Clarence', 'Glen')",grandson,granddaughter-brother,"['granddaughter', 'brother']","Clarence:male,Emily:female,Glen:male",test
55fc99eb-1440-4247-b53d-96540206ce2f,"('Clarence', 'Louise')",granddaughter,grandson-sister,"['grandson', 'sister']","Clarence:male,Jeff:male,Louise:female",test
262a6aaa-2561-4310-a9f0-f97d5aa4950d,"('Clarence', 'June')",granddaughter,grandson-sister,"['grandson', 'sister']","Clarence:male,Nicolas:male,June:female",test
329c0307-707e-4483-97d3-425b7dde32bb,"('Clarence', 'Glen')",grandson,granddaughter-brother,"['granddaughter', 'brother']","Clarence:male,Emily:female,Glen:male",test
946e19f0-a149-4317-9ea9-053788662090,"('Clarence', 'June')",granddaughter,grandson-sister,"['grandson', 'sister']","Clarence:male,Tony:male,June:female",test
0f226f4d-dc2d-4051-a875-9e555ecf0f22,"('Ashley', 'Michael')",grandson,granddaughter-brother,"['granddaughter', 'brother']","Ashley:female,Emily:female,Michael:male",test
511be16e-05ba-4d6a-b258-ef2201d6757a,"('Clarence', 'Michael')",grandson,granddaughter-brother,"['granddaughter', 'brother']","Clarence:male,Emily:female,Michael:male",test
d40ab899-bd74-44ed-93db-c5970e5ffe75,"('Steve', 'Eric')",nephew,son-sister-mother-brother-daughter-mother-brother-son-mother-son,"['son', 'sister', 'mother', 'brother', 'daughter', 'mother', 'brother', 'son', 'mother', 'son']","Steve:male,Don:male,Rita:female,Constance:female,William:male,Monica:female,Margaret:female,Cesar:male,Dan:male,Patrice:female,Eric:male",test
9d872af3-9a66-4496-b8ba-79bdd2576d26,"('James', 'Constance')",sister,daughter-mother-brother-brother-daughter-uncle-sister-sister-daughter-aunt,"['daughter', 'mother', 'brother', 'brother', 'daughter', 'uncle', 'sister', 'sister', 'daughter', 'aunt']","James:male,Nadia:female,Ellen:female,Cesar:male,William:male,Teresita:female,Steve:male,Margaret:female,Mabel:female,Constance:female",test
193b29c0-225a-4635-9c7a-aae78111460c,"('Margaret', 'Steve')",brother,daughter-sister-father-daughter-brother-uncle-sister-daughter-uncle-brother,"['daughter', 'sister', 'father', 'daughter', 'brother', 'uncle', 'sister', 'daughter', 'uncle', 'brother']","Margaret:female,Eula:female,Monica:female,William:male,Willie:male,Steve:male,Ellen:female,Kathleen:female,Cesar:male",test
d1abed9f-1f1d-4d38-b6b1-556fd072b0de,"('Margaret', 'Eric')",nephew,sister-daughter-father-son-uncle-son-brother-mother-daughter-brother,"['sister', 'daughter', 'father', 'son', 'uncle', 'son', 'brother', 'mother', 'daughter', 'brother']","Margaret:female,Constance:female,Beatrice:female,Steve:male,Stanley:male,Cesar:male,Darryl:male,Dan:male,Patrice:female,Nora:female,Eric:male",test
a69511c8-dd5b-4d27-a204-84e6354e28a8,"('Margaret', 'Nadia')",niece,daughter-sister-father-sister-mother-daughter-daughter-sister-sister-sister,"['daughter', 'sister', 'father', 'sister', 'mother', 'daughter', 'daughter', 'sister', 'sister', 'sister']","Margaret:female,Monica:female,Eula:female,William:male,Patrice:female,Elsie:female,Ellen:female,Kathleen:female,Mabel:female,Sharon:female,Nadia:female",test
5ca1f9fd-ff5f-4b77-a379-c2f43692c3f4,"('Dan', 'Margaret')",aunt,brother-sister-brother-father-daughter-brother-sister-grandfather-son-sister,"['brother', 'sister', 'brother', 'father', 'daughter', 'brother', 'sister', 'grandfather', 'son', 'sister']","Dan:male,Darryl:male,Nora:female,Eric:male,Cesar:male,Steven:male,James:male,Margaret:female",test
29080e7d-0561-4f01-a83b-67fce2aa8229,"('Don', 'James')",uncle,sister-brother-sister-sister-brother-father-brother-daughter-brother-uncle,"['sister', 'brother', 'sister', 'sister', 'brother', 'father', 'brother', 'daughter', 'brother', 'uncle']","Don:male,Rita:female,Stanley:male,Beatrice:female,Steve:male,William:male,Eula:female,Willie:male,James:male",test
b13170fc-06d0-4272-8de1-8aa84ced2ca6,"('Stanley', 'Ellen')",aunt,brother-mother-brother-father-son-sister-daughter-aunt-daughter-aunt,"['brother', 'mother', 'brother', 'father', 'son', 'sister', 'daughter', 'aunt', 'daughter', 'aunt']","Stanley:male,Don:male,Constance:female,Cesar:male,Steven:male,Steve:male,Margaret:female,Teresita:female,Patrice:female,Nora:female,Ellen:female",test
7c0d552c-144d-4ad0-8b8f-a0fab9bb7098,"('Nadia', 'Patrice')",aunt,father-daughter-sister-grandmother-daughter-brother-brother-sister-father-daughter,"['father', 'daughter', 'sister', 'grandmother', 'daughter', 'brother', 'brother', 'sister', 'father', 'daughter']","Nadia:female,James:male,Mabel:female,Elsie:female,Constance:female,William:male,Steve:male,Ellen:female,Steven:male,Patrice:female",test
5cd1185e-e44b-4f16-b652-0971a5b5bcc7,"('Elsie', 'Darryl')",grandson,daughter-sister-brother-wife-son-mother-daughter-brother-mother-son,"['daughter', 'sister', 'brother', 'wife', 'son', 'mother', 'daughter', 'brother', 'mother', 'son']","Elsie:female,Margaret:female,Ellen:female,Cesar:male,Patrice:female,Eric:male,Nora:female,Dan:male,Darryl:male",test
71e00bbd-e878-4e77-901e-cafe46ea8837,"('Monica', 'Patrice')",aunt,mother-daughter-mother-daughter-sister-brother-father-sister-sister-sister,"['mother', 'daughter', 'mother', 'daughter', 'sister', 'brother', 'father', 'sister', 'sister', 'sister']","Monica:female,Margaret:female,Eula:female,Teresita:female,Willie:male,William:male,Constance:female,Patrice:female",test
104970ad-44dc-46f9-aa4c-2486e9ce3ce7,"('Ellen', 'Darryl')",nephew,sister-brother-son-mother-husband-son-sister-brother-mother-son,"['sister', 'brother', 'son', 'mother', 'husband', 'son', 'sister', 'brother', 'mother', 'son']","Ellen:female,Constance:female,Cesar:male,Dan:male,Patrice:female,Eric:male,Nora:female,Darryl:male",test
0fe1b247-d1da-4d83-9bdb-69fcf4d47480,"('Eric', 'Ellen')",aunt,brother-brother-mother-brother-brother-daughter-sister-sister-mother-sister,"['brother', 'brother', 'mother', 'brother', 'brother', 'daughter', 'sister', 'sister', 'mother', 'sister']","Eric:male,Darryl:male,Dan:male,Patrice:female,William:male,Steve:male,Rita:female,Beatrice:female,Constance:female,Ellen:female",test
2d0b8241-2b14-4ec5-a096-cc63d06ab267,"('Nora', 'William')",uncle,brother-father-son-sister-brother-brother-grandmother-husband-daughter-brother,"['brother', 'father', 'son', 'sister', 'brother', 'brother', 'grandmother', 'husband', 'daughter', 'brother']","Nora:female,Eric:male,Cesar:male,Dan:male,Darryl:male,Elsie:female,Steven:male,Ellen:female,William:male",test
c5e1a350-9492-4d24-a808-532f35e22d52,"('Ashley', 'Emily')",granddaughter,grandson-sister,"['grandson', 'sister']","Ashley:female,Michael:male,Emily:female",test
692e3585-40be-49f4-bdfa-5575d0a9662a,"('Ashley', 'Jennifer')",granddaughter,grandson-sister,"['grandson', 'sister']","Ashley:female,Dennis:male,Jennifer:female",test
5ccbd458-0e90-4a91-8b3d-fc06c1364670,"('Darryl', 'William')",uncle,father-son-father-son-father-daughter-brother-mother-son-uncle,"['father', 'son', 'father', 'son', 'father', 'daughter', 'brother', 'mother', 'son', 'uncle']","Darryl:male,Cesar:male,Dan:male,Eric:male,Nora:female,Patrice:female,William:male",test
5a3559c6-c217-4996-b17e-0aaa1bb13d0e,"('Constance', 'Steven')",father,son-sister-father-sister-mother-daughter-sister-sister-sister-father,"['son', 'sister', 'father', 'sister', 'mother', 'daughter', 'sister', 'sister', 'sister', 'father']","Constance:female,Stanley:male,Beatrice:female,Steve:male,Margaret:female,Elsie:female,Patrice:female,Ellen:female,Steven:male",test
54f551fa-af91-4852-a9e8-e36551582d7a,"('James', 'Stanley')",nephew,daughter-aunt-son-grandfather-son-daughter-brother-sister-mother-son,"['daughter', 'aunt', 'son', 'grandfather', 'son', 'daughter', 'brother', 'sister', 'mother', 'son']","James:male,Nadia:female,Patrice:female,Eric:male,Steven:male,Steve:male,Rita:female,Don:male,Beatrice:female,Constance:female,Stanley:male",test
9d6e1147-738a-492c-8601-3bf0efd0d4f8,"('Steve', 'Steven')",father,son-sister-brother-aunt-sister-sister-daughter-aunt-daughter-grandfather,"['son', 'sister', 'brother', 'aunt', 'sister', 'sister', 'daughter', 'aunt', 'daughter', 'grandfather']","Steve:male,Stanley:male,Rita:female,Don:male,Patrice:female,Constance:female,Margaret:female,Eula:female,Ellen:female,Mabel:female,Steven:male",test
1d1def33-5593-451a-b08d-306c34b26522,"('Patrice', 'Willie')",nephew,father-son-brother-brother-brother-sister-daughter-uncle-daughter-brother,"['father', 'son', 'brother', 'brother', 'brother', 'sister', 'daughter', 'uncle', 'daughter', 'brother']","Patrice:female,Steven:male,James:male,Steve:male,Cesar:male,Ellen:female,Sharon:female,William:male,Eula:female,Willie:male",test
9a27f18e-f08b-4d10-8bc0-f701d29f0e16,"('Steven', 'Darryl')",grandson,daughter-sister-mother-daughter-brother-son-mother-daughter-brother-brother,"['daughter', 'sister', 'mother', 'daughter', 'brother', 'son', 'mother', 'daughter', 'brother', 'brother']","Steven:male,Ellen:female,Margaret:female,Elsie:female,Constance:female,Cesar:male,Dan:male,Patrice:female,Nora:female,Eric:male,Darryl:male",test
29e72fa8-1b92-4f1d-a10a-cddfed0ac390,"('Elsie', 'Nora')",granddaughter,daughter-sister-daughter-sister-sister-sister-sister-father-sister-daughter,"['daughter', 'sister', 'daughter', 'sister', 'sister', 'sister', 'sister', 'father', 'sister', 'daughter']","Elsie:female,Margaret:female,Ellen:female,Nadia:female,Kathleen:female,Sharon:female,James:male,Patrice:female,Nora:female",test
6d4c7b78-2c97-49d4-9d3e-4174ea9ebfce,"('Nadia', 'Steve')",uncle,mother-daughter-sister-father-mother-son-sister-daughter-grandfather-son,"['mother', 'daughter', 'sister', 'father', 'mother', 'son', 'sister', 'daughter', 'grandfather', 'son']","Nadia:female,Ellen:female,Mabel:female,Sharon:female,James:male,Elsie:female,Cesar:male,Constance:female,Beatrice:female,Steven:male,Steve:male",test
77b2ecfc-4870-409c-a3e9-0bc9674fb331,"('Ellen', 'Patrice')",sister,daughter-sister-sister-mother-daughter-father-brother-son-sister-aunt,"['daughter', 'sister', 'sister', 'mother', 'daughter', 'father', 'brother', 'son', 'sister', 'aunt']","Ellen:female,Kathleen:female,Mabel:female,Sharon:female,James:male,Steve:male,Stanley:male,Rita:female,Patrice:female",test
de30ca2d-fb41-4792-9f1e-1c9c83670a96,"('Eric', 'William')",uncle,sister-brother-mother-brother-daughter-father-daughter-sister-mother-brother,"['sister', 'brother', 'mother', 'brother', 'daughter', 'father', 'daughter', 'sister', 'mother', 'brother']","Eric:male,Nora:female,Darryl:male,Patrice:female,James:male,Kathleen:female,Sharon:female,Mabel:female,Ellen:female,William:male",test
7b3162f4-9c8b-4ea8-958f-9e60360877be,"('Patrice', 'Mabel')",niece,sister-son-sister-brother-brother-grandfather-son-son-uncle-daughter,"['sister', 'son', 'sister', 'brother', 'brother', 'grandfather', 'son', 'son', 'uncle', 'daughter']","Patrice:female,Constance:female,Stanley:male,Beatrice:female,Sidney:male,Don:male,Steven:male,Steve:male,James:male,Mabel:female",test
9ecc7f3e-5a6c-4515-a5d5-24a364edc554,"('Mabel', 'Patrice')",aunt,sister-sister-sister-sister-sister-mother-father-daughter-son-aunt,"['sister', 'sister', 'sister', 'sister', 'sister', 'mother', 'father', 'daughter', 'son', 'aunt']","Mabel:female,Sharon:female,Nadia:female,Kathleen:female,Ellen:female,Steven:male,Constance:female,Sidney:male,Patrice:female",test
c09c730f-e6af-46df-b430-78c261f0b6d0,"('Elsie', 'Margaret')",daughter,son-son-brother-mother-daughter-mother-sister-husband-son-aunt,"['son', 'son', 'brother', 'mother', 'daughter', 'mother', 'sister', 'husband', 'son', 'aunt']","Elsie:female,Cesar:male,Eric:male,Darryl:male,Patrice:female,Nora:female,Constance:female,Steve:male,Stanley:male,Margaret:female",test
5aa99261-c59f-4c3d-96fa-07d8037751da,"('Ellen', 'Eula')",niece,sister-son-father-brother-son-sister-brother-brother-aunt-daughter,"['sister', 'son', 'father', 'brother', 'son', 'sister', 'brother', 'brother', 'aunt', 'daughter']","Ellen:female,Constance:female,Stanley:male,Steve:male,Cesar:male,Dan:male,Nora:female,Eric:male,Darryl:male,Margaret:female,Eula:female",test
749de1f8-f042-4792-9703-6ca5282a736b,"('Monica', 'Cesar')",uncle,sister-brother-sister-brother-mother-daughter-brother-uncle-son-uncle,"['sister', 'brother', 'sister', 'brother', 'mother', 'daughter', 'brother', 'uncle', 'son', 'uncle']","Monica:female,Eula:female,Willie:male,Teresita:female,Margaret:female,Steve:male,Stanley:male,Cesar:male",test
7bd0c66d-f59f-4248-b5ee-60b265a27e00,"('Ellen', 'Steven')",father,husband-daughter-sister-sister-sister-sister-father-sister-son-grandfather,"['husband', 'daughter', 'sister', 'sister', 'sister', 'sister', 'father', 'sister', 'son', 'grandfather']","Ellen:female,James:male,Kathleen:female,Sharon:female,Mabel:female,Nadia:female,Patrice:female,Dan:male,Steven:male",test
58a013f3-2f74-4d5f-8712-cb223cca2beb,"('Don', 'James')",uncle,sister-brother-brother-sister-mother-brother-brother-wife-daughter-uncle,"['sister', 'brother', 'brother', 'sister', 'mother', 'brother', 'brother', 'wife', 'daughter', 'uncle']","Don:male,Beatrice:female,Sidney:male,Stanley:male,Constance:female,Cesar:male,William:male,Margaret:female,Teresita:female,James:male",test
6f28484d-51a0-4a36-b222-7ed95467f6e4,"('Steve', 'Willie')",nephew,brother-brother-daughter-aunt-son-aunt-mother-daughter-daughter-brother,"['brother', 'brother', 'daughter', 'aunt', 'son', 'aunt', 'mother', 'daughter', 'daughter', 'brother']","Steve:male,Cesar:male,James:male,Kathleen:female,Constance:female,Stanley:male,Ellen:female,Elsie:female,Margaret:female,Eula:female,Willie:male",test
5ef575e4-f815-462e-8f76-a5e76f4ff44c,"('Steven', 'Dan')",grandson,son-sister-sister-brother-sister-sister-sister-son-sister-brother,"['son', 'sister', 'sister', 'brother', 'sister', 'sister', 'sister', 'son', 'sister', 'brother']","Steven:male,Steve:male,Patrice:female,Margaret:female,Cesar:male,Ellen:female,Constance:female,Eric:male,Nora:female,Dan:male",test
08fdfd53-9846-4b27-848a-57d7511baaec,"('Steve', 'Teresita')",niece,son-brother-mother-daughter-grandfather-son-sister-daughter-sister-sister,"['son', 'brother', 'mother', 'daughter', 'grandfather', 'son', 'sister', 'daughter', 'sister', 'sister']","Steve:male,Sidney:male,Don:male,Constance:female,Beatrice:female,Steven:male,James:male,Margaret:female,Monica:female,Eula:female,Teresita:female",test
d8ac086c-6d6c-485a-bd4e-03f7325bb273,"('Eula', 'Patrice')",aunt,sister-sister-father-daughter-uncle-daughter-aunt-sister-father-daughter,"['sister', 'sister', 'father', 'daughter', 'uncle', 'daughter', 'aunt', 'sister', 'father', 'daughter']","Eula:female,Monica:female,Teresita:female,William:male,James:male,Mabel:female,Constance:female,Ellen:female,Steven:male,Patrice:female",test
758a521e-cbcf-4fd5-9c27-03a8b406c66c,"('Mabel', 'Cesar')",uncle,sister-sister-mother-sister-father-son-daughter-mother-brother-brother,"['sister', 'sister', 'mother', 'sister', 'father', 'son', 'daughter', 'mother', 'brother', 'brother']","Mabel:female,Kathleen:female,Sharon:female,Ellen:female,Margaret:female,Steven:male,Steve:male,Beatrice:female,Constance:female,William:male,Cesar:male",test
805e540c-d489-4a19-8f99-eb95aff1df55,"('Steven', 'Cesar')",son,wife-daughter-sister-daughter-sister-sister-sister-aunt-sister-brother,"['wife', 'daughter', 'sister', 'daughter', 'sister', 'sister', 'sister', 'aunt', 'sister', 'brother']","Steven:male,Elsie:female,Constance:female,Ellen:female,Kathleen:female,Sharon:female,Nadia:female,Mabel:female,Margaret:female,Cesar:male",test
e1fd6ca9-c252-49bd-bb72-f6967b9060a1,"('Sidney', 'Steven')",grandfather,father-daughter-mother-son-sister-father-brother-daughter-sister-grandfather,"['father', 'daughter', 'mother', 'son', 'sister', 'father', 'brother', 'daughter', 'sister', 'grandfather']","Sidney:male,Steve:male,Beatrice:female,Constance:female,Don:male,James:male,Sharon:female,Mabel:female,Steven:male",test
350301be-6927-4c34-b344-3d4f317314e4,"('Stanley', 'William')",uncle,father-son-sister-brother-brother-mother-daughter-brother-father-brother,"['father', 'son', 'sister', 'brother', 'brother', 'mother', 'daughter', 'brother', 'father', 'brother']","Stanley:male,Steve:male,Don:male,Beatrice:female,Sidney:male,Constance:female,William:male",test
2eb40305-deb6-41c9-89e2-2d71c12e1fc6,"('Constance', 'Teresita')",niece,daughter-brother-uncle-daughter-sister-aunt-daughter-father-daughter-sister,"['daughter', 'brother', 'uncle', 'daughter', 'sister', 'aunt', 'daughter', 'father', 'daughter', 'sister']","Constance:female,Beatrice:female,Don:male,James:male,Kathleen:female,Sharon:female,Margaret:female,Eula:female,William:male,Monica:female,Teresita:female",test
4e9c81e4-3119-4afc-a5c8-474bf504d636,"('Frances', 'Wesley')",son,daughter-daughter-uncle,"['daughter', 'daughter', 'uncle']","Frances:female,Lynn:female,Andrea:female,Wesley:male",test
bbda6296-e4a4-46f4-84fb-7d58d87d20c8,"('Marie', 'Harold')",father-in-law,husband-wife-son-grandfather,"['husband', 'wife', 'son', 'grandfather']","Marie:female,Robert:male,John:male,Harold:male",test
cfd86130-1ce9-4d09-83db-85c625cf5f69,"('Hugh', 'Cindy')",sister,son-grandfather-daughter,"['son', 'grandfather', 'daughter']","Hugh:male,Bobby:male,James:male,Cindy:female",test
273af8aa-11fa-4ab7-9b4c-bb4d257e08fb,"('Robert', 'Beverly')",sister,son-mother-father-daughter,"['son', 'mother', 'father', 'daughter']","Robert:male,Ronald:male,Marie:female,Harold:male,Beverly:female",test
b9fb47d5-f383-425a-a2a6-fbbd0c5e9fbd,"('Harold', 'Antonio')",son,son-wife-daughter-uncle,"['son', 'wife', 'daughter', 'uncle']","Harold:male,Pedro:male,Dorothy:female,Heather:female,Antonio:male",test
3609f410-ff49-4b70-9110-52913fc0c41e,"('Harold', 'Louis')",son,son-wife-daughter-uncle,"['son', 'wife', 'daughter', 'uncle']","Harold:male,Antonio:male,Tracy:female,Laura:female,Louis:male",test
f966d1ce-c756-4cb3-b785-177e92738a1f,"('Harold', 'Wayne')",grandson,wife-husband-son-son,"['wife', 'husband', 'son', 'son']","Harold:male,Shantel:female,Louis:male,Wayne:male",test
2139fd3a-452a-4640-bd23-4c222ffa37df,"('Pedro', 'Marie')",sister,wife-daughter-grandfather-daughter,"['wife', 'daughter', 'grandfather', 'daughter']","Pedro:male,Dorothy:female,Cheryl:female,Harold:male,Marie:female",test
3aaa3ab5-464b-4775-a8d7-c10466fa6a0d,"('Shantel', 'Wayne')",grandson,son-father-son-son,"['son', 'father', 'son', 'son']","Shantel:female,Pedro:male,Harold:male,Louis:male,Wayne:male",test
5045c70f-c112-432b-8468-75d26785db2b,"('Robert', 'Shantel')",mother-in-law,wife-husband-daughter-grandmother,"['wife', 'husband', 'daughter', 'grandmother']","Robert:male,Marie:female,Elsie:female,Shantel:female",test
6d8da500-f9ca-4c61-842b-8feba90e6ee8,"('James', 'Harold')",grandfather,mother-mother-daughter-father,"['mother', 'mother', 'daughter', 'father']","James:male,Dorothy:female,Shantel:female,Marie:female,Harold:male",test
1dde7b4d-7e6e-4763-803f-529c8547c747,"('Shantel', 'Michael')",grandson,daughter-father-son-son,"['daughter', 'father', 'son', 'son']","Shantel:female,Tracy:female,Harold:male,Louis:male,Michael:male",test
6ef29bdf-f61b-4dd8-9927-355e7766f455,"('Marie', 'Shantel')",mother,husband-daughter-father-mother,"['husband', 'daughter', 'father', 'mother']","Marie:female,Robert:male,Lizzie:female,Shantel:female",test
616cbdea-4ab7-40b9-9405-35d76e8368b3,"('Shantel', 'Robert')",son,son-daughter-grandfather-son,"['son', 'daughter', 'grandfather', 'son']","Shantel:female,Pedro:male,Rebecca:female,Harold:male,Robert:male",test
b6af2689-3d6d-48d2-b7c5-342540edb0d8,"('Tracy', 'Harold')",father,son-grandmother-son-father,"['son', 'grandmother', 'son', 'father']","Tracy:female,Kevin:male,Shantel:female,Louis:male,Harold:male",test
c2ac6df9-2dc8-42bc-b612-3f800807f503,"('Robert', 'Harold')",father,wife-son-uncle-father,"['wife', 'son', 'uncle', 'father']","Robert:male,Marie:female,Mario:male,Louis:male,Harold:male",test
408ac864-6d17-44b3-99e0-ef6e1d78accf,"('Harold', 'Pedro')",son,daughter-son-grandmother-son,"['daughter', 'son', 'grandmother', 'son']","Harold:male,Beverly:female,Samuel:male,Shantel:female,Pedro:male",test
2678e6a3-9d10-49fb-8111-abf4a534d5ce,"('Rebecca', 'Harold')",grandfather,father-mother-daughter-father,"['father', 'mother', 'daughter', 'father']","Rebecca:female,Pedro:male,Shantel:female,Beverly:female,Harold:male",test
aebecb9c-d4f1-44e0-9d39-a79f52e513e5,"('Jeffrey', 'Harold')",grandfather,mother-mother-daughter-father,"['mother', 'mother', 'daughter', 'father']","Jeffrey:male,Dorothy:female,Shantel:female,Beverly:female,Harold:male",test
7ad9d144-a9f1-4e13-9f49-92f130820718,"('Shantel', 'Marie')",daughter,son-son-grandfather-daughter,"['son', 'son', 'grandfather', 'daughter']","Shantel:female,Louis:male,Michael:male,Harold:male,Marie:female",test
28433310-fb4b-4a75-a9ac-623f097863b6,"('Harold', 'Antonio')",son,daughter-daughter-grandmother-son,"['daughter', 'daughter', 'grandmother', 'son']","Harold:male,Beverly:female,Karen:female,Shantel:female,Antonio:male",test
852228f9-9ba5-4829-84dc-14a048311155,"('Robert', 'Shantel')",mother-in-law,wife-sister-son-grandmother,"['wife', 'sister', 'son', 'grandmother']","Robert:male,Marie:female,Tracy:female,Bobby:male,Shantel:female",test
c44d75d8-226d-4308-8007-aa801bd4d945,"('Tracy', 'Harold')",father,son-grandmother-son-father,"['son', 'grandmother', 'son', 'father']","Tracy:female,Kevin:male,Shantel:female,Louis:male,Harold:male",test
57031177-9045-4b15-8f1d-022be50d6241,"('Bernardo', 'Shantel')",grandmother,father-father-daughter-mother,"['father', 'father', 'daughter', 'mother']","Bernardo:male,Antonio:male,Harold:male,Marie:female,Shantel:female",test
f341bdfe-83e2-4c50-9c95-666fbb117ff2,"('Pedro', 'Harold')",father,wife-son-uncle-father,"['wife', 'son', 'uncle', 'father']","Pedro:male,Dorothy:female,Jerome:male,Robert:male,Harold:male",test
16c954a8-8bf5-4f1d-a04f-1a34bb6dd3b0,"('Shantel', 'Emma')",granddaughter,daughter-father-daughter-daughter,"['daughter', 'father', 'daughter', 'daughter']","Shantel:female,Beverly:female,Harold:male,Tracy:female,Emma:female",test
3dc3c45f-1f85-4355-baaf-2e4190bc9432,"('Dorothy', 'Shantel')",mother-in-law,husband-sister-daughter-grandmother,"['husband', 'sister', 'daughter', 'grandmother']","Dorothy:female,Pedro:male,Tracy:female,Laura:female,Shantel:female",test
89f24db8-d9ff-415b-8a3d-8593dceab67d,"('Annie', 'Harold')",grandfather,father-mother-daughter-father,"['father', 'mother', 'daughter', 'father']","Annie:female,Pedro:male,Shantel:female,Beverly:female,Harold:male",test
9f057182-c5b4-4e7d-85ec-033f2318394a,"('Pedro', 'Harold')",father,brother-son-mother-father,"['brother', 'son', 'mother', 'father']","Pedro:male,Louis:male,Michael:male,Beverly:female,Harold:male",test
efe64d28-25d3-4df9-a7f7-177b89184c6b,"('Wesley', 'Lynn')",sister,son-grandfather-daughter,"['son', 'grandfather', 'daughter']","Wesley:male,Irvin:male,James:male,Lynn:female",test
a427f561-193e-43e9-9c2d-c7512bdbe6c3,"('Shantel', 'Nicole')",granddaughter,daughter-father-daughter-daughter,"['daughter', 'father', 'daughter', 'daughter']","Shantel:female,Tracy:female,Harold:male,Beverly:female,Nicole:female",test
eb85d10a-e5ad-43a2-8102-4fde406e2051,"('Louis', 'Tracy')",sister,son-mother-father-daughter,"['son', 'mother', 'father', 'daughter']","Louis:male,Samuel:male,Beverly:female,Harold:male,Tracy:female",test
7a145cc3-17f6-46ca-a929-313dd6cf50fc,"('Dorothy', 'Shantel')",mother,brother-daughter-mother-mother,"['brother', 'daughter', 'mother', 'mother']","Dorothy:female,Antonio:male,Bettie:female,Tracy:female,Shantel:female",test
a49d497a-e1cc-4b98-9796-ae1c4ef78011,"('Frances', 'Vanetta')",granddaughter,husband-son-daughter,"['husband', 'son', 'daughter']","Frances:female,James:male,Hugh:male,Vanetta:female",test
913cca9f-2a81-41e7-b72d-95675d2551f1,"('James', 'Mildred')",granddaughter,wife-son-daughter,"['wife', 'son', 'daughter']","James:male,Frances:female,Wesley:male,Mildred:female",test
0a412577-e64e-4212-a91b-ce90d1f7c4d7,"('Antonio', 'Shantel')",mother,brother-daughter-mother-mother,"['brother', 'daughter', 'mother', 'mother']","Antonio:male,Robert:male,Michelle:female,Marie:female,Shantel:female",test
6eb38fff-b70c-4849-8302-1bcf1d66069b,"('Shantel', 'Tracy')",daughter,daughter-son-grandfather-daughter,"['daughter', 'son', 'grandfather', 'daughter']","Shantel:female,Dorothy:female,James:male,Harold:male,Tracy:female",test
58270640-a68f-43bb-b200-fb19a0886414,"('Dorothy', 'Shantel')",mother-in-law,husband-sister-daughter-grandmother,"['husband', 'sister', 'daughter', 'grandmother']","Dorothy:female,Pedro:male,Tracy:female,Laura:female,Shantel:female",test
40bf7409-e01c-497f-ac7b-5d046afaa579,"('Dorothy', 'Louis')",brother,son-father-father-son,"['son', 'father', 'father', 'son']","Dorothy:female,Jerome:male,Pedro:male,Harold:male,Louis:male",test
adce16bd-8ba1-464d-96c3-7a6ef5c24636,"('Dorothy', 'Robert')",brother,son-father-father-son,"['son', 'father', 'father', 'son']","Dorothy:female,James:male,Pedro:male,Harold:male,Robert:male",test
d75dbb32-a560-4edb-b13c-6529d3de4838,"('Harold', 'Antonio')",son,son-son-grandmother-son,"['son', 'son', 'grandmother', 'son']","Harold:male,Robert:male,Mario:male,Shantel:female,Antonio:male",test
046af756-3997-4bfa-8944-690af4cc6a77,"('Tracy', 'Shantel')",mother,husband-daughter-father-mother,"['husband', 'daughter', 'father', 'mother']","Tracy:female,Antonio:male,Erika:female,Shantel:female",test
644c8132-8de4-4d0d-8dc7-eefa8e49f0ef,"('Harold', 'Pedro')",son,son-son-grandmother-son,"['son', 'son', 'grandmother', 'son']","Harold:male,Louis:male,Samuel:male,Shantel:female,Pedro:male",test
af265f36-43ca-4962-bb46-68d074d6d5c3,"('Beverly', 'Shantel')",mother,son-brother-uncle-mother,"['son', 'brother', 'uncle', 'mother']","Beverly:female,Samuel:male,Paul:male,Robert:male,Shantel:female",test
b590067b-ec17-4d4a-b6d8-be4f59048eed,"('Dorothy', 'Harold')",father-in-law,husband-wife-son-grandfather,"['husband', 'wife', 'son', 'grandfather']","Dorothy:female,Pedro:male,Jerome:male,Harold:male",test
151795b6-b68f-403d-83d9-05b888df29ae,"('Tracy', 'Shantel')",mother,son-brother-uncle-mother,"['son', 'brother', 'uncle', 'mother']","Tracy:female,Bobby:male,Bernardo:male,Robert:male,Shantel:female",test
9c9b6fc9-6333-40a7-b76e-f0ee8d9ce663,"('Harold', 'Louis')",son,daughter-daughter-grandmother-son,"['daughter', 'daughter', 'grandmother', 'son']","Harold:male,Marie:female,Elsie:female,Shantel:female,Louis:male",test
93df6842-cbb3-4aa0-a54a-1ef89a56ac9a,"('Manuel', 'Donald')",brother,daughter-sister-sister-brother-mother-sister-sister-brother,"['daughter', 'sister', 'sister', 'brother', 'mother', 'sister', 'sister', 'brother']","Manuel:male,Earline:female,Kim:female,Mary:female,Roger:male,Alice:female,Melody:female,Maria:female,Donald:male",test
4d7499fd-9fe2-4c56-8151-f7ca06cf67a4,"('Nicole', 'Shantel')",grandmother,father-father-daughter-mother,"['father', 'father', 'daughter', 'mother']","Nicole:female,Louis:male,Harold:male,Tracy:female,Shantel:female",test
37d41cd0-7c9a-437e-9ac8-939666751e2c,"('Shantel', 'Kevin')",grandson,son-father-son-son,"['son', 'father', 'son', 'son']","Shantel:female,Louis:male,Harold:male,Antonio:male,Kevin:male",test
d37c6f91-8708-412a-9d5f-c661536a2c55,"('Louis', 'Harold')",father,wife-son-mother-father,"['wife', 'son', 'mother', 'father']","Louis:male,Beverly:female,Samuel:male,Harold:male",test
77937026-9912-4226-8d55-d08d595fc902,"('Shantel', 'Tracy')",daughter,son-son-grandfather-daughter,"['son', 'son', 'grandfather', 'daughter']","Shantel:female,Louis:male,Samuel:male,Harold:male,Tracy:female",test
acbc1369-4806-41d7-8695-2d22f6a5fcae,"('Pedro', 'Harold')",father,mother-son-son-grandfather,"['mother', 'son', 'son', 'grandfather']","Pedro:male,Shantel:female,Louis:male,Samuel:male,Harold:male",test
105bec6d-89b5-4824-af10-21067918f663,"('Shantel', 'Nicole')",granddaughter,husband-wife-grandson-sister,"['husband', 'wife', 'grandson', 'sister']","Shantel:female,Harold:male,Wayne:male,Nicole:female",test
7d6232a3-6703-4fdc-b3ea-ccfc7073291d,"('Kevin', 'Shantel')",grandmother,father-father-son-mother,"['father', 'father', 'son', 'mother']","Kevin:male,Antonio:male,Harold:male,Pedro:male,Shantel:female",test
c79aaacf-b059-4ad4-a0bb-6dd5a2ece034,"('Marie', 'Harold')",father,mother-son-son-grandfather,"['mother', 'son', 'son', 'grandfather']","Marie:female,Shantel:female,Antonio:male,Bernardo:male,Harold:male",test
ba6c8d5d-737a-449f-b867-4a0cc411c16c,"('Louis', 'Marie')",sister,wife-daughter-grandfather-daughter,"['wife', 'daughter', 'grandfather', 'daughter']","Louis:male,Beverly:female,Nicole:female,Harold:male,Marie:female",test
c898760b-b029-4f39-9fd9-43996c4555fd,"('Lena', 'David')",sister,son-grandfather-daughter,"['son', 'grandfather', 'daughter']","Lena:female,Charles:male,James:male,David:female",test
4241e92c-d130-4164-a6e6-34426d9307b6,"('James', 'Wesley')",son,daughter-daughter-uncle,"['daughter', 'daughter', 'uncle']","James:male,Lynn:female,Dolores:female,Wesley:male",test
4aa927a7-968b-4d5b-825a-4de135b974c3,"('David', 'James')",father,daughter-father-father,"['daughter', 'father', 'father']","David:female,Marie:female,Hugh:male,James:male",test
2d3f144b-3176-48f4-9bc6-8cd031ec1666,"('Frances', 'Francisco')",son,daughter-daughter-uncle,"['daughter', 'daughter', 'uncle']","Frances:female,Lena:female,Tina:female,Francisco:male",test
77c3776c-3fd1-4e0b-a203-efed07137697,"('Mario', 'Shantel')",grandmother,father-father-son-mother,"['father', 'father', 'son', 'mother']","Mario:male,Robert:male,Harold:male,Pedro:male,Shantel:female",test
48a80644-87a7-4c43-a0af-f7613491372d,"('Louis', 'Harold')",father,wife-son-mother-father,"['wife', 'son', 'mother', 'father']","Louis:male,Beverly:female,Paul:male,Harold:male",test
fc92dee0-ef51-4100-9ea6-805331312a96,"('Gerald', 'Ronald')",father,daughter-uncle-father,"['daughter', 'uncle', 'father']","Gerald:male,Rachel:female,Willie:male,Ronald:male,Samantha:female",test
ffe7f083-c657-4280-a071-5b028d243d58,"('Willie', 'Ronald')",father,daughter-uncle-father,"['daughter', 'uncle', 'father']","Willie:male,Jennifer:female,Robert:male,Ronald:male,Charlene:female",test
299b8f98-ee65-4faa-9d5f-0e2aff96f9b8,"('Ronald', 'Jennifer')",granddaughter,wife-grandson-sister,"['wife', 'grandson', 'sister']","Ronald:male,Joyce:female,Ben:male,Jennifer:female,Russell:male",test
4976e9c3-5327-47bd-ac1c-338f6d683aff,"('Patricia', 'Kenda')",mother,son-aunt-mother,"['son', 'aunt', 'mother']","Patricia:female,Michael:male,Marianne:female,Kenda:female,Clara:female",test
8ccbb887-0ec1-4a39-9751-a44007f97ff7,"('Tyrone', 'Franklin')",father,brother-son-grandfather,"['brother', 'son', 'grandfather']","Tyrone:male,William:male,Russell:male,Franklin:male,Etta:female",test
1861c19d-cc0d-48ff-a790-0a4df77225db,"('Franklin', 'Patricia')",daughter,daughter-daughter-aunt,"['daughter', 'daughter', 'aunt']","Franklin:male,Marianne:female,Donna:female,Patricia:female,William:male",test
868e1755-ecd9-4eb9-8220-673a220e1634,"('Tyrone', 'Franklin')",father,son-mother-father,"['son', 'mother', 'father']","Tyrone:male,Michael:male,Patricia:female,Franklin:male,Clara:female",test
539a1e09-64dd-4999-bc40-2356907ea6db,"('Etta', 'Kenda')",mother,husband-son-grandmother,"['husband', 'son', 'grandmother']","Etta:female,Luther:male,Cory:male,Kenda:female,Andrea:female",test
f0e9fcf8-070d-487b-a09f-c11da9581af7,"('Marsha', 'Franklin')",father,brother-son-grandfather,"['brother', 'son', 'grandfather']","Marsha:female,Tyrone:male,Peter:male,Franklin:male,Anne:female",test
b87fb1a6-3f34-433a-9720-9937f725eeb4,"('Kenda', 'Steven')",grandson,husband-daughter-son,"['husband', 'daughter', 'son']","Kenda:female,Franklin:male,Marianne:female,Steven:male,Juan:male",test
32b424f5-ba2a-44f5-b160-0ad2f1544126,"('Tyrone', 'Kenda')",mother,daughter-mother-mother,"['daughter', 'mother', 'mother']","Tyrone:male,Clara:female,Patricia:female,Kenda:female,Anne:female",test
295da928-0abf-44a5-b192-ec862d057457,"('Franklin', 'Patricia')",daughter,daughter-daughter-aunt,"['daughter', 'daughter', 'aunt']","Franklin:male,Marianne:female,Dulcie:female,Patricia:female,Tyrone:male",test
aaacf3c7-65d8-4eda-b2c0-88d8f56098d1,"('Marsha', 'Kenda')",mother,husband-son-grandmother,"['husband', 'son', 'grandmother']","Marsha:female,William:male,Russell:male,Kenda:female,Edward:male",test
b4c4edd8-df27-418c-b277-724b32ad27d4,"('Tyrone', 'Franklin')",father,son-mother-father,"['son', 'mother', 'father']","Tyrone:male,Michael:male,Patricia:female,Franklin:male,Luther:male",test
deb45159-7597-4ab7-b3fe-94610394fab5,"('Tyrone', 'Franklin')",father,son-mother-father,"['son', 'mother', 'father']","Tyrone:male,Harrison:male,Patricia:female,Franklin:male,Etta:female",test
5b753b57-2208-4e4e-8a02-60a937cf73b8,"('Tyrone', 'Kenda')",mother,daughter-mother-mother,"['daughter', 'mother', 'mother']","Tyrone:male,Joann:female,Patricia:female,Kenda:female,John:male",test
f7d322ce-84ee-40d2-b200-0cd6ba03130f,"('Patricia', 'Kenda')",mother,husband-son-grandmother,"['husband', 'son', 'grandmother']","Patricia:female,Tyrone:male,John:male,Kenda:female,Harrison:male",test
6ffd6c83-5018-4da5-bd9e-41b3d50ef03b,"('Tyrone', 'Kenda')",mother,son-aunt-mother,"['son', 'aunt', 'mother']","Tyrone:male,Harrison:male,Marianne:female,Kenda:female,Patricia:female",test
b7ac1df7-0490-4637-9eb4-1b2a6cfc3802,"('Kenda', 'Marsha')",daughter,daughter-daughter-aunt,"['daughter', 'daughter', 'aunt']","Kenda:female,Patricia:female,Anne:female,Marsha:female,Tyrone:male",test
ef874bed-4f9c-492a-940d-8875bb7f0d34,"('Kenda', 'John')",grandson,husband-daughter-son,"['husband', 'daughter', 'son']","Kenda:female,Franklin:male,Patricia:female,John:male,Anne:female",test
879c4809-cb9f-4983-babc-a767a9ed0a72,"('Etta', 'Kenda')",mother,son-aunt-mother,"['son', 'aunt', 'mother']","Etta:female,Cory:male,Marianne:female,Kenda:female,Luther:male",test
45d88bda-2d7b-4f88-aeef-a6e9407d1718,"('Marsha', 'Franklin')",father,brother-son-grandfather,"['brother', 'son', 'grandfather']","Marsha:female,Juan:male,Stanley:male,Franklin:male,Kenda:female",test
c54a4151-bd80-47b0-9716-b458b7fe06ff,"('Patricia', 'Kenda')",mother,son-aunt-mother,"['son', 'aunt', 'mother']","Patricia:female,Peter:male,Marianne:female,Kenda:female,Tyrone:male",test
a4149222-696d-4bfe-848b-0acc0fef1dd0,"('Kenda', 'Tim')",grandson,husband-daughter-son,"['husband', 'daughter', 'son']","Kenda:female,Franklin:male,Marianne:female,Tim:male,Juan:male",test
dfcac6b7-ef1a-4792-906a-ae7cda00fede,"('Franklin', 'Marianne')",daughter,daughter-daughter-aunt,"['daughter', 'daughter', 'aunt']","Franklin:male,Patricia:female,Katherine:female,Marianne:female,Anne:female",test
a74a2ec0-8765-4c4a-85ec-5e26839e9de9,"('Tyrone', 'Kenda')",mother,daughter-mother-mother,"['daughter', 'mother', 'mother']","Tyrone:male,Clara:female,Patricia:female,Kenda:female,Michael:male",test
cbd49266-e90b-4e9f-b1c6-02cc61c2267b,"('Patricia', 'Franklin')",father,brother-son-grandfather,"['brother', 'son', 'grandfather']","Patricia:female,Luther:male,Scott:male,Franklin:male,Etta:female",test
50541928-cac9-4c6b-8eab-ec3737099602,"('Kenda', 'Grady')",grandson,husband-daughter-son,"['husband', 'daughter', 'son']","Kenda:female,Franklin:male,Marianne:female,Grady:male,Juan:male",test
ef8ff50b-402a-4f25-a8ea-2e0342c72843,"('Juan', 'Kenda')",mother,son-aunt-mother,"['son', 'aunt', 'mother']","Juan:male,Steven:male,Etta:female,Kenda:female,Marianne:female",test
21731344-0ec9-4058-a731-64c09dfeaaba,"('Luther', 'Franklin')",father,brother-son-grandfather,"['brother', 'son', 'grandfather']","Luther:male,Juan:male,Stanley:male,Franklin:male,Maria:female",test
5d2b1921-2efd-41e0-b7d7-44705ded46e4,"('Marsha', 'Kenda')",mother-in-law,husband-son-grandmother,"['husband', 'son', 'grandmother']","Marsha:female,William:male,Keith:male,Kenda:female,Edward:male",test
8f633042-5f33-4f63-a44b-2b387d860647,"('Marsha', 'Kenda')",mother-in-law,husband-son-grandmother,"['husband', 'son', 'grandmother']","Marsha:female,William:male,Keith:male,Kenda:female,Marlene:female",test
3ccdb6b6-467d-4b1e-958d-72965faa171f,"('Kenda', 'Stanley')",grandson,husband-daughter-son,"['husband', 'daughter', 'son']","Kenda:female,Franklin:male,Marianne:female,Stanley:male,Erin:female",test
987a4797-f173-425c-99ae-547b468326ff,"('Tyrone', 'Kenda')",mother,daughter-mother-mother,"['daughter', 'mother', 'mother']","Tyrone:male,Joann:female,Patricia:female,Kenda:female,Katherine:female",test
41a053f0-cbaf-4646-b17b-d45a89247f87,"('Nora', 'William')",uncle,father-son-brother-mother-husband-son-brother-father-brother-brother,"['father', 'son', 'brother', 'mother', 'husband', 'son', 'brother', 'father', 'brother', 'brother']","Nora:female,Cesar:male,Eric:male,Darryl:male,Patrice:female,Dan:male,James:male,William:male",test
0d4a7d8c-ec7e-4e00-9818-f52bb332ca76,"('Margaret', 'Sidney')",nephew,husband-daughter-aunt-son-uncle-brother-brother-daughter-mother-son,"['husband', 'daughter', 'aunt', 'son', 'uncle', 'brother', 'brother', 'daughter', 'mother', 'son']","Margaret:female,William:male,Monica:female,Constance:female,Don:male,James:male,Cesar:male,Steve:male,Beatrice:female,Sidney:male",test
7141dadc-0643-4d9a-b9e8-8cd56d2a388c,"('James', 'Constance')",sister,daughter-sister-mother-son-grandfather-daughter-brother-son-brother-aunt,"['daughter', 'sister', 'mother', 'son', 'grandfather', 'daughter', 'brother', 'son', 'brother', 'aunt']","James:male,Mabel:female,Nadia:female,Ellen:female,Charles:male,Steven:male,Margaret:female,Cesar:male,Dan:male,Eric:male,Constance:female",test
d9e0c249-55e9-40c3-a371-11376049d9e7,"('Margaret', 'Beatrice')",niece,sister-father-daughter-brother-sister-son-brother-brother-father-daughter,"['sister', 'father', 'daughter', 'brother', 'sister', 'son', 'brother', 'brother', 'father', 'daughter']","Margaret:female,Patrice:female,Steven:male,Ellen:female,Cesar:male,Constance:female,Don:male,Stanley:male,Sidney:male,Steve:male,Beatrice:female",test
301ebc46-f721-486c-b75a-5148fe559db5,"('Elsie', 'Teresita')",granddaughter,son-son-sister-uncle-sister-brother-sister-son-aunt-daughter,"['son', 'son', 'sister', 'uncle', 'sister', 'brother', 'sister', 'son', 'aunt', 'daughter']","Elsie:female,Steve:male,Sidney:male,Beatrice:female,Cesar:male,Ellen:female,William:male,Constance:female,Margaret:female,Teresita:female",test
13c1bc80-b3b4-4252-8d72-000f0bbd27f9,"('Constance', 'Teresita')",niece,son-grandmother-daughter-brother-brother-sister-sister-sister-sister-daughter,"['son', 'grandmother', 'daughter', 'brother', 'brother', 'sister', 'sister', 'sister', 'sister', 'daughter']","Constance:female,Stanley:male,Elsie:female,Margaret:female,Steve:male,James:male,Patrice:female,Ellen:female,Teresita:female",test
b14b63a3-5d70-4fbe-a33b-2d273f5c9238,"('William', 'Patrice')",sister,wife-daughter-sister-sister-sister-mother-brother-son-aunt-sister,"['wife', 'daughter', 'sister', 'sister', 'sister', 'mother', 'brother', 'son', 'aunt', 'sister']","William:male,Margaret:female,Teresita:female,Monica:female,Mary:female,Eula:female,Steve:male,Stanley:male,Patrice:female",test
9b4967ac-ba5c-4412-95c5-f040667cc80f,"('Patrice', 'Stanley')",nephew,daughter-aunt-mother-daughter-brother-sister-son-brother-father-son,"['daughter', 'aunt', 'mother', 'daughter', 'brother', 'sister', 'son', 'brother', 'father', 'son']","Patrice:female,Nora:female,Ellen:female,Elsie:female,Margaret:female,James:male,Constance:female,Don:male,Sidney:male,Steve:male,Stanley:male",test
f12c6ed1-1c9c-4d16-95a5-f054d677a7bf,"('Constance', 'Eula')",niece,husband-son-sister-father-mother-daughter-sister-husband-daughter-sister,"['husband', 'son', 'sister', 'father', 'mother', 'daughter', 'sister', 'husband', 'daughter', 'sister']","Constance:female,Steve:male,Sidney:male,Beatrice:female,Elsie:female,Ellen:female,Margaret:female,William:male,Monica:female,Eula:female",test
cdaad9fd-05fa-4801-ba11-7cf87fb06637,"('Steven', 'Don')",grandson,son-sister-son-grandmother-daughter-husband-son-brother-brother-brother,"['son', 'sister', 'son', 'grandmother', 'daughter', 'husband', 'son', 'brother', 'brother', 'brother']","Steven:male,James:male,Patrice:female,Dan:male,Elsie:female,Constance:female,Steve:male,Sidney:male,Don:male,Stanley:male",test
701272a1-c430-4f75-8d0c-2047bd4c8f7d,"('Cesar', 'Stanley')",nephew,son-brother-brother-mother-son-grandfather-daughter-sister-daughter-brother,"['son', 'brother', 'brother', 'mother', 'son', 'grandfather', 'daughter', 'sister', 'daughter', 'brother']","Cesar:male,Eric:male,Dan:male,Darryl:male,Patrice:female,Steven:male,Margaret:female,Constance:female,Beatrice:female,Stanley:male",test
80f3f55e-c525-4dbf-b608-7598f5c3159e,"('Ellen', 'Mary')",niece,daughter-brother-father-son-aunt-daughter-sister-sister-sister-sister,"['daughter', 'brother', 'father', 'son', 'aunt', 'daughter', 'sister', 'sister', 'sister', 'sister']","Ellen:female,Nadia:female,Orville:male,James:male,Charles:male,Margaret:female,Eula:female,Teresita:female,Monica:female,Mary:female",test
04aecf16-fbc8-4e73-ba36-9d80b5070804,"('James', 'Don')",nephew,son-brother-sister-grandfather-son-son-aunt-daughter-brother-brother,"['son', 'brother', 'sister', 'grandfather', 'son', 'son', 'aunt', 'daughter', 'brother', 'brother']","James:male,Orville:male,Charles:male,Nadia:female,Steven:male,Cesar:male,Dan:male,Constance:female,Beatrice:female,Sidney:male,Don:male",test
62b747f5-f576-4063-8071-c57bb9a7e5d2,"('Jerry', 'Stephen')",father,brother-son-grandfather,"['brother', 'son', 'grandfather']","Jerry:male,Michael:male,James:male,Stephen:male,Heather:female,Craig:male",test
f031092c-bd9c-453d-909c-077b53e589ff,"('Jerry', 'Maida')",mother,daughter-mother-mother,"['daughter', 'mother', 'mother']","Jerry:male,Marie:female,Kristin:female,Maida:female,Chris:male,Numbers:male",test
caa21fab-1ab8-4bb0-8502-21e3a46506eb,"('Kristin', 'Maida')",mother-in-law,husband-son-grandmother,"['husband', 'son', 'grandmother']","Kristin:female,Jerry:male,Wayne:male,Maida:female,Henriette:female,Rebecca:female",test
dddbe4d3-5f46-4360-85bc-39552020733b,"('Maida', 'Mitchell')",grandson,husband-daughter-son,"['husband', 'daughter', 'son']","Maida:female,Stephen:male,Eleanor:female,Mitchell:male,Roberta:female,Rebecca:female",test
8691532c-bc84-4789-8044-fcadc9a47b76,"('Chris', 'Maida')",mother,son-aunt-mother,"['son', 'aunt', 'mother']","Chris:male,Mitchell:male,Kristin:female,Maida:female,Norman:male,David:male",test
0fc0366a-1d12-4605-94f3-4a8fc8c821f1,"('Maida', 'Kristin')",daughter,daughter-daughter-aunt,"['daughter', 'daughter', 'aunt']","Maida:female,Eleanor:female,Henriette:female,Kristin:female,Stephen:male,Jerry:male",test
adc02713-639e-4c35-b21d-c6d88d0604b5,"('Chris', 'Stephen')",father,son-mother-father,"['son', 'mother', 'father']","Chris:male,Juan:male,Eleanor:female,Stephen:male,Kristin:female,David:male",test
bc43dc6a-0e23-488d-a60d-6dd3742e389b,"('Michael', 'Stephen')",father,brother-son-grandfather,"['brother', 'son', 'grandfather']","Michael:male,Chris:male,Juan:male,Stephen:male,Jerry:male,Kristin:female",test
965ea250-8f08-4f42-864b-6d34cafb8f8c,"('Michael', 'Maida')",mother,daughter-mother-mother,"['daughter', 'mother', 'mother']","Michael:male,Crystal:female,Rebecca:female,Maida:female,Patricia:female,Willie:male",test
5f44687e-d6e0-412f-84af-1bf2be3c311b,"('Michael', 'Stephen')",father,son-mother-father,"['son', 'mother', 'father']","Michael:male,Numbers:male,Rebecca:female,Stephen:male,Norman:male,Mildred:female",test
4191acbf-9ec0-43fe-a1c3-e5939f6f2a48,"('Stephen', 'Kristin')",daughter,daughter-daughter-aunt,"['daughter', 'daughter', 'aunt']","Stephen:male,Patricia:female,Mildred:female,Kristin:female,Eleanor:female,Chris:male",test
8b3b6c2e-cb25-486b-9ef7-8de2d07ccf47,"('Robert', 'Stuart')",father,son-mother-father,"['son', 'mother', 'father']","Robert:male,Roy:male,Sharon:female,Stuart:male,Phyllis:female",test
684b887f-fd24-4717-9837-d74ce2e8dce6,"('Debra', 'Ryan')",grandson,husband-daughter-son,"['husband', 'daughter', 'son']","Debra:female,Stuart:male,Amanda:female,Ryan:male,Pablo:male",test
96043e63-6834-4e80-866b-72d498f0603f,"('Jean', 'Stuart')",father,brother-son-grandfather,"['brother', 'son', 'grandfather']","Jean:female,William:male,Kevin:male,Stuart:male,Diana:female",test
74cbcd55-e07d-442a-80b9-0130b12d8d34,"('Luther', 'Franklin')",father,son-mother-father,"['son', 'mother', 'father']","Luther:male,Ted:male,Etta:female,Franklin:male,Juan:male",test
fb1e17e2-9980-45d8-b8fc-504aa633d9da,"('Eula', 'James')",uncle,mother-daughter-father-daughter-aunt-sister-brother-mother-son-brother,"['mother', 'daughter', 'father', 'daughter', 'aunt', 'sister', 'brother', 'mother', 'son', 'brother']","Eula:female,Margaret:female,Mary:female,William:male,Constance:female,Ellen:female,Cesar:male,Elsie:female,Steve:male,James:male",test
79d3d12e-5235-49cb-8c45-85b6f93a1459,"('Tyrone', 'Kenda')",mother,daughter-mother-mother,"['daughter', 'mother', 'mother']","Tyrone:male,Katherine:female,Patricia:female,Kenda:female,Michael:male",test
260fe6fe-8b6c-4c77-8b65-86956dd2cfa4,"('Kenda', 'Grady')",grandson,husband-daughter-son,"['husband', 'daughter', 'son']","Kenda:female,Franklin:male,Marianne:female,Grady:male,Juan:male",test
d2adb762-8dd7-49c8-916b-ffcf8497e477,"('Billy', 'Mary')",mother,son-aunt-mother,"['son', 'aunt', 'mother']","Billy:male,Joseph:male,Cathrine:female,Mary:female",test
9582473e-2d3f-437e-9a1b-fdf680626f0a,"('Helen', 'Mary')",mother,husband-son-grandmother,"['husband', 'son', 'grandmother']","Helen:female,Billy:male,Joe:male,Mary:female",test
ff6beaf7-6156-4d0e-b028-efe2dc4a24db,"('Ronald', 'Ruby')",daughter,daughter-daughter-aunt,"['daughter', 'daughter', 'aunt']","Ronald:male,Glenda:female,Tracey:female,Ruby:female",test
732c7e63-54ee-4e6b-914b-3478b303087a,"('Mary', 'Joseph')",grandson,husband-daughter-son,"['husband', 'daughter', 'son']","Mary:female,Ronald:male,Helen:female,Joseph:male",test
e6b7e19c-548e-4b56-bd77-543d56d02da7,"('Ruby', 'Ronald')",father,brother-son-grandfather,"['brother', 'son', 'grandfather']","Ruby:female,Phillip:male,Simon:male,Ronald:male",test
a49206c5-a7cc-4557-9e0c-02e8830990ea,"('Billy', 'Mary')",mother,daughter-mother-mother,"['daughter', 'mother', 'mother']","Billy:male,Joyce:female,Helen:female,Mary:female",test
a9f669f5-4792-4393-b7b6-04e9a786f483,"('Helen', 'Mary')",mother,son-aunt-mother,"['son', 'aunt', 'mother']","Helen:female,Thomas:male,Cathrine:female,Mary:female",test
5fa98fbd-864d-4b22-aa72-6157ea565a2e,"('Mary', 'Steven')",grandson,husband-daughter-son,"['husband', 'daughter', 'son']","Mary:female,Ronald:male,Glenda:female,Steven:male",test
45658613-8467-46bb-9ea5-67cece007786,"('Helen', 'Ronald')",father,brother-son-grandfather,"['brother', 'son', 'grandfather']","Helen:female,John:male,Max:male,Ronald:male",test
a7c01bd5-5670-4d91-ad57-d4cbec530fb7,"('John', 'Ronald')",father,son-mother-father,"['son', 'mother', 'father']","John:male,Wm:male,Ruby:female,Ronald:male",test
b3c6393e-c982-45f3-85d0-5b4dd410878d,"('Ronald', 'Glenda')",daughter,daughter-daughter-aunt,"['daughter', 'daughter', 'aunt']","Ronald:male,Cathrine:female,Jettie:female,Glenda:female",test
0f1d9649-4123-480f-94fd-720e86c00bb2,"('Billy', 'Mary')",mother,son-aunt-mother,"['son', 'aunt', 'mother']","Billy:male,Joseph:male,Cathrine:female,Mary:female",test
78e27793-9c9f-48d0-ba95-65dc4a13c0e0,"('John', 'Ronald')",father,son-mother-father,"['son', 'mother', 'father']","John:male,Tony:male,Ruby:female,Ronald:male",test
e1be8d0c-53c1-4197-ace6-7a921daa3bb0,"('Mary', 'Ruby')",daughter,daughter-daughter-aunt,"['daughter', 'daughter', 'aunt']","Mary:female,Glenda:female,Tracey:female,Ruby:female",test
a5f142bd-9794-4a90-b982-db45eea3107b,"('Mary', 'Roberto')",grandson,husband-daughter-son,"['husband', 'daughter', 'son']","Mary:female,Ronald:male,Helen:female,Roberto:male",test
d411bd61-86aa-454d-9f6b-6530bc1ad00b,"('Phillip', 'Mary')",mother,daughter-mother-mother,"['daughter', 'mother', 'mother']","Phillip:male,Melissa:female,Glenda:female,Mary:female",test
3c51fbe9-2d5a-4a1b-a480-529455c38d8e,"('Helen', 'Ronald')",father,brother-son-grandfather,"['brother', 'son', 'grandfather']","Helen:female,John:male,Max:male,Ronald:male",test
4b02db86-e464-4ad8-93ba-ab8126767dae,"('Cathrine', 'Mary')",mother,husband-son-grandmother,"['husband', 'son', 'grandmother']","Cathrine:female,Derrick:male,Jesse:male,Mary:female",test
d2a9148e-6aad-4c45-8792-f9ba1e5871c4,"('Ruby', 'Mary')",mother,son-aunt-mother,"['son', 'aunt', 'mother']","Ruby:female,Bryan:male,Cathrine:female,Mary:female",test
66abe233-c4b1-4d89-adeb-b5c113c663a5,"('Mary', 'Ruby')",daughter,daughter-daughter-aunt,"['daughter', 'daughter', 'aunt']","Mary:female,Glenda:female,Tracey:female,Ruby:female",test
c79ceff2-e48f-4e32-b62b-ea5a31a4c8c5,"('Ruby', 'Mary')",mother,husband-son-grandmother,"['husband', 'son', 'grandmother']","Ruby:female,John:male,Bryan:male,Mary:female",test
74c8ec43-1e3b-47ea-b418-503b315b71bc,"('Ruby', 'Mary')",mother-in-law,husband-son-grandmother,"['husband', 'son', 'grandmother']","Ruby:female,John:male,Max:male,Mary:female",test
825f4430-f6a3-4bca-92f9-f6024e01ad1c,"('Glenda', 'Ronald')",father,brother-son-grandfather,"['brother', 'son', 'grandfather']","Glenda:female,John:male,Bryan:male,Ronald:male",test
cbd1080e-a597-4e60-96a1-bf434ceadfb8,"('Glenda', 'Mary')",mother,son-aunt-mother,"['son', 'aunt', 'mother']","Glenda:female,Steven:male,Helen:female,Mary:female",test
a42d751c-76d6-4556-8992-b7dec14d6ca4,"('Phillip', 'Ronald')",father,son-mother-father,"['son', 'mother', 'father']","Phillip:male,Simon:male,Glenda:female,Ronald:male",test
26247f8d-1fad-4257-99dd-5b53a375a61e,"('Phillip', 'Mary')",mother,son-aunt-mother,"['son', 'aunt', 'mother']","Phillip:male,William:male,Ruby:female,Mary:female",test
c2c9632e-bccf-4f72-8076-52a4e88264dd,"('Mary', 'William')",grandson,husband-daughter-son,"['husband', 'daughter', 'son']","Mary:female,Ronald:male,Glenda:female,William:male",test
b77da491-db8e-4d2e-901c-07118dffe120,"('Billy', 'Mary')",mother,daughter-mother-mother,"['daughter', 'mother', 'mother']","Billy:male,Susan:female,Helen:female,Mary:female",test
4b34ff99-629d-447a-a6b0-1a1d10bb341a,"('Juan', 'Franklin')",father,son-mother-father,"['son', 'mother', 'father']","Juan:male,Grady:male,Marianne:female,Franklin:male,Tim:male",test
15456713-7d6f-4275-b39b-14866cf6d401,"('Phillip', 'Ronald')",father,son-mother-father,"['son', 'mother', 'father']","Phillip:male,Jose:male,Glenda:female,Ronald:male",test
8c74d035-09b0-44eb-a258-de05ebfb494b,"('Mary', 'Jose')",grandson,husband-daughter-son,"['husband', 'daughter', 'son']","Mary:female,Ronald:male,Glenda:female,Jose:male",test
f9bb6896-8af5-46ac-8d1a-cb3953dbab64,"('Marsha', 'Kenda')",mother-in-law,husband-son-grandmother,"['husband', 'son', 'grandmother']","Marsha:female,William:male,Russell:male,Kenda:female,Luis:male",test
8c31cea1-7762-4b46-9f1e-afacd440fc9b,"('Etta', 'Kenda')",mother,son-aunt-mother,"['son', 'aunt', 'mother']","Etta:female,Ted:male,Patricia:female,Kenda:female,Joann:female",test
cb4f45ca-8675-4d57-918f-347d4b993645,"('Etta', 'Franklin')",father,brother-son-grandfather,"['brother', 'son', 'grandfather']","Etta:female,William:male,Russell:male,Franklin:male,Marianne:female",test
a336b9a0-2324-46b8-9eaf-eb52ec498679,"('Franklin', 'Marianne')",daughter,daughter-daughter-aunt,"['daughter', 'daughter', 'aunt']","Franklin:male,Etta:female,Stephane:female,Marianne:female,Juan:male",test
1527e918-52d1-40a4-9d20-1f7f68ef91ac,"('Luther', 'Kenda')",mother,daughter-mother-mother,"['daughter', 'mother', 'mother']","Luther:male,Stephane:female,Etta:female,Kenda:female,Douglas:male",test
1fd19064-30b8-40d5-8781-4dcc349c9df0,"('Kenda', 'Stanley')",grandson,husband-daughter-son,"['husband', 'daughter', 'son']","Kenda:female,Franklin:male,Marianne:female,Stanley:male,Tim:male",test
d1b6c4f7-ef48-460b-8fb9-6b404fd72967,"('Juan', 'Kenda')",mother,son-aunt-mother,"['son', 'aunt', 'mother']","Juan:male,Grady:male,Etta:female,Kenda:female,Stanley:male",test
5e881cad-be6c-45b4-9694-68bf7551f583,"('Marianne', 'Kenda')",mother,husband-son-grandmother,"['husband', 'son', 'grandmother']","Marianne:female,Juan:male,Tim:male,Kenda:female,Grady:male",test
a84c29b4-7431-475c-94aa-91707507a3cc,"('Luther', 'Franklin')",father,son-mother-father,"['son', 'mother', 'father']","Luther:male,Cory:male,Etta:female,Franklin:male,Andrea:female",test
148eb7f5-0eab-4aeb-a0bb-b5bf34ecc808,"('Juan', 'Franklin')",father,brother-son-grandfather,"['brother', 'son', 'grandfather']","Juan:male,Tyrone:male,Harrison:male,Franklin:male,John:male",test
a6b5bea5-7980-4592-889a-32659a07865c,"('Kenda', 'Patricia')",daughter,daughter-daughter-aunt,"['daughter', 'daughter', 'aunt']","Kenda:female,Marianne:female,Maria:female,Patricia:female,Erin:female",test
07db042f-b613-4264-a2fc-21de24cbc36f,"('Luther', 'Franklin')",father,son-mother-father,"['son', 'mother', 'father']","Luther:male,Douglas:male,Etta:female,Franklin:male,Stephane:female",test
be9f1656-28cf-44c4-a581-e8a0da9e2a86,"('Luther', 'Kenda')",mother,daughter-mother-mother,"['daughter', 'mother', 'mother']","Luther:male,Andrea:female,Etta:female,Kenda:female,Cory:male",test
df327b84-80bb-470d-950e-da69a75672c2,"('Marianne', 'Franklin')",father,brother-son-grandfather,"['brother', 'son', 'grandfather']","Marianne:female,Luther:male,Cory:male,Franklin:male,Andrea:female",test
a8b13b1b-0d5d-4bf4-b990-9a30a20a34d2,"('Marsha', 'Kenda')",mother,husband-son-grandmother,"['husband', 'son', 'grandmother']","Marsha:female,William:male,Edward:male,Kenda:female,Marlene:female",test
ea22f65e-dd56-4c21-935d-afbfce67c907,"('Kenda', 'Cory')",grandson,husband-daughter-son,"['husband', 'daughter', 'son']","Kenda:female,Franklin:male,Etta:female,Cory:male,Patricia:female",test
ab8aa033-b53c-4c99-8b7c-e97c7624965e,"('Luther', 'Kenda')",mother,son-aunt-mother,"['son', 'aunt', 'mother']","Luther:male,Cory:male,Marianne:female,Kenda:female,Rachel:female",test
464eea81-d1ac-4c79-a889-b31faf4e6b36,"('Kenda', 'Marsha')",daughter,daughter-daughter-aunt,"['daughter', 'daughter', 'aunt']","Kenda:female,Marianne:female,Maria:female,Marsha:female,Juan:male",test
ff34902a-d57d-4209-9d60-bbe07b69b5ed,"('Juan', 'Franklin')",father,son-mother-father,"['son', 'mother', 'father']","Juan:male,Tim:male,Marianne:female,Franklin:male,Grady:male",test
8dce0152-9596-44e7-aed6-612f53b94302,"('Tyrone', 'Kenda')",mother,daughter-mother-mother,"['daughter', 'mother', 'mother']","Tyrone:male,Joann:female,Patricia:female,Kenda:female,Clara:female",test
e04d98f4-985a-4eb0-a394-3724dc3b9fe2,"('Etta', 'Franklin')",father,brother-son-grandfather,"['brother', 'son', 'grandfather']","Etta:female,Juan:male,Tim:male,Franklin:male,Marianne:female",test
3ba3d8a3-5c26-4803-9073-2d81924e6148,"('Marsha', 'Kenda')",mother-in-law,husband-son-grandmother,"['husband', 'son', 'grandmother']","Marsha:female,William:male,Luis:male,Kenda:female,Russell:male",test
b85881a2-6477-40b1-8279-7fc62b3632b0,"('Franklin', 'Patricia')",daughter,daughter-daughter-aunt,"['daughter', 'daughter', 'aunt']","Franklin:male,Marsha:female,Marlene:female,Patricia:female,Helen:female",test
814830dc-8e4a-4ad8-89c4-0e749f22bb17,"('Ruby', 'Mary')",mother,husband-son-grandmother,"['husband', 'son', 'grandmother']","Ruby:female,John:male,Wm:male,Mary:female",test
09984ea6-fd00-4a99-a196-722e5fe759aa,"('Ruby', 'Ronald')",father,brother-son-grandfather,"['brother', 'son', 'grandfather']","Ruby:female,Billy:male,Thomas:male,Ronald:male",test
92ee402b-e690-4cfe-8d86-eff123593e72,"('Billy', 'Mary')",mother,daughter-mother-mother,"['daughter', 'mother', 'mother']","Billy:male,Shirely:female,Helen:female,Mary:female",test
79e17e13-5fcf-4337-a610-e1f30d6d492c,"('Phillip', 'Ronald')",father,son-mother-father,"['son', 'mother', 'father']","Phillip:male,Jose:male,Glenda:female,Ronald:male",test
3d5dcff4-4642-43dc-8566-07987bfd9142,"('Ronald', 'Helen')",daughter,daughter-daughter-aunt,"['daughter', 'daughter', 'aunt']","Ronald:male,Glenda:female,Melissa:female,Helen:female",test
88f2c56e-0958-4eec-baba-151e485ff4b6,"('Cathrine', 'Mary')",mother-in-law,husband-son-grandmother,"['husband', 'son', 'grandmother']","Cathrine:female,Derrick:male,Donald:male,Mary:female",test
8be4e143-8e77-42e3-9a11-d60452fd19ec,"('Kathleen', 'Cesar')",uncle,sister-mother-son-sister-father-sister-brother-sister-brother-brother,"['sister', 'mother', 'son', 'sister', 'father', 'sister', 'brother', 'sister', 'brother', 'brother']","Kathleen:female,Mabel:female,Ellen:female,Charles:male,Nadia:female,James:male,Patrice:female,Steve:male,William:male,Cesar:male",test
529a8a18-dbbe-420d-9a19-f58b53779107,"('Charles', 'Elsie')",grandmother,sister-mother-son-mother-daughter-mother-sister-sister-brother-mother,"['sister', 'mother', 'son', 'mother', 'daughter', 'mother', 'sister', 'sister', 'brother', 'mother']","Charles:male,Nadia:female,Ellen:female,Mabel:female,Margaret:female,Cesar:male,Elsie:female",test
1eec35e2-2410-4deb-a4a1-537cc2327025,"('Ellen', 'Stanley')",nephew,daughter-sister-sister-sister-sister-father-sister-brother-son-brother,"['daughter', 'sister', 'sister', 'sister', 'sister', 'father', 'sister', 'brother', 'son', 'brother']","Ellen:female,Nadia:female,Sharon:female,Mabel:female,Kathleen:female,James:male,Margaret:female,Steve:male,Don:male,Stanley:male",test
2a0986a8-69fe-492a-829e-66350af0f5d3,"('Constance', 'Margaret')",sister,son-father-son-sister-father-father-daughter-brother-mother-daughter,"['son', 'father', 'son', 'sister', 'father', 'father', 'daughter', 'brother', 'mother', 'daughter']","Constance:female,Stanley:male,Steve:male,Don:male,Beatrice:female,Steven:male,James:male,Elsie:female,Margaret:female",test
ab38cacf-3af2-44dd-8694-4e588bdec1e2,"('Eula', 'Ellen')",aunt,sister-sister-sister-mother-daughter-sister-sister-grandfather-son-sister,"['sister', 'sister', 'sister', 'mother', 'daughter', 'sister', 'sister', 'grandfather', 'son', 'sister']","Eula:female,Teresita:female,Monica:female,Margaret:female,Mary:female,Steven:male,Cesar:male,Ellen:female",test
43c0c9c9-675d-4a52-8509-323e416787bf,"('Steve', 'Dan')",nephew,son-grandmother-son-daughter-mother-sister-daughter-father-son-brother,"['son', 'grandmother', 'son', 'daughter', 'mother', 'sister', 'daughter', 'father', 'son', 'brother']","Steve:male,Sidney:male,Elsie:female,James:male,Kathleen:female,Ellen:female,Patrice:female,Nora:female,Cesar:male,Eric:male,Dan:male",test
2e08abf3-dd53-4bc7-bc86-0c5ca70ed391,"('Eric', 'Margaret')",aunt,sister-brother-brother-mother-mother-son-brother-father-daughter-sister,"['sister', 'brother', 'brother', 'mother', 'mother', 'son', 'brother', 'father', 'daughter', 'sister']","Eric:male,Nora:female,Dan:male,Darryl:male,Patrice:female,Elsie:female,Cesar:male,James:male,Steven:male,Constance:female,Margaret:female",test
568f38e3-0a7d-4eab-9974-888b09086022,"('Margaret', 'Don')",nephew,husband-daughter-sister-sister-sister-aunt-husband-son-sister-brother,"['husband', 'daughter', 'sister', 'sister', 'sister', 'aunt', 'husband', 'son', 'sister', 'brother']","Margaret:female,William:male,Monica:female,Eula:female,Mary:female,Teresita:female,Constance:female,Steve:male,Sidney:male,Beatrice:female,Don:male",test
2ea3b345-4617-4f54-92f6-7fcfd66fb332,"('Constance', 'Eula')",niece,son-aunt-daughter-aunt-daughter-brother-brother-aunt-daughter-sister,"['son', 'aunt', 'daughter', 'aunt', 'daughter', 'brother', 'brother', 'aunt', 'daughter', 'sister']","Constance:female,Sidney:male,Ellen:female,Sharon:female,Patrice:female,Nora:female,Eric:male,Dan:male,Margaret:female,Mary:female,Eula:female",test
1548b064-0450-4c20-80e3-4510773c3cb9,"('Stanley', 'Cesar')",uncle,brother-mother-sister-daughter-uncle-daughter-aunt-daughter-grandmother-son,"['brother', 'mother', 'sister', 'daughter', 'uncle', 'daughter', 'aunt', 'daughter', 'grandmother', 'son']","Stanley:male,Sidney:male,Constance:female,Patrice:female,Nora:female,James:male,Nadia:female,Margaret:female,Teresita:female,Elsie:female,Cesar:male",test
16bc4194-2044-4299-ab2d-c7fc06e00bfc,"('Constance', 'Monica')",niece,mother-daughter-daughter-father-daughter-sister-sister-father-daughter-sister,"['mother', 'daughter', 'daughter', 'father', 'daughter', 'sister', 'sister', 'father', 'daughter', 'sister']","Constance:female,Elsie:female,Margaret:female,Mary:female,William:male,Teresita:female,Eula:female,Monica:female",test
e3b216ab-f33d-445e-b692-2b0d45dd9195,"('Mabel', 'Margaret')",aunt,sister-sister-mother-daughter-mother-daughter-sister-father-brother-sister,"['sister', 'sister', 'mother', 'daughter', 'mother', 'daughter', 'sister', 'father', 'brother', 'sister']","Mabel:female,Nadia:female,Kathleen:female,Ellen:female,Sharon:female,James:male,Steve:male,Margaret:female",test
f3b4deef-6e55-4adb-b1f7-a7612b1bdb4f,"('Ellen', 'Steve')",brother,daughter-father-sister-sister-husband-daughter-father-daughter-sister-uncle,"['daughter', 'father', 'sister', 'sister', 'husband', 'daughter', 'father', 'daughter', 'sister', 'uncle']","Ellen:female,Kathleen:female,James:male,Patrice:female,Margaret:female,William:male,Teresita:female,Monica:female,Mary:female,Steve:male",test
6fec65c1-1c93-44be-891d-08fb685f423c,"('William', 'Darryl')",nephew,sister-husband-son-sister-uncle-wife-husband-son-sister-brother,"['sister', 'husband', 'son', 'sister', 'uncle', 'wife', 'husband', 'son', 'sister', 'brother']","William:male,Constance:female,Steve:male,Sidney:male,Beatrice:female,Cesar:male,Patrice:female,Eric:male,Nora:female,Darryl:male",test
508931e4-755e-441b-9e26-df4936f44458,"('Cesar', 'Don')",nephew,wife-son-brother-mother-brother-daughter-mother-sister-son-brother,"['wife', 'son', 'brother', 'mother', 'brother', 'daughter', 'mother', 'sister', 'son', 'brother']","Cesar:male,Patrice:female,Dan:male,Darryl:male,William:male,Eula:female,Margaret:female,Constance:female,Sidney:male,Don:male",test
b49ca4aa-66be-44b5-a6fe-c3aef2d145a5,"('Ellen', 'William')",brother,daughter-sister-sister-sister-sister-sister-father-wife-daughter-uncle,"['daughter', 'sister', 'sister', 'sister', 'sister', 'sister', 'father', 'wife', 'daughter', 'uncle']","Ellen:female,Mabel:female,Nadia:female,Sharon:female,Kathleen:female,James:male,William:male",test
74cf7fac-e457-4421-924b-fe91395fb4c5,"('Steve', 'Margaret')",sister,daughter-father-son-brother-mother-brother-brother-wife-daughter-aunt,"['daughter', 'father', 'son', 'brother', 'mother', 'brother', 'brother', 'wife', 'daughter', 'aunt']","Steve:male,Beatrice:female,Sidney:male,Stanley:male,Constance:female,Cesar:male,James:male,Ellen:female,Kathleen:female,Margaret:female",test
187e40b8-2335-466e-94b3-55240d40c34c,"('Dan', 'Steve')",uncle,brother-sister-mother-mother-son-daughter-sister-sister-uncle-brother,"['brother', 'sister', 'mother', 'mother', 'son', 'daughter', 'sister', 'sister', 'uncle', 'brother']","Dan:male,Eric:male,Nora:female,Patrice:female,Elsie:female,James:male,Kathleen:female,Mabel:female,Nadia:female,William:male,Steve:male",test
1e038108-66aa-4ca2-84b0-7e035270b086,"('James', 'Constance')",sister,brother-wife-daughter-uncle-sister-brother-daughter-grandmother-husband-daughter,"['brother', 'wife', 'daughter', 'uncle', 'sister', 'brother', 'daughter', 'grandmother', 'husband', 'daughter']","James:male,Cesar:male,Patrice:female,Nora:female,Steve:male,Margaret:female,Mabel:female,Elsie:female,Steven:male,Constance:female",test
6d31aeee-472e-4b3b-87a4-0c45ede36f34,"('Mabel', 'Constance')",aunt,sister-father-brother-brother-brother-daughter-sister-mother-mother-daughter,"['sister', 'father', 'brother', 'brother', 'brother', 'daughter', 'sister', 'mother', 'mother', 'daughter']","Mabel:female,Nadia:female,James:male,Steve:male,Cesar:male,William:male,Teresita:female,Mary:female,Margaret:female,Elsie:female,Constance:female",test
0f528d7b-576f-4442-a6e6-48aa619912ac,"('Cesar', 'Charles')",nephew,son-mother-son-brother-sister-mother-sister-daughter-sister-brother,"['son', 'mother', 'son', 'brother', 'sister', 'mother', 'sister', 'daughter', 'sister', 'brother']","Cesar:male,Dan:male,Patrice:female,Eric:male,Darryl:male,Nora:female,Ellen:female,Mabel:female,Kathleen:female,Charles:male",test
d7c508dc-5266-4154-8c87-9d02e8c8b475,"('Patrice', 'Charles')",nephew,son-brother-father-brother-sister-daughter-sister-brother-sister-brother,"['son', 'brother', 'father', 'brother', 'sister', 'daughter', 'sister', 'brother', 'sister', 'brother']","Patrice:female,Eric:male,Darryl:male,Cesar:male,Steve:male,Ellen:female,Mabel:female,Nadia:female,Charles:male,Kathleen:female",test
584177ca-bd93-4f0b-86db-97037111d943,"('James', 'Nora')",niece,sister-sister-sister-sister-daughter-uncle-brother-wife-son-sister,"['sister', 'sister', 'sister', 'sister', 'daughter', 'uncle', 'brother', 'wife', 'son', 'sister']","James:male,Patrice:female,Margaret:female,Constance:female,Ellen:female,Nadia:female,Steve:male,Cesar:male,Dan:male,Nora:female",test
3bead269-aec6-47f0-b22b-dbeffe3d7c3a,"('Charles', 'Margaret')",aunt,sister-father-son-sister-father-daughter-mother-sister-mother-daughter,"['sister', 'father', 'son', 'sister', 'father', 'daughter', 'mother', 'sister', 'mother', 'daughter']","Charles:male,Kathleen:female,James:male,Nadia:female,Mabel:female,Ellen:female,Constance:female,Elsie:female,Margaret:female",test
28b7fe21-ea89-4368-8d09-010bf54ce03b,"('Nora', 'Ellen')",aunt,brother-brother-father-sister-brother-brother-father-son-sister-sister,"['brother', 'brother', 'father', 'sister', 'brother', 'brother', 'father', 'son', 'sister', 'sister']","Nora:female,Eric:male,Dan:male,Cesar:male,Constance:female,William:male,Steven:male,James:male,Margaret:female,Ellen:female",test
3ffd48a5-3c44-4ead-aa98-7d24970da5b0,"('Constance', 'Eula')",niece,mother-son-son-uncle-son-sister-aunt-sister-brother-daughter,"['mother', 'son', 'son', 'uncle', 'son', 'sister', 'aunt', 'sister', 'brother', 'daughter']","Constance:female,Elsie:female,Steve:male,Stanley:male,James:male,Charles:male,Nadia:female,Patrice:female,Ellen:female,William:male,Eula:female",test
9b83b28f-24be-4a6b-b9a4-016651944384,"('Steve', 'Teresita')",niece,wife-son-brother-mother-daughter-uncle-daughter-sister-sister-sister,"['wife', 'son', 'brother', 'mother', 'daughter', 'uncle', 'daughter', 'sister', 'sister', 'sister']","Steve:male,Constance:female,Sidney:male,Don:male,Beatrice:female,William:male,Mary:female,Eula:female,Monica:female,Teresita:female",test
e3c22b5d-099c-442c-8728-f44624091b10,"('Don', 'William')",uncle,sister-brother-sister-father-sister-sister-husband-son-sister-uncle,"['sister', 'brother', 'sister', 'father', 'sister', 'sister', 'husband', 'son', 'sister', 'uncle']","Don:male,Beatrice:female,Sidney:male,Steve:male,Ellen:female,Patrice:female,Cesar:male,Dan:male,Nora:female,William:male",test
4c59fabd-c306-422a-8374-e73945381216,"('William', 'Nadia')",niece,daughter-sister-sister-sister-aunt-husband-son-brother-aunt-daughter,"['daughter', 'sister', 'sister', 'sister', 'aunt', 'husband', 'son', 'brother', 'aunt', 'daughter']","William:male,Monica:female,Eula:female,Mary:female,Teresita:female,Patrice:female,Cesar:male,Dan:male,Eric:male,Ellen:female,Nadia:female",test
54e938e8-0e08-480d-8061-c94ed501409f,"('Ellen', 'Monica')",niece,husband-daughter-father-brother-wife-daughter-sister-mother-daughter-sister,"['husband', 'daughter', 'father', 'brother', 'wife', 'daughter', 'sister', 'mother', 'daughter', 'sister']","Ellen:female,James:male,Mabel:female,William:male,Margaret:female,Teresita:female,Monica:female,Mary:female",test
26c33fc9-3bae-476a-83e0-bc5a6831f8cf,"('Dan', 'Steven')",grandfather,brother-father-son-aunt-daughter-sister-sister-father-daughter-grandfather,"['brother', 'father', 'son', 'aunt', 'daughter', 'sister', 'sister', 'father', 'daughter', 'grandfather']","Dan:male,Eric:male,Cesar:male,Margaret:female,Monica:female,Mary:female,Eula:female,William:male,Teresita:female,Steven:male",test
0111b7a1-1e4e-4136-aaa1-a5fefbaa810a,"('Maida', 'Charles')",grandson,husband-daughter-son,"['husband', 'daughter', 'son']","Maida:female,Stephen:male,Kristin:female,Charles:male,Lee:female,Amanda:female",test
e60e099d-365a-4c45-86d6-f07c99cd7a01,"('William', 'Debra')",mother,daughter-mother-mother,"['daughter', 'mother', 'mother']","William:male,Nicole:female,Diana:female,Debra:female,David:male",test
dbf0a9e6-07e0-4b8f-a131-0691e9e4841c,"('Stephen', 'Kristin')",daughter,daughter-daughter-aunt,"['daughter', 'daughter', 'aunt']","Stephen:male,Eleanor:female,Henriette:female,Kristin:female,Kimberly:female,Johnny:male",test
1eaf07f4-3485-4b49-99e3-7951687e1aa7,"('Norman', 'Courtney')",daughter,wife-daughter,"['wife', 'daughter']","Norman:male,Aurora:female,Courtney:female,Denise:female,Leo:male",test
e93c47b9-4f47-4f93-abfa-127f2c9fe1a5,"('Aurora', 'Pete')",son,husband-son,"['husband', 'son']","Aurora:female,Norman:male,Pete:male,Mona:female,Everett:male",test
852017ce-168b-477d-b2eb-f697b60d16bf,"('Timothy', 'Sandra')",daughter,wife-daughter,"['wife', 'daughter']","Timothy:male,Kathryn:female,Sandra:female,Denise:female,Veronica:female",test
ef73ce22-01d1-4c47-ba3f-eb43fdc3ff96,"('Denise', 'Kenneth')",son,husband-son,"['husband', 'son']","Denise:female,Colin:male,Kenneth:male,Aurora:female,Albert:male",test
01369bb6-ab74-421e-bf58-969646bf903d,"('Kathleen', 'Larry')",son,husband-son,"['husband', 'son']","Kathleen:female,Robert:male,Larry:male,Kathryn:female,Shawn:male",test
cec2c774-451b-4afd-8028-0351ecfb54e2,"('Cruz', 'Kathleen')",daughter,wife-daughter,"['wife', 'daughter']","Cruz:male,Mona:female,Kathleen:female,Larry:male,Stephan:male",test
e59041fc-e758-4ac6-8b53-7f6ef2620fad,"('Mona', 'Colin')",son,husband-son,"['husband', 'son']","Mona:female,Cruz:male,Colin:male,Stephan:male,Dorothy:female",test
b33f4ac9-1cc7-4bab-8dd2-29623c24a71c,"('Cruz', 'Kathryn')",daughter,wife-daughter,"['wife', 'daughter']","Cruz:male,Mona:female,Kathryn:female,William:male,Clara:female",test
410bbd20-e812-46f8-a1e4-4111285fc3b8,"('Cruz', 'Aurora')",daughter,wife-daughter,"['wife', 'daughter']","Cruz:male,Mona:female,Aurora:female,Norman:male,Henrietta:female",test
985ab23e-1806-455a-babc-a1b536a9a1e5,"('Robert', 'Dorothy')",daughter,wife-daughter,"['wife', 'daughter']","Robert:male,Kathleen:female,Dorothy:female,Cruz:male,Henrietta:female",test
a1884929-fb4a-4b7d-9639-a898609b0b39,"('Mona', 'Timothy')",son,husband-son,"['husband', 'son']","Mona:female,Cruz:male,Timothy:male,Kathryn:female,Lindsay:female",test
99b7f328-54f2-4a09-839c-76cec6c911d8,"('Mona', 'Robert')",son,husband-son,"['husband', 'son']","Mona:female,Cruz:male,Robert:male,Aurora:female,John:male",test
76c9b8cd-4b7a-4b73-bcdf-6a6478275550,"('Norman', 'Lindsay')",daughter,wife-daughter,"['wife', 'daughter']","Norman:male,Aurora:female,Lindsay:female,Heather:female,Kathleen:female",test
b6227dc7-75ba-45b7-85cb-4066cd5b5e35,"('Kathleen', 'Michael')",son,husband-son,"['husband', 'son']","Kathleen:female,Robert:male,Michael:male,Norman:male,Shawn:male",test
6ad4cba3-f435-486d-8a71-21ea2bb31131,"('Robert', 'Connie')",daughter,wife-daughter,"['wife', 'daughter']","Robert:male,Kathleen:female,Connie:female,Aurora:female,Andres:male",test
4bc138c3-0b2a-4578-9839-f5875f02dbaa,"('Kathryn', 'Shawn')",son,husband-son,"['husband', 'son']","Kathryn:female,Timothy:male,Shawn:male,Cruz:male,Amelia:female",test
519bb252-1236-4973-968c-0c835559e289,"('Denise', 'Billy')",son,husband-son,"['husband', 'son']","Denise:female,Colin:male,Billy:male,Kathryn:female,Everett:male",test
089a07fe-3bb3-4ea2-bd68-40b91399ac02,"('Cruz', 'Kathryn')",daughter,wife-daughter,"['wife', 'daughter']","Cruz:male,Mona:female,Kathryn:female,Kathleen:female,Michael:male",test
7f6277a3-a7e9-4a44-8070-788cc12234b7,"('Cruz', 'Kathleen')",daughter,wife-daughter,"['wife', 'daughter']","Cruz:male,Mona:female,Kathleen:female,Denise:female,Amelia:female",test
9d87e652-712c-47b2-a356-42c401414749,"('Mona', 'Norman')",son,husband-son,"['husband', 'son']","Mona:female,Cruz:male,Norman:male,Everett:male,Henrietta:female",test
de34c2c4-55e2-40f6-98e5-23831ceaf261,"('Colin', 'Alison')",daughter,wife-daughter,"['wife', 'daughter']","Colin:male,Denise:female,Alison:female,Andres:male,Kathleen:female",test
2550f51f-d076-40c6-999b-0aba88d5d508,"('Mona', 'Robert')",son,husband-son,"['husband', 'son']","Mona:female,Cruz:male,Robert:male,Sean:male,Timothy:male",test
283b883c-8ad9-458f-a8cb-73d4c4fa7f07,"('Aurora', 'Patrick')",son,husband-son,"['husband', 'son']","Aurora:female,Norman:male,Patrick:male,Mona:female,Robert:male",test
d370a78e-b57b-4b4d-9944-ed3a237996ed,"('Robert', 'Amelia')",daughter,wife-daughter,"['wife', 'daughter']","Robert:male,Kathleen:female,Amelia:female,Denise:female,Aurora:female",test
8b164560-d4be-4f8f-8b07-5640343deccc,"('Mona', 'Norman')",son,husband-son,"['husband', 'son']","Mona:female,Cruz:male,Norman:male,Christine:female,Veronica:female",test
4b9393f4-3ad7-49c7-be1f-7f770979473d,"('Chris', 'Maida')",mother,daughter-mother-mother,"['daughter', 'mother', 'mother']","Chris:male,Heather:female,Eleanor:female,Maida:female,David:male,Amanda:female",test
6a9892e8-9db3-4cbb-880e-ab7f86521b0d,"('Kristin', 'Maida')",mother,son-aunt-mother,"['son', 'aunt', 'mother']","Kristin:female,Willie:male,Eleanor:female,Maida:female,Michael:male,Jamie:female",test
f57609ad-6c75-42f8-9dd6-50633a740e75,"('Mary', 'Cesar')",uncle,sister-sister-sister-father-daughter-mother-brother-daughter-mother-brother,"['sister', 'sister', 'sister', 'father', 'daughter', 'mother', 'brother', 'daughter', 'mother', 'brother']","Mary:female,Monica:female,Eula:female,Teresita:female,William:male,Margaret:female,James:male,Nadia:female,Ellen:female,Cesar:male",test
f0d4bbff-67e5-4ea1-ba11-5915f1562fac,"('Kathleen', 'Cesar')",uncle,father-daughter-sister-sister-mother-daughter-sister-mother-daughter-uncle,"['father', 'daughter', 'sister', 'sister', 'mother', 'daughter', 'sister', 'mother', 'daughter', 'uncle']","Kathleen:female,James:male,Sharon:female,Mabel:female,Ellen:female,Nadia:female,Cesar:male",test
3bc5c319-a326-4859-a2f4-870bb7db2603,"('Eric', 'Elsie')",grandmother,brother-brother-sister-brother-father-sister-husband-daughter-sister-grandmother,"['brother', 'brother', 'sister', 'brother', 'father', 'sister', 'husband', 'daughter', 'sister', 'grandmother']","Eric:male,Darryl:male,Dan:male,Nora:female,Cesar:male,Ellen:female,James:male,Kathleen:female,Mabel:female,Elsie:female",test
17bbff24-b97e-4471-b98e-5c651f4d1b8d,"('Kristin', 'Maida')",mother,husband-son-grandmother,"['husband', 'son', 'grandmother']","Kristin:female,Jerry:male,Charles:male,Maida:female,Rebecca:female,Jamie:female",test
3c610a1a-62eb-4761-baf8-8a523a992de8,"('Maida', 'Troy')",grandson,husband-daughter-son,"['husband', 'daughter', 'son']","Maida:female,Stephen:male,Eleanor:female,Troy:male,Norman:male,Crystal:female",test
00255bf0-6440-4796-940a-5d7011062ffe,"('Patricia', 'Stephen')",father,brother-son-grandfather,"['brother', 'son', 'grandfather']","Patricia:female,Jerry:male,Willie:male,Stephen:male,Rebecca:female,Amanda:female",test
e87b8dc1-11a1-41fc-9498-6c26cfa5efb6,"('Michael', 'Maida')",mother,son-aunt-mother,"['son', 'aunt', 'mother']","Michael:male,David:male,Eleanor:female,Maida:female,Chris:male,Maura:female",test
02f654c0-aecd-4cad-9d47-a9db3ddc60d0,"('Maida', 'Rebecca')",daughter,daughter-daughter-aunt,"['daughter', 'daughter', 'aunt']","Maida:female,Patricia:female,Roberta:female,Rebecca:female,Stephen:male,Lisa:female",test
ebbdeb67-032a-4bda-af33-58dffad4a255,"('Chris', 'Stephen')",father,brother-son-grandfather,"['brother', 'son', 'grandfather']","Chris:male,Michael:male,James:male,Stephen:male,Maida:female,Daniel:male",test
3b8e28f1-6284-4bc7-8195-374d1998d035,"('Michael', 'Maida')",mother,daughter-mother-mother,"['daughter', 'mother', 'mother']","Michael:male,Lee:female,Rebecca:female,Maida:female,Eleanor:female,Jamie:female",test
0525b833-4f03-4665-8eb4-a38656a6c48e,"('Maida', 'Kristin')",daughter,daughter-daughter-aunt,"['daughter', 'daughter', 'aunt']","Maida:female,Eleanor:female,Henriette:female,Kristin:female,Jerry:male,Rebecca:female",test
42503361-a868-4ece-8ce5-2cc35b5fd3d2,"('Jerry', 'Maida')",mother,son-aunt-mother,"['son', 'aunt', 'mother']","Jerry:male,Daniel:male,Eleanor:female,Maida:female,Kimberly:female,Johnny:male",test
81bfbda6-dd3f-4d6f-aa57-0760b06d3382,"('Rebecca', 'Maida')",mother,husband-son-grandmother,"['husband', 'son', 'grandmother']","Rebecca:female,Michael:male,Numbers:male,Maida:female,Wayne:male,Daniel:male",test
62581e17-9a71-42c5-b2c2-6bf2402f3ca6,"('Eleanor', 'Maida')",mother,husband-son-grandmother,"['husband', 'son', 'grandmother']","Eleanor:female,Chris:male,Craig:male,Maida:female,Numbers:male,Jamie:female",test
17138810-0bb5-4caa-87a2-41696ea0e6cc,"('Maida', 'Craig')",grandson,husband-daughter-son,"['husband', 'daughter', 'son']","Maida:female,Stephen:male,Eleanor:female,Craig:male,Maura:female,Robert:male",test
2e01c1c4-2e39-46f9-83f3-424313516336,"('Chris', 'Stephen')",father,son-mother-father,"['son', 'mother', 'father']","Chris:male,Juan:male,Eleanor:female,Stephen:male,Charles:male,Harriett:female",test
cd1d70dd-7103-4d26-acfa-20d27e46c65c,"('Stephen', 'Kristin')",daughter,daughter-daughter-aunt,"['daughter', 'daughter', 'aunt']","Stephen:male,Rebecca:female,Lee:female,Kristin:female,Patricia:female,Chris:male",test
f9a72b0e-559f-4315-974d-927f66d367ba,"('Maida', 'Johnny')",grandson,husband-daughter-son,"['husband', 'daughter', 'son']","Maida:female,Stephen:male,Patricia:female,Johnny:male,Kristin:female,Robert:male",test
fad773ba-56e0-4b01-ba6f-76a10e3e2471,"('Eleanor', 'Maida')",mother,son-aunt-mother,"['son', 'aunt', 'mother']","Eleanor:female,Mitchell:male,Kristin:female,Maida:female,Crystal:female,John:male",test
21bdbe38-1d3c-4588-a60b-cff4cacd32c8,"('Eleanor', 'Maida')",mother,husband-son-grandmother,"['husband', 'son', 'grandmother']","Eleanor:female,Chris:male,Troy:male,Maida:female,Michael:male,Lee:female",test
fcdcb33e-6bd8-4d6f-84b8-527c6f22b27d,"('Michael', 'Maida')",mother,daughter-mother-mother,"['daughter', 'mother', 'mother']","Michael:male,Jamie:female,Rebecca:female,Maida:female,Jerry:male,Lisa:female",test
b67effc1-6dee-4142-90ae-abbb61d26a29,"('Kristin', 'Stephen')",father,brother-son-grandfather,"['brother', 'son', 'grandfather']","Kristin:female,Chris:male,Juan:male,Stephen:male,Robert:male,Maura:female",test
9755ac30-77ba-4849-8f44-18d1bf99e10e,"('Michael', 'Stephen')",father,brother-son-grandfather,"['brother', 'son', 'grandfather']","Michael:male,Jerry:male,Wayne:male,Stephen:male,Kristin:female,Charles:male",test
8bb564a9-e419-4ea0-863a-2f4f52cf144e,"('Eleanor', 'Maida')",mother,husband-son-grandmother,"['husband', 'son', 'grandmother']","Eleanor:female,Chris:male,Mitchell:male,Maida:female,Norman:male,Wayne:male",test
2ca356f3-f91c-486a-90b8-0912367c05e3,"('Chris', 'Maida')",mother,daughter-mother-mother,"['daughter', 'mother', 'mother']","Chris:male,Henriette:female,Eleanor:female,Maida:female,Rebecca:female,Numbers:male",test
72537ec8-acbc-4285-be91-76b6fe747fa4,"('Jerry', 'Stephen')",father,son-mother-father,"['son', 'mother', 'father']","Jerry:male,Willie:male,Kristin:female,Stephen:male,Wayne:male,Rebecca:female",test
ab516fe8-ed1e-4fdf-a6b5-463fd304bd30,"('Chris', 'Stephen')",father,son-mother-father,"['son', 'mother', 'father']","Chris:male,Mitchell:male,Eleanor:female,Stephen:male,Jerry:male,Rebecca:female",test
2e787e84-47fe-4924-9b03-ee9a67ee790b,"('Stephen', 'Kristin')",daughter,daughter-daughter-aunt,"['daughter', 'daughter', 'aunt']","Stephen:male,Patricia:female,Mildred:female,Kristin:female,Maura:female,Chris:male",test
83f7485a-1b50-4b1e-939f-a3c2a21e7035,"('Patricia', 'Maida')",mother,son-aunt-mother,"['son', 'aunt', 'mother']","Patricia:female,Max:male,Rebecca:female,Maida:female,Numbers:male,Jamie:female",test
d2b666bb-d08d-442c-959d-6e5e25f0f6d9,"('Norman', 'Stephen')",father,brother-son-grandfather,"['brother', 'son', 'grandfather']","Norman:male,Michael:male,James:male,Stephen:male,Jerry:male,Willie:male",test
0af876c4-a3c3-4f9b-a41f-ea9a883e2b28,"('Chris', 'Stephen')",father,son-mother-father,"['son', 'mother', 'father']","Chris:male,Craig:male,Eleanor:female,Stephen:male,Maida:female,Roberta:female",test
0d3e6ba4-e747-4e00-940d-5715e45c7ebc,"('William', 'Constance')",sister,brother-father-son-son-uncle-sister-son-brother-grandmother-daughter,"['brother', 'father', 'son', 'son', 'uncle', 'sister', 'son', 'brother', 'grandmother', 'daughter']","William:male,James:male,Steven:male,Steve:male,Stanley:male,Patrice:female,Darryl:male,Eric:male,Elsie:female,Constance:female",test
c1e28b06-8c58-4647-91a0-2cf2748f80c1,"('Chris', 'Maida')",mother,daughter-mother-mother,"['daughter', 'mother', 'mother']","Chris:male,Henriette:female,Eleanor:female,Maida:female,Michael:male,Lee:female",test
4a29e9b4-8d0a-4fcd-aca2-5de0d0d6f381,"('Constance', 'William')",brother,son-father-sister-sister-sister-father-wife-son-son-uncle,"['son', 'father', 'sister', 'sister', 'sister', 'father', 'wife', 'son', 'son', 'uncle']","Constance:female,Stanley:male,Steve:male,Margaret:female,Patrice:female,Steven:male,Elsie:female,Cesar:male,Eric:male,William:male",test
53ecb27c-6926-4a35-9f3d-3800866adc52,"('Margaret', 'Beatrice')",niece,husband-daughter-sister-father-sister-brother-wife-son-mother-daughter,"['husband', 'daughter', 'sister', 'father', 'sister', 'brother', 'wife', 'son', 'mother', 'daughter']","Margaret:female,William:male,Teresita:female,Mary:female,Patrice:female,Steve:male,Constance:female,Don:male,Beatrice:female",test
1755a908-b78c-468f-8cc8-77ed28029d38,"('Constance', 'Teresita')",niece,sister-daughter-sister-uncle-brother-brother-daughter-sister-mother-daughter,"['sister', 'daughter', 'sister', 'uncle', 'brother', 'brother', 'daughter', 'sister', 'mother', 'daughter']","Constance:female,Ellen:female,Kathleen:female,Nadia:female,Steve:male,James:male,William:male,Eula:female,Mary:female,Margaret:female,Teresita:female",test
8675d10e-ec55-4c7d-9fe9-082daa9d74f5,"('Margaret', 'Dan')",nephew,daughter-sister-father-brother-son-brother-sister-brother-brother-brother,"['daughter', 'sister', 'father', 'brother', 'son', 'brother', 'sister', 'brother', 'brother', 'brother']","Margaret:female,Teresita:female,Mary:female,William:male,Cesar:male,Darryl:male,Eric:male,Nora:female,Dan:male",test
25c72317-11be-4354-9e13-8a3d0dba0f08,"('Teresita', 'Steve')",uncle,father-daughter-sister-mother-daughter-sister-sister-mother-sister-brother,"['father', 'daughter', 'sister', 'mother', 'daughter', 'sister', 'sister', 'mother', 'sister', 'brother']","Teresita:female,William:male,Mary:female,Margaret:female,Monica:female,Eula:female,Ellen:female,Steve:male",test
6baa24c5-5b2e-4cfd-b5de-9761430fe658,"('Ellen', 'Steven')",father,daughter-sister-sister-sister-grandmother-daughter-daughter-uncle-brother-father,"['daughter', 'sister', 'sister', 'sister', 'grandmother', 'daughter', 'daughter', 'uncle', 'brother', 'father']","Ellen:female,Mabel:female,Sharon:female,Nadia:female,Kathleen:female,Elsie:female,Margaret:female,Monica:female,Cesar:male,Steve:male,Steven:male",test
9a39f9ac-1e16-4059-99dc-61836d39a0ef,"('Steve', 'Dan')",nephew,sister-father-daughter-brother-wife-daughter-aunt-brother-brother-son,"['sister', 'father', 'daughter', 'brother', 'wife', 'daughter', 'aunt', 'brother', 'brother', 'son']","Steve:male,Margaret:female,Steven:male,Patrice:female,William:male,Eula:female,Constance:female,James:male,Cesar:male,Dan:male",test
f76478dd-af2f-4925-b364-aace9e918106,"('James', 'Eric')",nephew,daughter-aunt-daughter-brother-aunt-daughter-sister-uncle-son-brother,"['daughter', 'aunt', 'daughter', 'brother', 'aunt', 'daughter', 'sister', 'uncle', 'son', 'brother']","James:male,Sharon:female,Constance:female,Beatrice:female,Sidney:male,Margaret:female,Eula:female,Mary:female,Cesar:male,Dan:male,Eric:male",test
116eae58-79f1-499e-acd0-9ebd02187163,"('William', 'Patrice')",sister,daughter-sister-sister-mother-sister-brother-brother-wife-daughter-aunt,"['daughter', 'sister', 'sister', 'mother', 'sister', 'brother', 'brother', 'wife', 'daughter', 'aunt']","William:male,Monica:female,Teresita:female,Eula:female,Margaret:female,Ellen:female,Cesar:male,James:male,Nadia:female,Patrice:female",test
04eec0e9-1d7b-4aed-8ca8-b79084e209ea,"('Patrice', 'Stanley')",nephew,daughter-brother-father-brother-sister-brother-wife-daughter-brother-brother,"['daughter', 'brother', 'father', 'brother', 'sister', 'brother', 'wife', 'daughter', 'brother', 'brother']","Patrice:female,Nora:female,Eric:male,Cesar:male,Steve:male,Margaret:female,Constance:female,Beatrice:female,Don:male,Stanley:male",test
29f3c32b-ab2f-4962-8f64-d5e2c8dba1bf,"('Dan', 'Margaret')",aunt,brother-father-wife-son-grandfather-son-brother-daughter-sister-aunt,"['brother', 'father', 'wife', 'son', 'grandfather', 'son', 'brother', 'daughter', 'sister', 'aunt']","Dan:male,Darryl:male,Cesar:male,Patrice:female,Eric:male,Steven:male,Steve:male,James:male,Sharon:female,Mabel:female,Margaret:female",test
2bb13b03-8802-41f2-a407-9910897b6619,"('Steve', 'Monica')",niece,son-aunt-sister-daughter-father-brother-daughter-sister-mother-daughter,"['son', 'aunt', 'sister', 'daughter', 'father', 'brother', 'daughter', 'sister', 'mother', 'daughter']","Steve:male,Sidney:male,Patrice:female,Ellen:female,Kathleen:female,James:male,William:male,Mary:female,Eula:female,Margaret:female,Monica:female",test
9ea64201-f21d-4d90-93ed-0a94152f9a77,"('James', 'Nora')",niece,sister-sister-mother-husband-daughter-sister-brother-son-brother-sister,"['sister', 'sister', 'mother', 'husband', 'daughter', 'sister', 'brother', 'son', 'brother', 'sister']","James:male,Patrice:female,Margaret:female,Elsie:female,Steven:male,Cesar:male,Dan:male,Eric:male,Nora:female",test
fde8f8de-ece4-4fe2-a492-b152ac522d44,"('Stanley', 'Ellen')",aunt,father-son-mother-mother-daughter-daughter-father-sister-brother-sister,"['father', 'son', 'mother', 'mother', 'daughter', 'daughter', 'father', 'sister', 'brother', 'sister']","Stanley:male,Steve:male,Don:male,Constance:female,Elsie:female,Margaret:female,Eula:female,William:male,Patrice:female,Ellen:female",test
8ef627c2-9886-43b5-8f52-53bbf0d86a03,"('Beatrice', 'Cesar')",uncle,father-son-brother-mother-husband-daughter-brother-sister-father-brother,"['father', 'son', 'brother', 'mother', 'husband', 'daughter', 'brother', 'sister', 'father', 'brother']","Beatrice:female,Steve:male,Don:male,Sidney:male,Constance:female,Stanley:male,Cesar:male",test
de407558-731d-4bf8-ae0d-a346f60ebb1a,"('Margaret', 'Don')",nephew,brother-brother-brother-daughter-aunt-father-son-son-mother-son,"['brother', 'brother', 'brother', 'daughter', 'aunt', 'father', 'son', 'son', 'mother', 'son']","Margaret:female,James:male,Cesar:male,William:male,Monica:female,Ellen:female,Steven:male,Steve:male,Stanley:male,Constance:female,Don:male",test
bf8cbce3-0de9-4c13-a59f-244dfa54fb4f,"('Margaret', 'Nora')",niece,daughter-sister-sister-father-sister-son-uncle-son-brother-sister,"['daughter', 'sister', 'sister', 'father', 'sister', 'son', 'uncle', 'son', 'brother', 'sister']","Margaret:female,Teresita:female,Eula:female,Mary:female,William:male,Constance:female,Sidney:male,Cesar:male,Dan:male,Darryl:male,Nora:female",test
59e0a838-b049-4daa-ae0c-f63604ad0288,"('Ellen', 'Beatrice')",niece,daughter-aunt-daughter-sister-father-brother-son-brother-brother-sister,"['daughter', 'aunt', 'daughter', 'sister', 'father', 'brother', 'son', 'brother', 'brother', 'sister']","Ellen:female,Sharon:female,Margaret:female,Eula:female,Monica:female,William:male,Steve:male,Don:male,Sidney:male,Stanley:male,Beatrice:female",test
b5c1419c-1629-4363-be2b-69ac948f693a,"('James', 'Mary')",niece,daughter-sister-mother-daughter-aunt-brother-sister-brother-daughter-sister,"['daughter', 'sister', 'mother', 'daughter', 'aunt', 'brother', 'sister', 'brother', 'daughter', 'sister']","James:male,Kathleen:female,Sharon:female,Ellen:female,Mabel:female,Constance:female,Cesar:male,William:male,Teresita:female,Mary:female",test
92e244c3-040b-4df1-900a-24000f16e145,"('Patrice', 'William')",brother,son-sister-brother-mother-son-father-son-uncle-daughter-uncle,"['son', 'sister', 'brother', 'mother', 'son', 'father', 'son', 'uncle', 'daughter', 'uncle']","Patrice:female,Dan:male,Nora:female,Darryl:male,Cesar:male,Steve:male,Beatrice:female,William:male",test
c17b8298-f7b5-4308-94d5-044aa117bdbc,"('Constance', 'Mabel')",niece,son-brother-sister-aunt-husband-daughter-sister-sister-father-daughter,"['son', 'brother', 'sister', 'aunt', 'husband', 'daughter', 'sister', 'sister', 'father', 'daughter']","Constance:female,Sidney:male,Don:male,Beatrice:female,Ellen:female,James:male,Sharon:female,Kathleen:female,Mabel:female",test
a1f972e4-588d-4e58-ac57-c2773a5663bc,"('Margaret', 'Ellen')",sister,sister-father-son-brother-son-brother-brother-aunt-son-aunt,"['sister', 'father', 'son', 'brother', 'son', 'brother', 'brother', 'aunt', 'son', 'aunt']","Margaret:female,Constance:female,Steven:male,Steve:male,Cesar:male,Darryl:male,Eric:male,Dan:male,Don:male,Ellen:female",test
d184a674-a258-4e15-ada0-393e2b175d93,"('Elsie', 'Margaret')",daughter,daughter-brother-sister-brother-daughter-sister-aunt-sister-father-daughter,"['daughter', 'brother', 'sister', 'brother', 'daughter', 'sister', 'aunt', 'sister', 'father', 'daughter']","Elsie:female,Ellen:female,Steve:male,Patrice:female,James:male,Sharon:female,Mabel:female,Constance:female,Steven:male,Margaret:female",test
a67c5249-a7c1-4832-a5bb-04a50174b1b2,"('Constance', 'Steven')",father,daughter-grandmother-daughter-daughter-sister-sister-sister-father-daughter-grandfather,"['daughter', 'grandmother', 'daughter', 'daughter', 'sister', 'sister', 'sister', 'father', 'daughter', 'grandfather']","Constance:female,Beatrice:female,Elsie:female,Margaret:female,Eula:female,Teresita:female,Monica:female,Mary:female,William:male,Steven:male",test
ba9fc6cb-d654-4cfb-95d3-deeae093b211,"('William', 'Ellen')",sister,daughter-sister-mother-brother-sister-son-sister-grandfather-son-sister,"['daughter', 'sister', 'mother', 'brother', 'sister', 'son', 'sister', 'grandfather', 'son', 'sister']","William:male,Mary:female,Eula:female,Margaret:female,James:male,Constance:female,Stanley:male,Beatrice:female,Steven:male,Cesar:male,Ellen:female",test
9daf5c5c-4bf2-475e-8bd6-8b7043db0ddb,"('Margaret', 'Patrice')",sister,daughter-aunt-mother-son-sister-father-daughter-daughter-sister-aunt,"['daughter', 'aunt', 'mother', 'son', 'sister', 'father', 'daughter', 'daughter', 'sister', 'aunt']","Margaret:female,Eula:female,Constance:female,Elsie:female,James:male,Steven:male,Ellen:female,Nadia:female,Mabel:female,Patrice:female",test
85bdeabc-8d7a-4946-bf61-759cbe247e3b,"('Cesar', 'Stanley')",nephew,son-brother-aunt-husband-son-uncle-daughter-uncle-daughter-brother,"['son', 'brother', 'aunt', 'husband', 'son', 'uncle', 'daughter', 'uncle', 'daughter', 'brother']","Cesar:male,Eric:male,Dan:male,Constance:female,Steve:male,Sidney:male,William:male,Mary:female,Beatrice:female,Stanley:male",test
393f12cf-2abb-44cd-9c7d-22155c2be015,"('Ellen', 'Dan')",nephew,sister-mother-son-son-aunt-daughter-uncle-wife-daughter-brother,"['sister', 'mother', 'son', 'son', 'aunt', 'daughter', 'uncle', 'wife', 'daughter', 'brother']","Ellen:female,Constance:female,Elsie:female,Steve:male,Sidney:male,Margaret:female,Mary:female,Cesar:male,Patrice:female,Nora:female,Dan:male",test
f9a95e88-f822-4f90-bdca-4baa59d7c15c,"('Maida', 'Numbers')",grandson,husband-daughter-son,"['husband', 'daughter', 'son']","Maida:female,Stephen:male,Rebecca:female,Numbers:male,Michael:male,Crystal:female",test
415e49fd-a9c6-4c8b-bff3-ba2a40aeda4b,"('Billy', 'Mary')",mother,daughter-mother-mother,"['daughter', 'mother', 'mother']","Billy:male,Susan:female,Helen:female,Mary:female",test
73126856-4015-4a70-8a6d-15dec300526b,"('Ronald', 'Glenda')",daughter,daughter-daughter-aunt,"['daughter', 'daughter', 'aunt']","Ronald:male,Ruby:female,Frances:female,Glenda:female",test
45e06984-5cfd-41f1-91b9-11b8c7472f52,"('John', 'Ronald')",father,brother-son-grandfather,"['brother', 'son', 'grandfather']","John:male,Phillip:male,Steven:male,Ronald:male",test
3c3a668b-79ca-433e-9514-4878d5c93fcf,"('Kathleen', 'Donna')",mother,son-father-mother,"['son', 'father', 'mother']","Kathleen:female,William:male,John:male,Donna:female",test
35fdcec1-9682-490a-b9a3-b2b22e014505,"('Johanna', 'Henry')",father,son-father-father,"['son', 'father', 'father']","Johanna:female,Howard:male,Wayne:male,Henry:male",test
d80aef9e-0a56-4794-bf6d-697b55a91719,"('Marian', 'Henry')",father,son-aunt-father,"['son', 'aunt', 'father']","Marian:female,Devin:male,Johanna:female,Henry:male",test
3641b5d5-458b-4e4b-9d4c-574ff28a4e75,"('Philip', 'Donna')",mother,daughter-mother-mother,"['daughter', 'mother', 'mother']","Philip:male,Rita:female,Marian:female,Donna:female",test
1d62cb3e-3f3d-441a-9cf1-a27aeb51de98,"('Edward', 'Donna')",grandmother,mother-sister-mother,"['mother', 'sister', 'mother']","Edward:male,Kathleen:female,Johanna:female,Donna:female",test
a8882cc6-43f3-49c5-8905-842b33081cf2,"('Wayne', 'Donna')",mother,wife-son-grandmother,"['wife', 'son', 'grandmother']","Wayne:male,Johanna:female,Cedric:male,Donna:female",test
af69fbd9-45b9-45ee-a9dd-4fe020a1a951,"('Young', 'Donna')",mother,sister-daughter-grandmother,"['sister', 'daughter', 'grandmother']","Young:male,Johanna:female,Sarah:female,Donna:female",test
8ee03b33-c8cf-4dfa-8b3f-518ab62180eb,"('Marian', 'Henry')",father,son-father-father,"['son', 'father', 'father']","Marian:female,James:male,Philip:male,Henry:male",test
a208c028-080b-4a67-810a-39515fb798cb,"('Kathleen', 'Donna')",mother,son-father-mother,"['son', 'father', 'mother']","Kathleen:female,Edward:male,John:male,Donna:female",test
54287001-e629-42bc-bd79-611946349f10,"('Wayne', 'Donna')",mother,sister-daughter-grandmother,"['sister', 'daughter', 'grandmother']","Wayne:male,Marian:female,Tammy:female,Donna:female",test
dfc1e672-ea86-4aca-9ea0-1eaeb47933ca,"('Wayne', 'Donna')",mother,wife-son-grandmother,"['wife', 'son', 'grandmother']","Wayne:male,Johanna:female,Cedric:male,Donna:female",test
e0eb320f-4259-4c7b-9d98-20ae9571cfd1,"('Wayne', 'Donna')",mother,daughter-mother-mother,"['daughter', 'mother', 'mother']","Wayne:male,Janet:female,Johanna:female,Donna:female",test
1e4d4a10-6bd7-4065-a3d7-41f97401c6a0,"('Philip', 'Henry')",father,son-aunt-father,"['son', 'aunt', 'father']","Philip:male,Joseph:male,Ashley:female,Henry:male",test
03748c1f-943f-4450-949e-331fc11ad11c,"('Johanna', 'Henry')",father,son-father-father,"['son', 'father', 'father']","Johanna:female,Cedric:male,Wayne:male,Henry:male",test
c5e455de-fae3-4544-b9b8-7be3512262d7,"('Philip', 'Donna')",mother,sister-daughter-grandmother,"['sister', 'daughter', 'grandmother']","Philip:male,Ashley:female,Gloria:female,Donna:female",test
f636b396-79bd-47a5-9b64-58810209ae11,"('Young', 'Donna')",mother,sister-daughter-grandmother,"['sister', 'daughter', 'grandmother']","Young:male,Kathleen:female,Nicole:female,Donna:female",test
54acd335-1add-4062-bf86-6e90ea643749,"('Sarah', 'Donna')",grandmother,mother-sister-mother,"['mother', 'sister', 'mother']","Sarah:female,Johanna:female,Kathleen:female,Donna:female",test
d4c7c9cc-a240-49fd-8d8a-efc698fda628,"('Wayne', 'Henry')",father,son-aunt-father,"['son', 'aunt', 'father']","Wayne:male,Howard:male,Marian:female,Henry:male",test
2c62bd8a-a1c9-4775-aafb-530cbb1f589a,"('Marian', 'Henry')",father,son-father-father,"['son', 'father', 'father']","Marian:female,Devin:male,Philip:male,Henry:male",test
bf3525a3-11bb-4654-b575-f6f36a52061d,"('Marian', 'Donna')",mother,son-father-mother,"['son', 'father', 'mother']","Marian:female,Joseph:male,Philip:male,Donna:female",test
1bc99b43-2c1f-4f87-9a3c-39699008aedf,"('Wayne', 'Henry')",father,son-aunt-father,"['son', 'aunt', 'father']","Wayne:male,Howard:male,Marian:female,Henry:male",test
693258ae-f953-46cb-a3a7-3c495b6805fd,"('Wayne', 'Donna')",mother,sister-daughter-grandmother,"['sister', 'daughter', 'grandmother']","Wayne:male,Kathleen:female,Nicole:female,Donna:female",test
6ba07e36-7ecd-4768-81f5-97f024ad8616,"('Noreen', 'Donna')",grandmother,mother-sister-mother,"['mother', 'sister', 'mother']","Noreen:female,Kathleen:female,Marian:female,Donna:female",test
738d881b-dc78-49e2-a6ef-a25b1f22a548,"('Wayne', 'Donna')",mother,wife-son-grandmother,"['wife', 'son', 'grandmother']","Wayne:male,Johanna:female,Matthew:male,Donna:female",test
5d451f82-a909-4070-a214-8bb32a872e9d,"('John', 'Donna')",mother,daughter-mother-mother,"['daughter', 'mother', 'mother']","John:male,Kari:female,Kathleen:female,Donna:female",test
9d8931ad-62f7-4117-acfa-066ebcc0bd68,"('Kathleen', 'Henry')",father,son-aunt-father,"['son', 'aunt', 'father']","Kathleen:female,Lance:male,Ashley:female,Henry:male",test
cb2886d5-42c9-4298-9e4b-40d7d1b4595f,"('Marian', 'Donna')",mother,son-father-mother,"['son', 'father', 'mother']","Marian:female,Joseph:male,Philip:male,Donna:female",test
b8e35ee9-f864-4a29-8ab1-3faf17bd7273,"('Sarah', 'Donna')",grandmother,mother-sister-mother,"['mother', 'sister', 'mother']","Sarah:female,Johanna:female,Kathleen:female,Donna:female",test
bf1efd66-3641-4dc3-b77a-b6302766a280,"('Johanna', 'Donna')",mother,sister-daughter-grandmother,"['sister', 'daughter', 'grandmother']","Johanna:female,Marian:female,Tammy:female,Donna:female",test
bc7139a4-3b5e-4e7e-8708-cb3bdf888143,"('Young', 'Donna')",mother,sister-daughter-grandmother,"['sister', 'daughter', 'grandmother']","Young:male,Johanna:female,Sarah:female,Donna:female",test
bb899364-db6c-4c80-9911-a5ec22c9f3c4,"('Johanna', 'Donna')",mother,son-father-mother,"['son', 'father', 'mother']","Johanna:female,Matthew:male,Wayne:male,Donna:female",test
9aa348f5-db41-4c5f-a736-b14827fb85ed,"('David', 'Stuart')",father,brother-son-grandfather,"['brother', 'son', 'grandfather']","David:male,Robert:male,Tim:male,Stuart:male,Sharon:female",test
e3f9d550-bcce-420c-840d-6164d3d1e029,"('Sharon', 'Debra')",mother,son-aunt-mother,"['son', 'aunt', 'mother']","Sharon:female,Christopher:male,Diana:female,Debra:female,Amanda:female",test
7ba1a0f4-d5b0-48ed-9233-931eb20b7fe0,"('Amanda', 'Debra')",mother,husband-son-grandmother,"['husband', 'son', 'grandmother']","Amanda:female,Pablo:male,Joseph:male,Debra:female,Pedro:male",test
a9da4ae0-2627-44a5-9995-314c825b0b45,"('William', 'Debra')",mother,daughter-mother-mother,"['daughter', 'mother', 'mother']","William:male,Sofia:female,Diana:female,Debra:female,Keith:male",test
bec97a23-1bd2-4c19-a0f8-c06b08fd486f,"('Robert', 'Stuart')",father,son-mother-father,"['son', 'mother', 'father']","Robert:male,Ray:male,Sharon:female,Stuart:male,Dora:female",test
cf2de22f-d521-4ae1-b1e3-d3194b951890,"('Debra', 'Pedro')",grandson,husband-daughter-son,"['husband', 'daughter', 'son']","Debra:female,Stuart:male,Amanda:female,Pedro:male,Joseph:male",test
7d7d145a-bc9f-4169-a23e-030625ad4392,"('Sharon', 'Debra')",mother,husband-son-grandmother,"['husband', 'son', 'grandmother']","Sharon:female,Robert:male,Tim:male,Debra:female,Roy:male",test
7666393b-f205-444c-bfc1-bd4b6abb8bd4,"('Debra', 'Diana')",daughter,daughter-daughter-aunt,"['daughter', 'daughter', 'aunt']","Debra:female,Jean:female,June:female,Diana:female,David:male",test
3ca4ec4e-69d8-47f0-8619-aece9e6de083,"('Stuart', 'Sharon')",daughter,daughter-daughter-aunt,"['daughter', 'daughter', 'aunt']","Stuart:male,Diana:female,Rita:female,Sharon:female,Nicole:female",test
135d1063-e384-481f-affc-75fc42412609,"('Marianne', 'Franklin')",father,brother-son-grandfather,"['brother', 'son', 'grandfather']","Marianne:female,William:male,Edward:male,Franklin:male,Helen:female",test
f36ed5b1-5b4e-40af-aaf8-f1f396ed7c12,"('Kenda', 'Stanley')",grandson,husband-daughter-son,"['husband', 'daughter', 'son']","Kenda:female,Franklin:male,Marianne:female,Stanley:male,Dulcie:female",test
e1c08e1c-3879-4730-acdf-fdf3896cfc38,"('Tyrone', 'Franklin')",father,son-mother-father,"['son', 'mother', 'father']","Tyrone:male,John:male,Patricia:female,Franklin:male,Joann:female",test
0a63334b-c6d0-4c82-a8cf-7a66e34e6b1f,"('Kenda', 'Stanley')",grandson,husband-daughter-son,"['husband', 'daughter', 'son']","Kenda:female,Franklin:male,Marianne:female,Stanley:male,Steven:male",test
142d27d4-d57e-43fa-bd02-685a6b3a4adc,"('Juan', 'Franklin')",father,brother-son-grandfather,"['brother', 'son', 'grandfather']","Juan:male,Tyrone:male,John:male,Franklin:male,Patricia:female",test
92867d19-8d20-4551-b7f4-cd6957dfe77a,"('Marsha', 'Kenda')",mother-in-law,husband-son-grandmother,"['husband', 'son', 'grandmother']","Marsha:female,William:male,Russell:male,Kenda:female,Luis:male",test
61d5fc54-7242-484a-8a50-ddfaa71f127f,"('Juan', 'Kenda')",mother,daughter-mother-mother,"['daughter', 'mother', 'mother']","Juan:male,Erin:female,Marianne:female,Kenda:female,Patricia:female",test
612b311e-06d4-4c05-8e78-ad8ca1515444,"('Kenda', 'Etta')",daughter,daughter-daughter-aunt,"['daughter', 'daughter', 'aunt']","Kenda:female,Marianne:female,Erin:female,Etta:female,Franklin:male",test
d2756ca7-6e29-4094-8bc1-344cd315b4aa,"('William', 'Stuart')",father,son-mother-father,"['son', 'mother', 'father']","William:male,Keith:male,Diana:female,Stuart:male,Thomas:male",test
7dfa30ca-53e0-467f-b41a-74a338866128,"('Kyle', 'Shirley')",daughter,wife-daughter,"['wife', 'daughter']","Kyle:male,Karen:female,Shirley:female,Henry:male",test
1dbbc66e-ac52-4e21-81ed-7678c4fc90ee,"('Mark', 'Danielle')",mother,wife-daughter-sister-mother-sister-sister-brother-brother-mother,"['wife', 'daughter', 'sister', 'mother', 'sister', 'sister', 'brother', 'brother', 'mother']","Mark:male,Donna:female,Helen:female,Leah:female,Bonita:female,Susan:female,John:male,Kyle:male,Danielle:female",test
c8db6f36-6e34-43e8-b56c-5940a26c9a81,"('Marian', 'Donna')",mother,son-father-mother,"['son', 'father', 'mother']","Marian:female,Jack:male,Philip:male,Donna:female",test
a38be799-daed-4658-b95a-370de1331735,"('Marian', 'Donna')",mother,son-father-mother,"['son', 'father', 'mother']","Marian:female,Joseph:male,Philip:male,Donna:female",test
15bd1867-bff8-4311-acb8-fcb41d66b9e0,"('Marian', 'Donna')",mother,sister-daughter-grandmother,"['sister', 'daughter', 'grandmother']","Marian:female,Kathleen:female,Kari:female,Donna:female",test
90251613-f7fb-423e-978d-650fd7d5382d,"('Sarah', 'Donna')",grandmother,mother-sister-mother,"['mother', 'sister', 'mother']","Sarah:female,Johanna:female,Marian:female,Donna:female",test
03a06546-dc2f-4dc7-a9a6-5734c3f167e0,"('Philip', 'Donna')",mother,wife-son-grandmother,"['wife', 'son', 'grandmother']","Philip:male,Marian:female,Devin:male,Donna:female",test
1e8b290c-342f-4dda-b515-2eeb7a59e170,"('John', 'Donna')",mother,wife-son-grandmother,"['wife', 'son', 'grandmother']","John:male,Kathleen:female,Edward:male,Donna:female",test
04be8af4-0aa1-4067-9d4e-992dcbd1d1b0,"('Wayne', 'Donna')",mother,daughter-mother-mother,"['daughter', 'mother', 'mother']","Wayne:male,Vickie:female,Johanna:female,Donna:female",test
0b97aa51-40ea-416d-9ff0-8aa4940eed5f,"('John', 'Henry')",father,son-aunt-father,"['son', 'aunt', 'father']","John:male,Edward:male,Ashley:female,Henry:male",test
5b9dd8c9-cca5-4a0e-a7dd-5ca18c75fcc3,"('Debra', 'Ryan')",grandson,husband-daughter-son,"['husband', 'daughter', 'son']","Debra:female,Stuart:male,Amanda:female,Ryan:male,Joseph:male",test
a839b34e-7ad9-4af9-bbc8-6e7758c3816f,"('Tammy', 'Donna')",grandmother,mother-sister-mother,"['mother', 'sister', 'mother']","Tammy:female,Marian:female,Johanna:female,Donna:female",test
2578e515-8bca-4065-93d7-73622623de42,"('Young', 'Donna')",mother,wife-son-grandmother,"['wife', 'son', 'grandmother']","Young:male,Ashley:female,Stephen:male,Donna:female",test
14b8bd60-5d9f-4332-8f6c-1e0697541f7f,"('Young', 'Donna')",mother,sister-daughter-grandmother,"['sister', 'daughter', 'grandmother']","Young:male,Kathleen:female,Kari:female,Donna:female",test
b63cb65d-930a-4728-b212-1080de8b03ef,"('Edward', 'Donna')",grandmother,mother-sister-mother,"['mother', 'sister', 'mother']","Edward:male,Kathleen:female,Ashley:female,Donna:female",test
dd29f3ad-428c-41e1-b621-e3c4a8410e66,"('Ashley', 'Henry')",father,son-aunt-father,"['son', 'aunt', 'father']","Ashley:female,Ricky:male,Johanna:female,Henry:male",test
9ebf2a4c-2e3e-4b80-8abe-6c9474162c94,"('Kathleen', 'Henry')",father,son-father-father,"['son', 'father', 'father']","Kathleen:female,Edward:male,John:male,Henry:male",test
2c062691-55ef-409e-a577-a0b902d34fd8,"('John', 'Donna')",mother,daughter-mother-mother,"['daughter', 'mother', 'mother']","John:male,Nicole:female,Kathleen:female,Donna:female",test
1adc3cd9-99ed-46e6-857f-8616e66ea7a2,"('Kathleen', 'Donna')",mother,son-father-mother,"['son', 'father', 'mother']","Kathleen:female,William:male,John:male,Donna:female",test
edabf0bb-b8e7-4d89-9ece-216fbb4192ef,"('Johanna', 'Donna')",mother,son-father-mother,"['son', 'father', 'mother']","Johanna:female,Howard:male,Wayne:male,Donna:female",test
125fc4c9-671b-49a0-9923-a06ce42eaadf,"('Marian', 'Henry')",father,son-aunt-father,"['son', 'aunt', 'father']","Marian:female,Jack:male,Kathleen:female,Henry:male",test
37a997f1-fbf2-4412-96dd-a8ab17b1ba7f,"('Philip', 'Donna')",mother,daughter-mother-mother,"['daughter', 'mother', 'mother']","Philip:male,Lillian:female,Marian:female,Donna:female",test
424e8ed0-61ff-4c36-8ad4-49dd9f8efde0,"('Philip', 'Donna')",mother,sister-daughter-grandmother,"['sister', 'daughter', 'grandmother']","Philip:male,Johanna:female,Alicia:female,Donna:female",test
c070e95b-1362-4bbd-bd65-e70f0d21b327,"('Vickie', 'Donna')",grandmother,mother-sister-mother,"['mother', 'sister', 'mother']","Vickie:female,Johanna:female,Ashley:female,Donna:female",test
bca2001d-1f13-4502-86f3-53606f48a4d2,"('Kathleen', 'Henry')",father,son-father-father,"['son', 'father', 'father']","Kathleen:female,Lance:male,John:male,Henry:male",test
cfe5da5e-3f6a-46fb-b309-d2194d57285e,"('Ashley', 'Henry')",father,son-aunt-father,"['son', 'aunt', 'father']","Ashley:female,Dale:male,Johanna:female,Henry:male",test
fca559c3-e89f-4e30-a596-14ec5d12ce04,"('Philip', 'Donna')",mother,daughter-mother-mother,"['daughter', 'mother', 'mother']","Philip:male,Rita:female,Marian:female,Donna:female",test
ac76457c-2b36-4e3a-8437-bf41fa2ea399,"('Young', 'Donna')",mother,wife-son-grandmother,"['wife', 'son', 'grandmother']","Young:male,Ashley:female,Dale:male,Donna:female",test
ad40954f-a7a1-4aae-9ada-f98491bab737,"('Kathleen', 'Donna')",mother,sister-daughter-grandmother,"['sister', 'daughter', 'grandmother']","Kathleen:female,Marian:female,Lourdes:female,Donna:female",test
bae138ec-19fc-4620-bf47-b306c73791de,"('Young', 'Donna')",mother-in-law,wife-son-grandmother,"['wife', 'son', 'grandmother']","Young:male,Ashley:female,Dale:male,Donna:female",test
ce5ca4d1-6eb7-4bda-9716-da76f0dc469a,"('Ann', 'Donna')",grandmother,mother-sister-mother,"['mother', 'sister', 'mother']","Ann:female,Ashley:female,Kathleen:female,Donna:female",test
c44bfa26-503a-47d0-99dc-c30060e5f90c,"('Marian', 'Donna')",mother,son-father-mother,"['son', 'father', 'mother']","Marian:female,Jack:male,Philip:male,Donna:female",test
76c25136-6c40-4eff-a5c6-976913bb0407,"('Wayne', 'Donna')",mother,daughter-mother-mother,"['daughter', 'mother', 'mother']","Wayne:male,Sarah:female,Johanna:female,Donna:female",test
419940d5-79f2-473a-b38c-a6b65d072709,"('Marian', 'Henry')",father,son-father-father,"['son', 'father', 'father']","Marian:female,Devin:male,Philip:male,Henry:male",test
b2fb30a4-2ebe-4e77-abb5-b596c7d8ff75,"('Young', 'Donna')",mother,sister-daughter-grandmother,"['sister', 'daughter', 'grandmother']","Young:male,Marian:female,Tammy:female,Donna:female",test
051f7043-3c22-4d03-bf49-54e5378b3dc4,"('Wayne', 'Donna')",mother,wife-son-grandmother,"['wife', 'son', 'grandmother']","Wayne:male,Johanna:female,Cedric:male,Donna:female",test
1f054368-d1cd-4a30-84bc-14000d33d4f2,"('Wayne', 'Henry')",father,son-aunt-father,"['son', 'aunt', 'father']","Wayne:male,Cedric:male,Marian:female,Henry:male",test
c4e889be-a3a5-4c4e-bac4-88b8f2277824,"('Tammy', 'Donna')",grandmother,mother-sister-mother,"['mother', 'sister', 'mother']","Tammy:female,Marian:female,Kathleen:female,Donna:female",test
e6f76a59-f680-4bd5-8fc8-3e223559a768,"('Marian', 'Donna')",mother,son-father-mother,"['son', 'father', 'mother']","Marian:female,Joseph:male,Philip:male,Donna:female",test
79123024-5330-45a7-831c-e65a08ff6181,"('Johanna', 'Henry')",father,son-father-father,"['son', 'father', 'father']","Johanna:female,Cedric:male,Wayne:male,Henry:male",test
fe81eae5-c860-417f-8272-fbea0585d016,"('Wayne', 'Henry')",father,son-aunt-father,"['son', 'aunt', 'father']","Wayne:male,Howard:male,Kathleen:female,Henry:male",test
288007c4-af37-41f5-bd17-f8337530a875,"('John', 'Henry')",father,son-aunt-father,"['son', 'aunt', 'father']","John:male,Edward:male,Marian:female,Henry:male",test
1d88afe8-4feb-4adc-8940-b588b9771f24,"('Kari', 'Donna')",grandmother,mother-sister-mother,"['mother', 'sister', 'mother']","Kari:female,Kathleen:female,Marian:female,Donna:female",test
8bb8a969-c00d-427f-8fba-b88a8ecc3ae5,"('Philip', 'Donna')",mother,sister-daughter-grandmother,"['sister', 'daughter', 'grandmother']","Philip:male,Johanna:female,Vickie:female,Donna:female",test
58e7d9ae-6c5b-49cc-8793-ead9acc3059f,"('Wayne', 'Donna')",mother,daughter-mother-mother,"['daughter', 'mother', 'mother']","Wayne:male,Sarah:female,Johanna:female,Donna:female",test
7c673877-b532-4b16-a77a-92035670fb3e,"('Marian', 'Henry')",father,son-father-father,"['son', 'father', 'father']","Marian:female,Joseph:male,Philip:male,Henry:male",test
d04ba2d9-8ca3-4507-a2a8-237734d7e80d,"('Wayne', 'Donna')",mother,daughter-mother-mother,"['daughter', 'mother', 'mother']","Wayne:male,Vickie:female,Johanna:female,Donna:female",test
97251115-ce5b-4bdd-98e8-7ce65bc86363,"('John', 'Henry')",father,son-aunt-father,"['son', 'aunt', 'father']","John:male,Lance:male,Ashley:female,Henry:male",test
fc192140-5f05-4e1c-840d-01d350be66b3,"('Lance', 'Donna')",grandmother,mother-sister-mother,"['mother', 'sister', 'mother']","Lance:male,Kathleen:female,Ashley:female,Donna:female",test
09b69b8e-6b4e-490b-998d-01094a11fbcd,"('Young', 'Donna')",mother-in-law,wife-son-grandmother,"['wife', 'son', 'grandmother']","Young:male,Ashley:female,Heath:male,Donna:female",test
e7e0d50b-a567-4fa9-9e00-9a8a40e8a1b3,"('Johanna', 'Henry')",father,son-father-father,"['son', 'father', 'father']","Johanna:female,Howard:male,Wayne:male,Henry:male",test
ec5dc271-4a84-40ce-9173-41bd91daf10b,"('Wayne', 'Donna')",mother,daughter-mother-mother,"['daughter', 'mother', 'mother']","Wayne:male,Sarah:female,Johanna:female,Donna:female",test
ac17e8de-a9bf-4a0e-ab2e-b60657c871e9,"('Johanna', 'Henry')",father,son-father-father,"['son', 'father', 'father']","Johanna:female,Matthew:male,Wayne:male,Henry:male",test
aaad99b8-21bf-4be8-83d1-00f8fb5ce6f8,"('Kathleen', 'Henry')",father,son-father-father,"['son', 'father', 'father']","Kathleen:female,William:male,John:male,Henry:male",test
0fd405cb-fafd-4f7d-ac02-9828d1000c2e,"('Ricky', 'Donna')",grandmother,mother-sister-mother,"['mother', 'sister', 'mother']","Ricky:male,Ashley:female,Marian:female,Donna:female",test
302771fb-aa90-4c59-9bd4-5e1535481056,"('John', 'Donna')",mother,wife-son-grandmother,"['wife', 'son', 'grandmother']","John:male,Kathleen:female,Edward:male,Donna:female",test
9dbaa46e-8d8f-4dad-95c0-8d32589e559e,"('Philip', 'Donna')",mother,daughter-mother-mother,"['daughter', 'mother', 'mother']","Philip:male,Lourdes:female,Marian:female,Donna:female",test
45d9f39f-4a70-432e-a4fa-20cb6d19c144,"('Johanna', 'Donna')",mother,son-father-mother,"['son', 'father', 'mother']","Johanna:female,Donald:male,Wayne:male,Donna:female",test
6f1b7c47-f598-4d42-8601-dbd0a10ca6f5,"('Wayne', 'Donna')",mother,sister-daughter-grandmother,"['sister', 'daughter', 'grandmother']","Wayne:male,Ashley:female,Gloria:female,Donna:female",test
058b2aa6-7450-447e-b186-f8b99db05c6d,"('Johanna', 'Henry')",father,son-father-father,"['son', 'father', 'father']","Johanna:female,Matthew:male,Wayne:male,Henry:male",test
6623e598-2576-4c99-8f7b-de30c042ac03,"('Young', 'Donna')",mother-in-law,wife-son-grandmother,"['wife', 'son', 'grandmother']","Young:male,Ashley:female,Stephen:male,Donna:female",test
51f524a3-ceb9-40c9-b0b5-d8ecaa7d6a02,"('Joseph', 'Donna')",grandmother,mother-sister-mother,"['mother', 'sister', 'mother']","Joseph:male,Marian:female,Johanna:female,Donna:female",test
b424aa5c-b90b-4715-94ba-4415acc2f9b5,"('Johanna', 'Henry')",father,son-aunt-father,"['son', 'aunt', 'father']","Johanna:female,Donald:male,Kathleen:female,Henry:male",test
e92558f3-db18-4651-9a78-d7c2782b2da2,"('Johanna', 'Donna')",mother,son-father-mother,"['son', 'father', 'mother']","Johanna:female,Howard:male,Wayne:male,Donna:female",test
8df1f2c6-dbc0-48c3-a44b-ee0e5c33b741,"('Johanna', 'Donna')",mother,sister-daughter-grandmother,"['sister', 'daughter', 'grandmother']","Johanna:female,Ashley:female,Myrna:female,Donna:female",test
6d26a283-4e09-46a8-86c6-045021e7ff69,"('Wayne', 'Donna')",mother,daughter-mother-mother,"['daughter', 'mother', 'mother']","Wayne:male,Alicia:female,Johanna:female,Donna:female",test
3eaf7974-fe6e-48a4-89b0-82c851a1bcc4,"('Young', 'Donna')",mother,wife-son-grandmother,"['wife', 'son', 'grandmother']","Young:male,Ashley:female,Stephen:male,Donna:female",test
f345ef7d-5998-4552-9efe-9c2f9ba68056,"('Philip', 'Henry')",father,son-aunt-father,"['son', 'aunt', 'father']","Philip:male,Devin:male,Kathleen:female,Henry:male",test
2208c541-4b22-4c39-9e5a-244e6ccaa6d1,"('Noreen', 'Donna')",grandmother,mother-sister-mother,"['mother', 'sister', 'mother']","Noreen:female,Kathleen:female,Johanna:female,Donna:female",test
77d62081-3cc0-43a3-bdc2-0003771c11b3,"('John', 'Donna')",mother,daughter-mother-mother,"['daughter', 'mother', 'mother']","John:male,Laura:female,Kathleen:female,Donna:female",test
d0a15740-ed6c-48fb-96fb-cb4ef5a9e7c7,"('Johanna', 'Donna')",mother,son-father-mother,"['son', 'father', 'mother']","Johanna:female,Cedric:male,Wayne:male,Donna:female",test
4f02072c-8636-45d8-8b3f-5ad062ece354,"('Young', 'Donna')",mother,wife-son-grandmother,"['wife', 'son', 'grandmother']","Young:male,Ashley:female,Ricky:male,Donna:female",test
cc7fdfe1-fee9-44ec-b34c-12e5e3e9f8a3,"('Diana', 'Stuart')",father,brother-son-grandfather,"['brother', 'son', 'grandfather']","Diana:female,Robert:male,Tim:male,Stuart:male,Sofia:female",test
37364423-1bb1-402c-a8b9-5d2850275b16,"('Diana', 'Debra')",mother,son-aunt-mother,"['son', 'aunt', 'mother']","Diana:female,Thomas:male,Sharon:female,Debra:female,William:male",test
bade4123-1232-4941-8cb4-f640648bcc56,"('William', 'Stuart')",father,son-mother-father,"['son', 'mother', 'father']","William:male,Keith:male,Diana:female,Stuart:male,John:male",test
198d55eb-6b28-4d9c-8062-7fce2747a748,"('William', 'Stuart')",father,son-mother-father,"['son', 'mother', 'father']","William:male,Kevin:male,Diana:female,Stuart:male,Pablo:male",test
99158b25-4d8d-477a-a117-1a790dbeb4d5,"('David', 'Debra')",mother,daughter-mother-mother,"['daughter', 'mother', 'mother']","David:male,June:female,Jean:female,Debra:female,Deanna:female",test
66c1506c-4f3d-4632-a014-9fa6e9110324,"('Debra', 'James')",grandson,husband-daughter-son,"['husband', 'daughter', 'son']","Debra:female,Stuart:male,Amanda:female,James:male,Joseph:male",test
49cd6ba0-b305-4f77-a978-061de027933d,"('Diana', 'Debra')",mother,husband-son-grandmother,"['husband', 'son', 'grandmother']","Diana:female,William:male,Keith:male,Debra:female,Sofia:female",test
ac98dc6c-9367-4e3d-95f7-36227bdbc7d0,"('Robert', 'Debra')",mother,son-aunt-mother,"['son', 'aunt', 'mother']","Robert:male,Roy:male,Amanda:female,Debra:female,Sharon:female",test
bd23d8d7-8a44-40fa-96fa-7df8eaed8d9f,"('William', 'Stuart')",father,son-mother-father,"['son', 'mother', 'father']","William:male,Keith:male,Diana:female,Stuart:male,John:male",test
21628917-0f66-4fe0-aa89-7e9566b15354,"('Stuart', 'Diana')",daughter,daughter-daughter-aunt,"['daughter', 'daughter', 'aunt']","Stuart:male,Sharon:female,Dora:female,Diana:female,Tim:male",test
338fb65e-8499-40ec-93d6-69427f352259,"('William', 'Stuart')",father,son-mother-father,"['son', 'mother', 'father']","William:male,Keith:male,Diana:female,Stuart:male,Thomas:male",test
261ad61d-5101-4ab2-9e23-710a1c6b6fd9,"('Debra', 'Kevin')",grandson,husband-daughter-son,"['husband', 'daughter', 'son']","Debra:female,Stuart:male,Diana:female,Kevin:male,Pablo:male",test
573b5916-610f-425a-8e2b-459ffe79afae,"('Robert', 'Debra')",mother,son-aunt-mother,"['son', 'aunt', 'mother']","Robert:male,Roy:male,Diana:female,Debra:female,Sharon:female",test
bb49ee36-3002-4713-8ade-ab597811fbde,"('Amanda', 'Debra')",mother-in-law,husband-son-grandmother,"['husband', 'son', 'grandmother']","Amanda:female,Pablo:male,Pedro:male,Debra:female,James:male",test
6e7703c2-773d-43e9-9224-2c7926d510ae,"('William', 'Debra')",mother,daughter-mother-mother,"['daughter', 'mother', 'mother']","William:male,Nicole:female,Diana:female,Debra:female,Keith:male",test
27588530-9cd9-42e6-9b08-70afaa071ada,"('William', 'Stuart')",father,brother-son-grandfather,"['brother', 'son', 'grandfather']","William:male,Pablo:male,Pedro:male,Stuart:male,James:male",test
ffaf5ea3-b377-459f-afc5-45e3599a203e,"('Debra', 'Jean')",daughter,daughter-daughter-aunt,"['daughter', 'daughter', 'aunt']","Debra:female,Diana:female,Sofia:female,Jean:female,Stuart:male",test
ff7bb593-6fce-4a6f-9625-b7bd8ff7d7f8,"('David', 'Debra')",mother,daughter-mother-mother,"['daughter', 'mother', 'mother']","David:male,Lois:female,Jean:female,Debra:female,Deanna:female",test
4f1fa85c-cbfb-4fd9-bad4-999d41882ff2,"('Amanda', 'Debra')",mother-in-law,husband-son-grandmother,"['husband', 'son', 'grandmother']","Amanda:female,Pablo:male,James:male,Debra:female,Patria:female",test
166d8345-e595-4591-817d-8a8e8e5efdbd,"('Sharon', 'Debra')",mother,son-aunt-mother,"['son', 'aunt', 'mother']","Sharon:female,Tim:male,Diana:female,Debra:female,Robert:male",test
0eb5e8cd-70b6-4050-ad30-55201ba854b1,"('Debra', 'Thomas')",grandson,husband-daughter-son,"['husband', 'daughter', 'son']","Debra:female,Stuart:male,Diana:female,Thomas:male,Keith:male",test
42b497cb-d14f-4b3c-ba43-7c15fdf0eb6f,"('Robert', 'Stuart')",father,brother-son-grandfather,"['brother', 'son', 'grandfather']","Robert:male,William:male,Keith:male,Stuart:male,Kevin:male",test
816eb2bf-8bb1-4d83-b09f-0dc5e2bb6e19,"('Robert', 'Stuart')",father,brother-son-grandfather,"['brother', 'son', 'grandfather']","Robert:male,Pablo:male,James:male,Stuart:male,Patria:female",test
5a8eea7d-0d83-4c27-b040-8230c663a095,"('Debra', 'Sharon')",daughter,daughter-daughter-aunt,"['daughter', 'daughter', 'aunt']","Debra:female,Jean:female,Elizabeth:female,Sharon:female,David:male",test
35090867-ccc4-40b1-90e1-f9c92c2f09ee,"('David', 'Debra')",mother,daughter-mother-mother,"['daughter', 'mother', 'mother']","David:male,June:female,Jean:female,Debra:female,Elizabeth:female",test
d07c2dcb-6409-4dff-93b2-95dd6f875efd,"('Sharon', 'Debra')",mother,husband-son-grandmother,"['husband', 'son', 'grandmother']","Sharon:female,Robert:male,Tim:male,Debra:female,Dora:female",test
5f20dd8c-1245-44e8-8ad2-3a394c8ebd45,"('William', 'Debra')",mother,son-aunt-mother,"['son', 'aunt', 'mother']","William:male,John:male,Sharon:female,Debra:female,Diana:female",test
ebaf5b86-7b36-4df8-bc46-5b6d6c5de84d,"('Debra', 'Diana')",daughter,daughter-daughter-aunt,"['daughter', 'daughter', 'aunt']","Debra:female,Sharon:female,Phyllis:female,Diana:female,Robert:male",test
85f23678-94d0-4bb3-91b0-babf8d2d9cd6,"('Diana', 'Debra')",mother,husband-son-grandmother,"['husband', 'son', 'grandmother']","Diana:female,William:male,Thomas:male,Debra:female,Keith:male",test
bc6d7136-976c-4e48-881d-da6b285a3340,"('William', 'Stuart')",father,son-mother-father,"['son', 'mother', 'father']","William:male,Thomas:male,Diana:female,Stuart:male,John:male",test
26420e01-3c25-4b03-b4c7-50e0e3259fbc,"('William', 'Debra')",mother,son-aunt-mother,"['son', 'aunt', 'mother']","William:male,John:male,Jean:female,Debra:female,Kevin:male",test
c82519a4-ad56-42fa-a358-a391c4b97e56,"('Debra', 'Roy')",grandson,husband-daughter-son,"['husband', 'daughter', 'son']","Debra:female,Stuart:male,Sharon:female,Roy:male,Tim:male",test
aa519531-0f52-4372-b3a7-8bb3a98da256,"('Debra', 'Keith')",grandson,husband-daughter-son,"['husband', 'daughter', 'son']","Debra:female,Stuart:male,Diana:female,Keith:male,David:male",test
0d1ead2e-c58d-4c28-b50c-0e2e5dfaf4bd,"('David', 'Stuart')",father,brother-son-grandfather,"['brother', 'son', 'grandfather']","David:male,William:male,John:male,Stuart:male,Pablo:male",test
54a0f20e-9f43-4983-85ac-05ae864d9d9f,"('Phillip', 'Mary')",mother,daughter-mother-mother,"['daughter', 'mother', 'mother']","Phillip:male,Tracey:female,Glenda:female,Mary:female",test
fc3b0008-2d0a-4c0e-9acf-85539c7e617c,"('Ronald', 'Ruby')",daughter,daughter-daughter-aunt,"['daughter', 'daughter', 'aunt']","Ronald:male,Helen:female,Susan:female,Ruby:female",test
a7e0f874-85be-44b2-8bd2-f0ff537797b5,"('Cathrine', 'Mary')",mother,son-aunt-mother,"['son', 'aunt', 'mother']","Cathrine:female,Donald:male,Helen:female,Mary:female",test
1e0fbd1f-2631-4a45-9c73-6556dbe94a64,"('Mary', 'Joseph')",grandson,husband-daughter-son,"['husband', 'daughter', 'son']","Mary:female,Ronald:male,Helen:female,Joseph:male",test
4059c6f8-25bf-4f08-a94a-b3deaecda445,"('Phillip', 'Ronald')",father,son-mother-father,"['son', 'mother', 'father']","Phillip:male,William:male,Glenda:female,Ronald:male",test
b776c987-8244-4063-9875-e3970432cff8,"('Glenda', 'Mary')",mother,husband-son-grandmother,"['husband', 'son', 'grandmother']","Glenda:female,Phillip:male,Simon:male,Mary:female",test
8587f043-3f1f-41a1-a7e2-b7bb00f25201,"('Ruby', 'Ronald')",father,brother-son-grandfather,"['brother', 'son', 'grandfather']","Ruby:female,Phillip:male,Jose:male,Ronald:male",test
d1d119d6-4718-449d-84a2-0c7816c08f15,"('Phillip', 'Ronald')",father,son-mother-father,"['son', 'mother', 'father']","Phillip:male,Simon:male,Glenda:female,Ronald:male",test
9b1d07d0-db63-4c21-ac12-316761939c0b,"('Phillip', 'Mary')",mother,daughter-mother-mother,"['daughter', 'mother', 'mother']","Phillip:male,Melissa:female,Glenda:female,Mary:female",test
f179d1ad-51f9-41c2-8c22-4a5181ae47a8,"('Mary', 'Helen')",daughter,daughter-daughter-aunt,"['daughter', 'daughter', 'aunt']","Mary:female,Ruby:female,Nicole:female,Helen:female",test
f0461d9d-5d24-4de4-9597-5ece8c537d7e,"('Helen', 'Ronald')",father,brother-son-grandfather,"['brother', 'son', 'grandfather']","Helen:female,Phillip:male,William:male,Ronald:male",test
5545f19a-aa83-4936-b6c2-9e2794d9789c,"('Mary', 'Joseph')",grandson,husband-daughter-son,"['husband', 'daughter', 'son']","Mary:female,Ronald:male,Helen:female,Joseph:male",test
dd38d733-4a6a-4242-b261-85c9925ba776,"('Phillip', 'Mary')",mother,son-aunt-mother,"['son', 'aunt', 'mother']","Phillip:male,Steven:male,Helen:female,Mary:female",test
cef64fbd-dfaa-41ef-bf30-457da7c8b08f,"('Cathrine', 'Mary')",mother-in-law,husband-son-grandmother,"['husband', 'son', 'grandmother']","Cathrine:female,Derrick:male,Donald:male,Mary:female",test
94cd1581-8a26-4f39-9679-796f18cd1355,"('Phillip', 'Ronald')",father,son-mother-father,"['son', 'mother', 'father']","Phillip:male,Jose:male,Glenda:female,Ronald:male",test
f8891bff-41a0-4341-b08a-f825e4036a92,"('Phillip', 'Mary')",mother,daughter-mother-mother,"['daughter', 'mother', 'mother']","Phillip:male,Traci:female,Glenda:female,Mary:female",test
458e7f43-250b-49c7-9fbb-1f3f27c0e05a,"('Glenda', 'Mary')",mother,husband-son-grandmother,"['husband', 'son', 'grandmother']","Glenda:female,Phillip:male,William:male,Mary:female",test
b96fb0e7-a819-498c-b6a3-930d91a464c5,"('Billy', 'Ronald')",father,brother-son-grandfather,"['brother', 'son', 'grandfather']","Billy:male,John:male,Wm:male,Ronald:male",test
27a2a335-163d-4944-b0ea-ae6785718777,"('Mary', 'Wm')",grandson,husband-daughter-son,"['husband', 'daughter', 'son']","Mary:female,Ronald:male,Ruby:female,Wm:male",test
bc7961f5-4e65-4049-8645-71618911b62d,"('Ronald', 'Cathrine')",daughter,daughter-daughter-aunt,"['daughter', 'daughter', 'aunt']","Ronald:male,Ruby:female,Nicole:female,Cathrine:female",test
5735f8af-c4af-4474-9223-fb1966ffa1d3,"('Kenda', 'Michael')",grandson,husband-daughter-son,"['husband', 'daughter', 'son']","Kenda:female,Franklin:male,Patricia:female,Michael:male,William:male",test
c82972b4-5c6b-4a74-8b63-03efa555e1cf,"('William', 'Kenda')",mother,son-aunt-mother,"['son', 'aunt', 'mother']","William:male,Edward:male,Marianne:female,Kenda:female,Luis:male",test
6fff3d00-3daa-41cc-a64f-c5c665a331d8,"('Franklin', 'Patricia')",daughter,daughter-daughter-aunt,"['daughter', 'daughter', 'aunt']","Franklin:male,Etta:female,Dee:female,Patricia:female,Luther:male",test
13dc29b3-d860-46b1-a7f4-d86b1f26fded,"('Luther', 'Franklin')",father,son-mother-father,"['son', 'mother', 'father']","Luther:male,Douglas:male,Etta:female,Franklin:male,Ted:male",test
e5e4c13a-74a1-4c55-b4f8-c52a73f97c92,"('William', 'Stuart')",father,son-mother-father,"['son', 'mother', 'father']","William:male,John:male,Diana:female,Stuart:male,Pablo:male",test
dcdbaef1-a5a7-4152-92ba-ea61e3121b25,"('Robert', 'Debra')",mother,daughter-mother-mother,"['daughter', 'mother', 'mother']","Robert:male,Tracy:female,Sharon:female,Debra:female,Christopher:male",test
e85ebb0b-ef42-4226-9642-e36cfd2430c7,"('Debra', 'Sharon')",daughter,daughter-daughter-aunt,"['daughter', 'daughter', 'aunt']","Debra:female,Jean:female,Lois:female,Sharon:female,Stuart:male",test
1ad212a0-88ad-4bf6-9100-e3276e7ab96e,"('Amanda', 'Debra')",mother-in-law,husband-son-grandmother,"['husband', 'son', 'grandmother']","Amanda:female,Pablo:male,Ryan:male,Debra:female,Phuong:female",test
fdf6a273-541b-4714-9a45-038d517a7287,"('Sharon', 'Stuart')",father,brother-son-grandfather,"['brother', 'son', 'grandfather']","Sharon:female,Pablo:male,Joseph:male,Stuart:male,Amanda:female",test
02e4f91b-b703-41bb-a59a-2e45701ce1e4,"('William', 'Debra')",mother,daughter-mother-mother,"['daughter', 'mother', 'mother']","William:male,Mary:female,Diana:female,Debra:female,Pablo:male",test
65b3e6d6-28ac-43aa-b9d6-65a7a5aab961,"('Diana', 'Debra')",mother,son-aunt-mother,"['son', 'aunt', 'mother']","Diana:female,John:male,Sharon:female,Debra:female,William:male",test
87cf6a70-210f-438e-ad8a-29fe29e09026,"('Marianne', 'Franklin')",father,brother-son-grandfather,"['brother', 'son', 'grandfather']","Marianne:female,Tyrone:male,John:male,Franklin:male,Michael:male",test
2165bc58-1978-451b-8a6a-d846e5d302b5,"('Tyrone', 'Kenda')",mother,son-aunt-mother,"['son', 'aunt', 'mother']","Tyrone:male,Michael:male,Marianne:female,Kenda:female,William:male",test
d4ea7dfd-53bb-47ba-99db-ca43a043d138,"('Marianne', 'Franklin')",father,brother-son-grandfather,"['brother', 'son', 'grandfather']","Marianne:female,William:male,Keith:male,Franklin:male,Grady:male",test
c17b64d6-d3f3-4b1a-8b7d-b5b2a6c69a4c,"('Tyrone', 'Kenda')",mother,son-aunt-mother,"['son', 'aunt', 'mother']","Tyrone:male,John:male,Marianne:female,Kenda:female,Maria:female",test
034592a2-bf71-43d7-bedf-ad2f8145aeb4,"('Juan', 'Kenda')",mother,daughter-mother-mother,"['daughter', 'mother', 'mother']","Juan:male,Donna:female,Marianne:female,Kenda:female,Grady:male",test
52f71424-cb7d-42b4-9ef2-90efa3c16db2,"('Kenda', 'Tim')",grandson,husband-daughter-son,"['husband', 'daughter', 'son']","Kenda:female,Franklin:male,Marianne:female,Tim:male,Donna:female",test
d111c103-5226-4029-bc2a-bf1a6e75b8a5,"('Juan', 'Franklin')",father,son-mother-father,"['son', 'mother', 'father']","Juan:male,Grady:male,Marianne:female,Franklin:male,Donna:female",test
ad707af0-9a59-4b48-92ff-591aa1ec4072,"('Marsha', 'Kenda')",mother,son-aunt-mother,"['son', 'aunt', 'mother']","Marsha:female,Edward:male,Etta:female,Kenda:female,Tyrone:male",test
81241cc2-c18a-4d04-877d-0d55ff9ffa52,"('Kenda', 'Etta')",daughter,daughter-daughter-aunt,"['daughter', 'daughter', 'aunt']","Kenda:female,Marianne:female,Donna:female,Etta:female,Steven:male",test
c993fd8a-4597-4dbc-a2db-2f4660eff4c5,"('Marianne', 'Franklin')",father,brother-son-grandfather,"['brother', 'son', 'grandfather']","Marianne:female,Tyrone:male,Peter:male,Franklin:male,Anne:female",test
ecf1e9d4-b140-4f19-b0c3-538f3f575759,"('Juan', 'Franklin')",father,son-mother-father,"['son', 'mother', 'father']","Juan:male,Grady:male,Marianne:female,Franklin:male,Maria:female",test
2bc68f83-aba3-491c-a351-2d4f801679d3,"('Franklin', 'Patricia')",daughter,daughter-daughter-aunt,"['daughter', 'daughter', 'aunt']","Franklin:male,Etta:female,Stephane:female,Patricia:female,Douglas:male",test
db813568-11fc-4de1-af8c-55da22262674,"('Tyrone', 'Kenda')",mother,daughter-mother-mother,"['daughter', 'mother', 'mother']","Tyrone:male,Katherine:female,Patricia:female,Kenda:female,Joann:female",test
b6e8ec06-915f-4f62-b007-c1bf4f3c7739,"('Kenda', 'Grady')",grandson,husband-daughter-son,"['husband', 'daughter', 'son']","Kenda:female,Franklin:male,Marianne:female,Grady:male,Erin:female",test
605a0639-c1ee-4cc9-ac5a-642b883bfd98,"('Tyrone', 'Kenda')",mother,son-aunt-mother,"['son', 'aunt', 'mother']","Tyrone:male,Michael:male,Etta:female,Kenda:female,Patricia:female",test
27dd9af9-db95-4830-959b-59e2cbf0e7c2,"('Marsha', 'Kenda')",mother-in-law,husband-son-grandmother,"['husband', 'son', 'grandmother']","Marsha:female,William:male,Russell:male,Kenda:female,Keith:male",test
b38711aa-49d4-4135-8151-ec3bf979b3ec,"('Juan', 'Kenda')",mother,daughter-mother-mother,"['daughter', 'mother', 'mother']","Juan:male,Dulcie:female,Marianne:female,Kenda:female,Etta:female",test
d3512eb1-b64c-411e-a716-6392db5f4ad2,"('Marsha', 'Kenda')",mother-in-law,husband-son-grandmother,"['husband', 'son', 'grandmother']","Marsha:female,William:male,Russell:male,Kenda:female,Mary:female",test
29801028-9973-4fa5-a809-c6715e2d8eda,"('Juan', 'Kenda')",mother,daughter-mother-mother,"['daughter', 'mother', 'mother']","Juan:male,Maria:female,Marianne:female,Kenda:female,Erin:female",test
4bc99448-984b-478e-8478-abadcd49d8e9,"('Tyrone', 'Franklin')",father,son-mother-father,"['son', 'mother', 'father']","Tyrone:male,Michael:male,Patricia:female,Franklin:male,Joann:female",test
733a8d6b-d26e-4856-acdf-c1eae02e1459,"('Juan', 'Kenda')",mother,son-aunt-mother,"['son', 'aunt', 'mother']","Juan:male,Stanley:male,Patricia:female,Kenda:female,Maria:female",test
2d1de774-f1cb-4d3a-b987-4fc8d93de967,"('William', 'Debra')",mother,son-aunt-mother,"['son', 'aunt', 'mother']","William:male,Thomas:male,Sharon:female,Debra:female,Diana:female",test
25603672-9628-46ae-90e2-d815a9c0baca,"('William', 'Debra')",mother,daughter-mother-mother,"['daughter', 'mother', 'mother']","William:male,Rita:female,Diana:female,Debra:female,Sofia:female",test
d3329d9e-19b5-4af5-88ec-cfd5b24eb72e,"('Amanda', 'Debra')",mother,husband-son-grandmother,"['husband', 'son', 'grandmother']","Amanda:female,Pablo:male,James:male,Debra:female,Pedro:male",test
62fd277c-6713-4571-9eaa-0f05d3cf50fe,"('Debra', 'Sharon')",daughter,daughter-daughter-aunt,"['daughter', 'daughter', 'aunt']","Debra:female,Amanda:female,Patria:female,Sharon:female,Pablo:male",test
52228257-81bb-4dc3-b7eb-506567376c93,"('Debra', 'Kevin')",grandson,husband-daughter-son,"['husband', 'daughter', 'son']","Debra:female,Stuart:male,Diana:female,Kevin:male,William:male",test
2ccd0e61-fb19-40b6-9b0c-a4a75af33f09,"('William', 'Debra')",mother,daughter-mother-mother,"['daughter', 'mother', 'mother']","William:male,Mary:female,Diana:female,Debra:female,John:male",test
5d359554-9d76-459c-8140-b9bb6e314656,"('Kenda', 'Etta')",daughter,daughter-daughter-aunt,"['daughter', 'daughter', 'aunt']","Kenda:female,Patricia:female,Joann:female,Etta:female,Tyrone:male",test
c1ffbe38-6d21-46ee-a78e-fc8ea96aea3b,"('Kenda', 'John')",grandson,husband-daughter-son,"['husband', 'daughter', 'son']","Kenda:female,Franklin:male,Patricia:female,John:male,William:male",test
6f9d6b0a-74f8-4811-8d94-999102bb4008,"('Luther', 'Franklin')",father,son-mother-father,"['son', 'mother', 'father']","Luther:male,Ted:male,Etta:female,Franklin:male,William:male",test
662b18bb-b4ae-45a5-8902-f03cb6443050,"('Luther', 'Kenda')",mother,daughter-mother-mother,"['daughter', 'mother', 'mother']","Luther:male,Rachel:female,Etta:female,Kenda:female,Andrea:female",test
eea2c2b9-d5d6-47c5-972b-f4b7acc459bf,"('Sharon', 'Debra')",mother,husband-son-grandmother,"['husband', 'son', 'grandmother']","Sharon:female,Robert:male,Christopher:male,Debra:female,Catherine:female",test
cb769fd6-5851-46cf-9a68-36ae7c6aba20,"('Stuart', 'Sharon')",daughter,daughter-daughter-aunt,"['daughter', 'daughter', 'aunt']","Stuart:male,Diana:female,Rita:female,Sharon:female,Keith:male",test
f9feae04-2768-4dbd-976a-859745861223,"('William', 'Stuart')",father,son-mother-father,"['son', 'mother', 'father']","William:male,John:male,Diana:female,Stuart:male,Thomas:male",test
ced653ae-5f53-4e07-aba1-a63beb1a6217,"('Debra', 'Ray')",grandson,husband-daughter-son,"['husband', 'daughter', 'son']","Debra:female,Stuart:male,Sharon:female,Ray:male,Roy:male",test
e7e83247-3470-4da0-86c7-4631868097ca,"('Debra', 'Amanda')",daughter,daughter-daughter-aunt,"['daughter', 'daughter', 'aunt']","Debra:female,Jean:female,Deanna:female,Amanda:female,David:male",test
cb697ea8-64f1-46a5-bd8d-10453a8d94c4,"('William', 'Debra')",mother,daughter-mother-mother,"['daughter', 'mother', 'mother']","William:male,Rita:female,Diana:female,Debra:female,Sofia:female",test
8d363bf2-631c-41ce-97d0-dbe634d1259a,"('William', 'Stuart')",father,brother-son-grandfather,"['brother', 'son', 'grandfather']","William:male,Robert:male,Tim:male,Stuart:male,Dora:female",test
5db89fe7-16fb-429c-b441-294d1494ecc9,"('Robert', 'Debra')",mother,son-aunt-mother,"['son', 'aunt', 'mother']","Robert:male,Tim:male,Diana:female,Debra:female,Sharon:female",test
25e131b8-06e7-4464-bc8d-3c403e98d45e,"('Sharon', 'Debra')",mother,husband-son-grandmother,"['husband', 'son', 'grandmother']","Sharon:female,Robert:male,Tim:male,Debra:female,Dora:female",test
a2051e38-cd5a-4907-91e4-76ebedc7d94c,"('Robert', 'Debra')",mother,daughter-mother-mother,"['daughter', 'mother', 'mother']","Robert:male,Dora:female,Sharon:female,Debra:female,Diana:female",test
a1bb1f2c-2907-49ae-af2b-a7efb230ed55,"('Sharon', 'Debra')",mother,husband-son-grandmother,"['husband', 'son', 'grandmother']","Sharon:female,Robert:male,Christopher:male,Debra:female,Tim:male",test
842cebf6-9656-4ad4-ba23-0d8c4c444d8e,"('William', 'Stuart')",father,son-mother-father,"['son', 'mother', 'father']","William:male,Kevin:male,Diana:female,Stuart:male,Mary:female",test
6b68d714-da69-4ae6-b0eb-63e21f5df5de,"('Diana', 'Stuart')",father,brother-son-grandfather,"['brother', 'son', 'grandfather']","Diana:female,David:male,Merlin:male,Stuart:male,Ronald:male",test
2714f206-08d1-48d4-8fa1-6b7a2d1a6ff8,"('Jerry', 'Maida')",mother,son-aunt-mother,"['son', 'aunt', 'mother']","Jerry:male,Daniel:male,Eleanor:female,Maida:female,Stephen:male,Heather:female",test
26355c50-d54b-4259-89a4-0c202c5c3b03,"('Diana', 'Debra')",mother,son-aunt-mother,"['son', 'aunt', 'mother']","Diana:female,Thomas:male,Sharon:female,Debra:female,William:male",test
523fa350-7fc8-43e7-9e38-1405c07ac3e4,"('Debra', 'Merlin')",grandson,husband-daughter-son,"['husband', 'daughter', 'son']","Debra:female,Stuart:male,Jean:female,Merlin:male,Sharon:female",test
51f63742-cace-4dba-8b39-1a2e56f84dbc,"('Debra', 'Ronald')",grandson,husband-daughter-son,"['husband', 'daughter', 'son']","Debra:female,Stuart:male,Jean:female,Ronald:male,Amanda:female",test
ed96c51c-ad6c-480f-8092-76416d8d6f06,"('Jean', 'Debra')",mother,son-aunt-mother,"['son', 'aunt', 'mother']","Jean:female,Paul:male,Diana:female,Debra:female,David:male",test
81d25a73-a35d-4184-8ae6-b2454df24715,"('David', 'Stuart')",father,brother-son-grandfather,"['brother', 'son', 'grandfather']","David:male,William:male,Kevin:male,Stuart:male,Diana:female",test
3e72c0d1-a71b-4248-93af-e500b5348f55,"('Stuart', 'Jean')",daughter,daughter-daughter-aunt,"['daughter', 'daughter', 'aunt']","Stuart:male,Sharon:female,Phyllis:female,Jean:female,Robert:male",test
c71c05b0-e6be-49a1-a6f6-346d34b50396,"('Billy', 'Ronald')",father,son-mother-father,"['son', 'mother', 'father']","Billy:male,Roberto:male,Helen:female,Ronald:male",test
c4623874-e025-4b89-ae32-1f7fa28de9c6,"('David', 'Stuart')",father,son-mother-father,"['son', 'mother', 'father']","David:male,Eugene:male,Jean:female,Stuart:male,Elizabeth:female",test
68b0ec8f-01b1-4db9-b9d4-d552c5e3d105,"('Sharon', 'Stuart')",father,brother-son-grandfather,"['brother', 'son', 'grandfather']","Sharon:female,William:male,John:male,Stuart:male,Diana:female",test
521e5d48-2ed9-48e6-81b2-67b3b18ae248,"('Kenda', 'Russell')",grandson,husband-daughter-son,"['husband', 'daughter', 'son']","Kenda:female,Franklin:male,Marsha:female,Russell:male,Keith:male",test
ff9c1909-f502-4a37-a118-1e1423889aa1,"('Marsha', 'Kenda')",mother,husband-son-grandmother,"['husband', 'son', 'grandmother']","Marsha:female,William:male,Russell:male,Kenda:female,Edward:male",test
1ca3e574-fd66-4882-a582-9b9d9adcd2e7,"('Patricia', 'Franklin')",father,brother-son-grandfather,"['brother', 'son', 'grandfather']","Patricia:female,Luther:male,Cory:male,Franklin:male,Ted:male",test
c6507255-cbd6-49b6-b6ed-8804c9b4f847,"('Kenda', 'Marianne')",daughter,daughter-daughter-aunt,"['daughter', 'daughter', 'aunt']","Kenda:female,Etta:female,Stephane:female,Marianne:female,Tyrone:male",test
084d5789-77f0-49ab-b367-e0ea74e5c33b,"('Marsha', 'Kenda')",mother,husband-son-grandmother,"['husband', 'son', 'grandmother']","Marsha:female,William:male,Edward:male,Kenda:female,Keith:male",test
e025aaf6-7b24-432a-bd96-fa147b294158,"('Debra', 'Jean')",daughter,daughter-daughter-aunt,"['daughter', 'daughter', 'aunt']","Debra:female,Amanda:female,Phuong:female,Jean:female,Pablo:male",test
ba7eeec0-4fe1-451e-a71e-414b8dbb2c1a,"('Cruz', 'Kathleen')",daughter,wife-daughter,"['wife', 'daughter']","Cruz:male,Mona:female,Kathleen:female,Josephine:female,Pete:male",test
1e43eeeb-1874-464d-aca7-81b1854bb62d,"('Timothy', 'Henrietta')",daughter,wife-daughter,"['wife', 'daughter']","Timothy:male,Kathryn:female,Henrietta:female,Sandra:female,John:male",test
4b294d64-fa9a-4d9a-913c-7e78f058c9bc,"('Mona', 'Timothy')",son,husband-son,"['husband', 'son']","Mona:female,Cruz:male,Timothy:male,Kathryn:female,Clara:female",test
eca7eba9-49c5-4ea0-ac2c-6ed45294956c,"('Lauren', 'Karen')",mother,sister-son-grandmother,"['sister', 'son', 'grandmother']","Lauren:female,Verna:female,Rudolph:male,Karen:female,Johnathon:male,Demetra:female",test
5487814a-6ad2-4bf7-a621-365ccebd9fcb,"('Carlos', 'John')",father,daughter-uncle-father,"['daughter', 'uncle', 'father']","Carlos:male,Helen:female,Gregory:male,John:male,Daniel:male,George:male",test
f2f112c1-a161-409b-9c47-171c08991499,"('Karen', 'Linda')",granddaughter,husband-daughter-daughter,"['husband', 'daughter', 'daughter']","Karen:female,John:male,Demetra:female,Linda:female,Carlos:male,James:male",test
fedf6d9b-5084-4171-a76f-91e5b5eed291,"('John', 'Patricia')",granddaughter,wife-grandson-sister,"['wife', 'grandson', 'sister']","John:male,Karen:female,Ramiro:male,Patricia:female,Verna:female,Javier:male",test
aa179d80-8f59-44ee-a389-8a7451e34055,"('Carlos', 'John')",father,daughter-mother-father,"['daughter', 'mother', 'father']","Carlos:male,Kristin:female,Demetra:female,John:male,Lauren:female,Marjorie:female",test
4b6c309b-5584-4991-beb9-6759428d411f,"('Peter', 'Carla')",mother,son-mother-mother,"['son', 'mother', 'mother']","Peter:male,Matthew:male,Leslie:female,Carla:female,Joann:female",test
e3556ddc-f8fc-4144-99e3-fc7a329490da,"('Leslie', 'Frankie')",father,daughter-uncle-father,"['daughter', 'uncle', 'father']","Leslie:female,Joann:female,David:male,Frankie:male,Peter:male",test
09fcd802-7af3-4d01-9222-66467312ce38,"('Joseph', 'Carla')",mother,son-mother-mother,"['son', 'mother', 'mother']","Joseph:male,George:male,Debra:female,Carla:female,Peggy:female",test
e3a671b0-3b6b-4a17-860b-20f6a9f71612,"('Latisha', 'Glenda')",granddaughter,husband-daughter-daughter,"['husband', 'daughter', 'daughter']","Latisha:female,Scott:male,Michelle:female,Glenda:female",test
952d30ca-1e0f-4c63-b677-e74059105c0c,"('Matthew', 'Latisha')",mother,son-mother-mother,"['son', 'mother', 'mother']","Matthew:male,Kevin:male,Alma:female,Latisha:female",test
8fd57914-4816-471c-bb83-80f5799f521d,"('Matthew', 'Latisha')",mother,sister-son-grandmother,"['sister', 'son', 'grandmother']","Matthew:male,Michelle:female,Dale:male,Latisha:female",test
ea22ca79-3399-414c-b860-614cb8161e27,"('John', 'Scott')",father,daughter-mother-father,"['daughter', 'mother', 'father']","John:male,Tracy:female,Katherine:female,Scott:male",test
bdad73e2-17b2-47f8-931a-1537d179de0e,"('Rich', 'Scott')",father,son-mother-father,"['son', 'mother', 'father']","Rich:male,Keith:male,Michelle:female,Scott:male",test
49cdfffd-6b73-4003-94cf-b99f3f1d916a,"('James', 'Latisha')",mother,sister-son-grandmother,"['sister', 'son', 'grandmother']","James:male,Michelle:female,Harry:male,Latisha:female",test
5bee1e60-7b38-478c-8cbb-5246e279d5d3,"('Katherine', 'Scott')",father,daughter-uncle-father,"['daughter', 'uncle', 'father']","Katherine:female,Melissa:female,James:male,Scott:male",test
7bd66d96-fb68-47e2-acf3-a59d72f8a807,"('Latisha', 'Tracy')",granddaughter,husband-daughter-daughter,"['husband', 'daughter', 'daughter']","Latisha:female,Scott:male,Katherine:female,Tracy:female",test
1eb706f1-4923-45cb-bdb4-24c47467b72d,"('Scott', 'Imelda')",granddaughter,wife-grandson-sister,"['wife', 'grandson', 'sister']","Scott:male,Latisha:female,Richard:male,Imelda:female",test
1faf9667-1333-4901-9b4b-9fd79cef4027,"('Rich', 'Latisha')",mother,son-mother-mother,"['son', 'mother', 'mother']","Rich:male,Harry:male,Michelle:female,Latisha:female",test
b411de58-52c8-4216-babf-8191d64c86e0,"('Rich', 'Latisha')",mother,son-mother-mother,"['son', 'mother', 'mother']","Rich:male,Harry:male,Michelle:female,Latisha:female",test
d254ff8d-279b-42b5-be24-8dbc97881725,"('Matthew', 'Scott')",father,daughter-mother-father,"['daughter', 'mother', 'father']","Matthew:male,Sandy:female,Alma:female,Scott:male",test
c6103b99-f45e-4a5c-ab80-77c08d37f978,"('Scott', 'Clara')",granddaughter,wife-grandson-sister,"['wife', 'grandson', 'sister']","Scott:male,Latisha:female,Dale:male,Clara:female",test
2563fedf-5596-4ad1-99e0-b132ab9ba4a7,"('John', 'Scott')",father,son-mother-father,"['son', 'mother', 'father']","John:male,Bret:male,Katherine:female,Scott:male",test
2ce3682d-a490-46f6-905e-f7cce721a0d6,"('Latisha', 'Clara')",granddaughter,husband-daughter-daughter,"['husband', 'daughter', 'daughter']","Latisha:female,Scott:male,Michelle:female,Clara:female",test
d1ff5e27-e8a1-46b4-8c89-ccd996bbd9fb,"('Matthew', 'Latisha')",mother,sister-son-grandmother,"['sister', 'son', 'grandmother']","Matthew:male,Michelle:female,Harry:male,Latisha:female",test
d9196780-ab3f-4fdb-a3db-ba58d02916ba,"('Scott', 'Dorothea')",granddaughter,wife-grandson-sister,"['wife', 'grandson', 'sister']","Scott:male,Latisha:female,Glenn:male,Dorothea:female",test
a33f00e5-45e5-448b-bc63-12b0b742c658,"('Latisha', 'Cheryl')",granddaughter,husband-daughter-daughter,"['husband', 'daughter', 'daughter']","Latisha:female,Scott:male,Michelle:female,Cheryl:female",test
124f92ad-8210-43b9-b559-4f3e98c8cd52,"('Rich', 'Scott')",father,daughter-mother-father,"['daughter', 'mother', 'father']","Rich:male,Donna:female,Michelle:female,Scott:male",test
40b49719-9d93-470a-8cdc-7d2033d9ee07,"('Andy', 'John')",father,daughter-mother-father,"['daughter', 'mother', 'father']","Andy:male,Willene:female,Lauren:female,John:male,Paulette:female,Demetra:female",test
7095b6d7-ca45-493f-97c9-bca2e987c108,"('Rich', 'Latisha')",mother,sister-son-grandmother,"['sister', 'son', 'grandmother']","Rich:male,Katherine:female,Jose:male,Latisha:female",test
b4c2d79c-c7cf-47b5-a1a1-5c9302b6f6da,"('Carlos', 'John')",father,son-mother-father,"['son', 'mother', 'father']","Carlos:male,James:male,Demetra:female,John:male,Lauren:female,Daniel:male",test
777e2d46-1d0d-49a9-bb6e-d27afcb51047,"('Carlos', 'Karen')",mother,son-mother-mother,"['son', 'mother', 'mother']","Carlos:male,Daniel:male,Demetra:female,Karen:female,Robert:male,Jacob:male",test
63117c2d-a2d7-483f-a626-573f6b033cd7,"('John', 'Helen')",granddaughter,wife-grandson-sister,"['wife', 'grandson', 'sister']","John:male,Karen:female,George:male,Helen:female,Carlos:male,James:male",test
1a7b98a6-5338-4541-ab3d-9d3faf907227,"('Lauren', 'Karen')",mother,sister-son-grandmother,"['sister', 'son', 'grandmother']","Lauren:female,Beverly:female,Johnathon:male,Karen:female,Ramiro:male,Carlos:male",test
714994e0-1872-45bf-a4bd-f9361fc10dd8,"('Carlos', 'John')",father,son-mother-father,"['son', 'mother', 'father']","Carlos:male,George:male,Demetra:female,John:male,Marjorie:female,Aaron:male",test
e7336538-1f61-4880-9698-4a43226d7087,"('Gregory', 'John')",father,daughter-mother-father,"['daughter', 'mother', 'father']","Gregory:male,Lillian:female,Verna:female,John:male,Andy:male,Felicia:female",test
638ced77-e378-40cb-8a81-598cd7831665,"('Andy', 'John')",father,son-mother-father,"['son', 'mother', 'father']","Andy:male,Javier:male,Lauren:female,John:male,Paulette:female,Demetra:female",test
568ae715-67c4-4f7a-b48d-96b4196435ea,"('Carlos', 'John')",father,son-mother-father,"['son', 'mother', 'father']","Carlos:male,George:male,Demetra:female,John:male,Lauren:female,Gwendolyn:female",test
febfea8b-8fb5-4730-a75a-e86cf650ef7b,"('Gregory', 'Karen')",mother,son-mother-mother,"['son', 'mother', 'mother']","Gregory:male,Allen:male,Verna:female,Karen:female,Demetra:female,Andy:male",test
19b5b5c3-52f5-4d5b-a0e3-ec34fe674fa4,"('Gregory', 'Karen')",mother,son-mother-mother,"['son', 'mother', 'mother']","Gregory:male,Malcolm:male,Verna:female,Karen:female,Lauren:female,Willene:female",test
590fc0b8-da73-4ae3-b685-3d1e7a5508ed,"('Gregory', 'John')",father,daughter-mother-father,"['daughter', 'mother', 'father']","Gregory:male,Gwendolyn:female,Verna:female,John:male,Carlos:male,Stanley:male",test
dc822789-fa5a-44d9-a9f5-e92a4c590631,"('Carlos', 'Karen')",mother,son-mother-mother,"['son', 'mother', 'mother']","Carlos:male,Stephen:male,Demetra:female,Karen:female,Lauren:female,Helen:female",test
2dbd1a99-053b-4ae9-8da5-1fe6adea07a7,"('Karen', 'Willene')",granddaughter,husband-daughter-daughter,"['husband', 'daughter', 'daughter']","Karen:female,John:male,Lauren:female,Willene:female,Robert:male,Paulette:female",test
085130b0-7e58-4142-8469-f0b88bda8c31,"('Andy', 'John')",father,daughter-uncle-father,"['daughter', 'uncle', 'father']","Andy:male,Paulette:female,Gregory:male,John:male,Beverly:female,Demetra:female",test
5a065a08-8d98-4ed2-a2e5-24d964be5c37,"('Carlos', 'Karen')",mother,sister-son-grandmother,"['sister', 'son', 'grandmother']","Carlos:male,Verna:female,Wesley:male,Karen:female,Lauren:female,Gregory:male",test
2a877e5f-0e59-46df-b5a8-c3c0798d30fe,"('Carlos', 'John')",father,son-mother-father,"['son', 'mother', 'father']","Carlos:male,George:male,Demetra:female,John:male,Lauren:female,Kathleen:female",test
c8c8e2f1-d31c-411d-80bc-1cdf94a99397,"('John', 'Pauline')",granddaughter,wife-grandson-sister,"['wife', 'grandson', 'sister']","John:male,Karen:female,Wesley:male,Pauline:female,Gregory:male,Amber:female",test
f73eb39f-97f9-423a-bb14-9029a7f4bb04,"('Carlos', 'John')",father,son-mother-father,"['son', 'mother', 'father']","Carlos:male,James:male,Demetra:female,John:male,Verna:female,Allen:male",test
c85c659c-fbd5-456c-8ca5-f94bda51554a,"('Carlos', 'John')",father,daughter-mother-father,"['daughter', 'mother', 'father']","Carlos:male,Judith:female,Demetra:female,John:male,Lauren:female,Pauline:female",test
734e58d6-8e7b-4b17-9059-967515e494b9,"('Karen', 'Paulette')",granddaughter,husband-daughter-daughter,"['husband', 'daughter', 'daughter']","Karen:female,John:male,Lauren:female,Paulette:female,Robert:male,Miguel:male",test
8af13d28-7176-460c-ac98-4f55ba23f537,"('Gregory', 'Karen')",mother,son-mother-mother,"['son', 'mother', 'mother']","Gregory:male,Allen:male,Verna:female,Karen:female,Lauren:female,Patricia:female",test
82a4eb78-40a5-4370-b6fa-e50bf8518c50,"('Demetra', 'Karen')",mother,sister-son-grandmother,"['sister', 'son', 'grandmother']","Demetra:female,Verna:female,Malcolm:male,Karen:female,Carlos:male,Gregory:male",test
4e46bab3-5830-41e6-8f93-aa781ea08641,"('John', 'Pauline')",granddaughter,wife-grandson-sister,"['wife', 'grandson', 'sister']","John:male,Karen:female,Wesley:male,Pauline:female,Demetra:female,Linda:female",test
a08af285-dca5-49ad-8594-2652f4093011,"('Demetra', 'John')",father,daughter-uncle-father,"['daughter', 'uncle', 'father']","Demetra:female,Kristin:female,Gregory:male,John:male,Karen:female,Allen:male",test
68a48667-edb4-487a-b068-2d2141326cd4,"('Carlos', 'John')",father,daughter-mother-father,"['daughter', 'mother', 'father']","Carlos:male,Kristin:female,Demetra:female,John:male,Lauren:female,Wesley:male",test
73291170-7273-4b37-88ef-54d46f0b4e76,"('Carlos', 'John')",father,son-mother-father,"['son', 'mother', 'father']","Carlos:male,James:male,Demetra:female,John:male,Robert:male,Gregory:male",test
1d5342cb-aa6d-406d-941a-3f1dc0e5fb9c,"('Karen', 'Katherine')",granddaughter,husband-daughter-daughter,"['husband', 'daughter', 'daughter']","Karen:female,John:male,Beverly:female,Katherine:female,Andy:male,James:male",test
398cc41d-d325-4e5b-9947-3785bfe21261,"('Beverly', 'John')",father,daughter-uncle-father,"['daughter', 'uncle', 'father']","Beverly:female,Katherine:female,Carlos:male,John:male,Andy:male,Wesley:male",test
921bb236-aa28-46a8-9f19-12786fea5f39,"('John', 'Willene')",granddaughter,wife-grandson-sister,"['wife', 'grandson', 'sister']","John:male,Karen:female,Stanley:male,Willene:female,Lauren:female,Felicia:female",test
ca77ba57-0868-41ed-ac3d-a731a24b2c07,"('Lauren', 'Karen')",mother,sister-son-grandmother,"['sister', 'son', 'grandmother']","Lauren:female,Demetra:female,Daniel:male,Karen:female,Carlos:male,Paulette:female",test
aafad195-24a6-4d8a-867d-3e712b2f1072,"('Gregory', 'John')",father,daughter-mother-father,"['daughter', 'mother', 'father']","Gregory:male,Gwendolyn:female,Verna:female,John:male,Beverly:female,Johnathon:male",test
537b792e-5d5d-46fa-a7f4-2d54c21f90de,"('John', 'Latisha')",mother,son-mother-mother,"['son', 'mother', 'mother']","John:male,Allan:male,Katherine:female,Latisha:female",test
fd66bdad-ea1f-4514-9c06-5f074624ccae,"('Rich', 'Scott')",father,daughter-uncle-father,"['daughter', 'uncle', 'father']","Rich:male,Donna:female,Matthew:male,Scott:male",test
09f04aa0-7ae2-4ca9-8eba-103b73db6274,"('Scott', 'Clara')",granddaughter,wife-grandson-sister,"['wife', 'grandson', 'sister']","Scott:male,Latisha:female,Dale:male,Clara:female",test
fcb80f36-7e63-4f6f-a577-82993dca7637,"('Latisha', 'Dorothea')",granddaughter,husband-daughter-daughter,"['husband', 'daughter', 'daughter']","Latisha:female,Scott:male,Helen:female,Dorothea:female",test
f9dc331d-b373-438a-a33d-acf5f1aa79e0,"('Latisha', 'Claudia')",granddaughter,husband-daughter-daughter,"['husband', 'daughter', 'daughter']","Latisha:female,Scott:male,Alma:female,Claudia:female",test
4adb6ab0-f46e-4e16-8ed3-66e6230425ab,"('Rich', 'Latisha')",mother,sister-son-grandmother,"['sister', 'son', 'grandmother']","Rich:male,Katherine:female,Jose:male,Latisha:female",test
8c4877d6-8a5f-46f7-9d3d-919527559376,"('Matthew', 'Scott')",father,son-mother-father,"['son', 'mother', 'father']","Matthew:male,Lionel:male,Alma:female,Scott:male",test
5ebf6f72-fe92-4080-8e61-16c28f097c7e,"('Alma', 'Scott')",father,daughter-uncle-father,"['daughter', 'uncle', 'father']","Alma:female,Sandy:female,John:male,Scott:male",test
4496c933-3642-429e-aa82-a2b06002620c,"('Mary', 'Stephanie')",daughter,husband-daughter,"['husband', 'daughter']","Mary:female,Roy:male,Stephanie:female",test
d8d42dd9-377d-48af-932a-d6ab645d42da,"('Constance', 'Regina')",daughter,husband-daughter,"['husband', 'daughter']","Constance:female,Ernest:male,Regina:female",test
03cc0e55-e940-42bb-9204-8770f1cf8a6f,"('Lois', 'Danny')",son,husband-son,"['husband', 'son']","Lois:female,Herman:male,Danny:male",test
c93a3343-8efc-4e3a-8f5e-1d438e3190df,"('Mary', 'Martha')",daughter,husband-daughter,"['husband', 'daughter']","Mary:female,Roy:male,Martha:female",test
77a5c1d1-0cd7-482f-8c93-d1bf5e7cf0ac,"('Mary', 'Herman')",son,husband-son,"['husband', 'son']","Mary:female,Roy:male,Herman:male",test
1c7fa17a-2bf5-439b-829c-e5514a6be586,"('Lois', 'James')",son,husband-son,"['husband', 'son']","Lois:female,Herman:male,James:male",test
4db11f8b-8bd9-45d4-bed0-8131601d2cc9,"('Lois', 'Monet')",daughter,husband-daughter,"['husband', 'daughter']","Lois:female,Herman:male,Monet:female",test
80f670d5-dc11-47da-9cdb-fa02e102cca4,"('Mary', 'Lois')",daughter,husband-daughter,"['husband', 'daughter']","Mary:female,Roy:male,Lois:female",test
3ae0a40d-1cab-44ad-b008-a5132a991fb5,"('Martha', 'Franklin')",son,husband-son,"['husband', 'son']","Martha:female,John:male,Franklin:male",test
06077a0f-8c57-40c3-b066-7d22e58029f7,"('Martha', 'Brent')",son,husband-son,"['husband', 'son']","Martha:female,John:male,Brent:male",test
813014d3-3dee-438c-ae53-49e8f04e87dc,"('Constance', 'Regina')",daughter,husband-daughter,"['husband', 'daughter']","Constance:female,Ernest:male,Regina:female",test
d1af3f99-40b7-4f39-bea4-b3b0c1ec35b5,"('Mary', 'Lois')",daughter,husband-daughter,"['husband', 'daughter']","Mary:female,Roy:male,Lois:female",test
43cfeb86-866b-4cdd-b0ad-0f6d5b55bf85,"('Lois', 'Arthur')",son,husband-son,"['husband', 'son']","Lois:female,Herman:male,Arthur:male",test
dd5ccbe0-9253-44d4-92e6-ddc41591cd19,"('Mary', 'Herman')",son,husband-son,"['husband', 'son']","Mary:female,Roy:male,Herman:male",test
b84f5b1e-7210-4379-a369-f0ef3897543b,"('Mary', 'John')",son,husband-son,"['husband', 'son']","Mary:female,Roy:male,John:male",test
47aae92e-97e3-4754-8335-5b9fcf6047d3,"('Lois', 'Rosalee')",daughter,husband-daughter,"['husband', 'daughter']","Lois:female,Herman:male,Rosalee:female",test
6b1c53b3-48c1-4e19-98a5-88b940b18a21,"('Mary', 'Jacob')",son,husband-son,"['husband', 'son']","Mary:female,Roy:male,Jacob:male",test
d964a44f-d454-4dbb-a011-655382133adc,"('Mary', 'Lois')",daughter,husband-daughter,"['husband', 'daughter']","Mary:female,Roy:male,Lois:female",test
d20e8e6f-c08f-4d58-93d0-d58ff06047aa,"('Mary', 'Jacob')",son,husband-son,"['husband', 'son']","Mary:female,Roy:male,Jacob:male",test
e9ac9662-ab15-48b1-bfe4-2487c1cbad59,"('Lois', 'James')",son,husband-son,"['husband', 'son']","Lois:female,Herman:male,James:male",test
431bb6df-22a8-4709-bfd5-722624a3c409,"('Martha', 'Ann')",daughter,husband-daughter,"['husband', 'daughter']","Martha:female,John:male,Ann:female",test
24a9d963-f301-48e1-8d39-9ab146dc7beb,"('Katherine', 'Scott')",father,daughter-uncle-father,"['daughter', 'uncle', 'father']","Katherine:female,Loretta:female,Rich:male,Scott:male",test
99af3070-f012-4126-b411-ca891dde9ad6,"('Scott', 'Sandy')",granddaughter,wife-grandson-sister,"['wife', 'grandson', 'sister']","Scott:male,Latisha:female,Andy:male,Sandy:female",test
b09b5b8a-cc92-4920-ad06-d21fc7245801,"('John', 'Scott')",father,daughter-mother-father,"['daughter', 'mother', 'father']","John:male,Loretta:female,Katherine:female,Scott:male",test
0a2e4cc1-1a82-45a4-b1f7-3372a125fc7d,"('John', 'Latisha')",mother,son-mother-mother,"['son', 'mother', 'mother']","John:male,Joshua:male,Katherine:female,Latisha:female",test
cdebd4e4-8ae9-41fb-9464-eedefecc5d14,"('Rich', 'Scott')",father,son-mother-father,"['son', 'mother', 'father']","Rich:male,Dale:male,Michelle:female,Scott:male",test
1146e1a0-74e6-4404-8d46-8e03708b34e6,"('Scott', 'Deborah')",granddaughter,wife-grandson-sister,"['wife', 'grandson', 'sister']","Scott:male,Latisha:female,Jose:male,Deborah:female",test
9ff336e9-49b5-4aca-8c88-7af12d98f374,"('John', 'Latisha')",mother,son-mother-mother,"['son', 'mother', 'mother']","John:male,Bret:male,Katherine:female,Latisha:female",test
33495a97-ae07-4e6d-a9f0-08a0dd41ad3c,"('Michelle', 'Scott')",father,daughter-uncle-father,"['daughter', 'uncle', 'father']","Michelle:female,Clara:female,John:male,Scott:male",test
574cd1b9-6b71-4f59-851a-a7ae9058410d,"('Rich', 'Scott')",father,daughter-mother-father,"['daughter', 'mother', 'father']","Rich:male,Clara:female,Michelle:female,Scott:male",test
5e0c9f57-7a72-4499-aecd-9b791dbe0e96,"('Rich', 'Scott')",father,daughter-uncle-father,"['daughter', 'uncle', 'father']","Rich:male,Clara:female,Matthew:male,Scott:male",test
6d9b7627-496c-4a31-a53c-d521a7539d60,"('John', 'Scott')",father,son-mother-father,"['son', 'mother', 'father']","John:male,Joshua:male,Katherine:female,Scott:male",test
f1b3a4fe-0220-49bf-a712-00815dda22b8,"('John', 'Scott')",father,daughter-mother-father,"['daughter', 'mother', 'father']","John:male,Deborah:female,Katherine:female,Scott:male",test
698158f7-8f89-4125-94ef-28738811c861,"('Latisha', 'Deborah')",granddaughter,husband-daughter-daughter,"['husband', 'daughter', 'daughter']","Latisha:female,Scott:male,Katherine:female,Deborah:female",test
fbe23b74-cf9b-4de8-877d-37828e0c6832,"('Rich', 'Scott')",father,son-mother-father,"['son', 'mother', 'father']","Rich:male,Tom:male,Michelle:female,Scott:male",test
619a9087-5d9d-4b89-913b-6eb1f26ae917,"('Katherine', 'Latisha')",mother,sister-son-grandmother,"['sister', 'son', 'grandmother']","Katherine:female,Michelle:female,Tom:male,Latisha:female",test
54616a44-42e2-470a-ae99-1d4fe6f26cb3,"('Scott', 'Crystal')",granddaughter,wife-grandson-sister,"['wife', 'grandson', 'sister']","Scott:male,Latisha:female,Rigoberto:male,Crystal:female",test
20c82282-c3cc-415c-9bd1-543119792d56,"('Scott', 'Crystal')",granddaughter,wife-grandson-sister,"['wife', 'grandson', 'sister']","Scott:male,Latisha:female,Joseph:male,Crystal:female",test
34d1cc01-9a08-47c6-9474-b7e8939f3bc9,"('Matthew', 'Scott')",father,daughter-mother-father,"['daughter', 'mother', 'father']","Matthew:male,Sandy:female,Alma:female,Scott:male",test
8101fabf-d94d-4716-8ed4-028c75edc292,"('Helen', 'Scott')",father,daughter-uncle-father,"['daughter', 'uncle', 'father']","Helen:female,Crystal:female,John:male,Scott:male",test
1519c10f-ab87-4263-ab5a-c2d0027bdab6,"('Latisha', 'Crystal')",granddaughter,husband-daughter-daughter,"['husband', 'daughter', 'daughter']","Latisha:female,Scott:male,Helen:female,Crystal:female",test
d873747f-2454-497b-b7cf-c238b2f86cdd,"('Rich', 'Latisha')",mother,son-mother-mother,"['son', 'mother', 'mother']","Rich:male,Dale:male,Michelle:female,Latisha:female",test
7b67185c-cc4a-4c1e-878d-dee9c7f22044,"('Rich', 'Scott')",father,son-mother-father,"['son', 'mother', 'father']","Rich:male,Dale:male,Michelle:female,Scott:male",test
a05be099-63e4-47a3-8ea1-d24f7635ace8,"('Alma', 'Latisha')",mother,sister-son-grandmother,"['sister', 'son', 'grandmother']","Alma:female,Michelle:female,Harry:male,Latisha:female",test
d0659d47-53a5-46f3-89ae-01a54411d904,"('Matthew', 'Scott')",father,daughter-mother-father,"['daughter', 'mother', 'father']","Matthew:male,Claudia:female,Alma:female,Scott:male",test
a20ec6f0-caf1-4c1b-8784-9be28bd4b965,"('Rich', 'Scott')",father,daughter-mother-father,"['daughter', 'mother', 'father']","Rich:male,Cheryl:female,Michelle:female,Scott:male",test
5711dec9-fc77-4b42-a034-efcac0b5a895,"('John', 'Latisha')",mother,son-mother-mother,"['son', 'mother', 'mother']","John:male,Bret:male,Katherine:female,Latisha:female",test
e9432250-9a39-48ed-ad5f-4033b4f757e2,"('Rich', 'Scott')",father,daughter-uncle-father,"['daughter', 'uncle', 'father']","Rich:male,Donna:female,Matthew:male,Scott:male",test
57bbb3fb-98ac-4429-a1eb-7b9f8f7f567b,"('Matthew', 'Latisha')",mother,sister-son-grandmother,"['sister', 'son', 'grandmother']","Matthew:male,Katherine:female,Joshua:male,Latisha:female",test
4a9424db-8dfa-4285-b2fe-b3e35e01d293,"('John', 'Scott')",father,son-mother-father,"['son', 'mother', 'father']","John:male,Allan:male,Katherine:female,Scott:male",test
0ee19cd7-1756-4fa2-bc20-9ff72a0563f0,"('Scott', 'Dorothea')",granddaughter,wife-grandson-sister,"['wife', 'grandson', 'sister']","Scott:male,Latisha:female,Glenn:male,Dorothea:female",test
5de15e3b-f307-4067-a82d-3058bdfdd95b,"('John', 'Scott')",father,son-mother-father,"['son', 'mother', 'father']","John:male,Allan:male,Katherine:female,Scott:male",test
03090d14-1322-4201-abf4-73912e2e5af0,"('Michelle', 'Latisha')",mother,sister-son-grandmother,"['sister', 'son', 'grandmother']","Michelle:female,Alma:female,Lionel:male,Latisha:female",test
7f9a9694-fb8f-44c0-b4b1-ea7e94a981d8,"('Karen', 'Gwendolyn')",granddaughter,husband-daughter-daughter,"['husband', 'daughter', 'daughter']","Karen:female,John:male,Verna:female,Gwendolyn:female,Andy:male,Stanley:male",test
83ed21a7-da6c-44c6-b9e6-259b45265b88,"('Carlos', 'Karen')",mother,son-mother-mother,"['son', 'mother', 'mother']","Carlos:male,Daniel:male,Demetra:female,Karen:female,John:male,Helen:female",test
1f28c050-7761-430a-8539-dc4ce7323280,"('Gregory', 'John')",father,daughter-uncle-father,"['daughter', 'uncle', 'father']","Gregory:male,Felicia:female,Carlos:male,John:male,Daniel:male,Verna:female",test
2d7698af-1087-4a7c-b8b7-8c97d64f1b75,"('Louis', 'Ronald')",father,daughter-uncle-father,"['daughter', 'uncle', 'father']","Louis:male,Alice:female,Gerald:male,Ronald:male,Candace:female",test
14885788-a6fe-4e61-a94f-f18cb2248748,"('Robert', 'Ronald')",father,son-mother-father,"['son', 'mother', 'father']","Robert:male,William:male,Beth:female,Ronald:male,Colleen:female",test
9f65e4ea-5956-44cc-a394-29f40d3062f6,"('Louis', 'Ronald')",father,daughter-mother-father,"['daughter', 'mother', 'father']","Louis:male,Denise:female,Samantha:female,Ronald:male,Alice:female",test
89021266-673b-483b-925c-6e6d650ecd6d,"('Joyce', 'Charlene')",granddaughter,husband-daughter-daughter,"['husband', 'daughter', 'daughter']","Joyce:female,Ronald:male,Kathy:female,Charlene:female,Robert:male",test
7cc587a7-6e62-445b-8e0a-342e360d0b9e,"('Ronald', 'Alice')",granddaughter,wife-grandson-sister,"['wife', 'grandson', 'sister']","Ronald:male,Joyce:female,Scott:male,Alice:female,Samantha:female",test
0b37e675-82dd-45de-bdd1-3f7aa68eb3d1,"('Samantha', 'Joyce')",mother,sister-son-grandmother,"['sister', 'son', 'grandmother']","Samantha:female,Imogene:female,Edward:male,Joyce:female,Kelly:female",test
df128aae-7103-4bfd-a5e5-01a53b0dbf03,"('Louis', 'Joyce')",mother,son-mother-mother,"['son', 'mother', 'mother']","Louis:male,Jared:male,Samantha:female,Joyce:female,Kelly:female",test
2e1faffd-d526-48ea-a1a4-1249ed2be2f2,"('Robert', 'Ronald')",father,daughter-uncle-father,"['daughter', 'uncle', 'father']","Robert:male,Colleen:female,Gerald:male,Ronald:male,Beth:female",test
11d0b88b-428c-40ee-82ac-c4005cb26bd4,"('Gregory', 'John')",father,son-mother-father,"['son', 'mother', 'father']","Gregory:male,Allen:male,Verna:female,John:male,Beverly:female,Javier:male",test
9b8945be-9aec-4d7c-8acb-cc41c5b465a0,"('Lane', 'Frankie')",father,daughter-uncle-father,"['daughter', 'uncle', 'father']","Lane:male,Antonia:female,David:male,Frankie:male,Marina:female",test
be97bfb8-b9ca-47ac-b8d4-2d3a9850786b,"('Carlos', 'John')",father,daughter-mother-father,"['daughter', 'mother', 'father']","Carlos:male,Linda:female,Demetra:female,John:male,Lillian:female,Malcolm:male",test
c1259389-0654-48c7-8f22-e86629406e36,"('Andy', 'Karen')",mother,son-mother-mother,"['son', 'mother', 'mother']","Andy:male,Stanley:male,Lauren:female,Karen:female,John:male,Carlos:male",test
3d922381-68d9-45e8-965e-4bb91405adeb,"('Mary', 'William')",grandson,husband-daughter-son,"['husband', 'daughter', 'son']","Mary:female,Ronald:male,Glenda:female,William:male",test
e48ace76-e86d-4747-a82f-802693d66d3b,"('Ronald', 'Glenda')",daughter,daughter-daughter-aunt,"['daughter', 'daughter', 'aunt']","Ronald:male,Cathrine:female,Jettie:female,Glenda:female",test
941e52aa-7119-42ce-b557-623a74d57ef5,"('John', 'Mary')",mother,son-aunt-mother,"['son', 'aunt', 'mother']","John:male,Tony:male,Cathrine:female,Mary:female",test
187395cf-731c-486d-883e-de68e2e9b2c5,"('Mary', 'Ruby')",daughter,daughter-daughter-aunt,"['daughter', 'daughter', 'aunt']","Mary:female,Helen:female,Shirely:female,Ruby:female",test
cd1ef000-4f36-43ec-a966-df055eb48e3f,"('Ruby', 'Mary')",mother,husband-son-grandmother,"['husband', 'son', 'grandmother']","Ruby:female,John:male,Tony:male,Mary:female",test
fd6cfd0b-f043-483f-b5c2-08ba7e3baf89,"('Cathrine', 'Mary')",mother-in-law,husband-son-grandmother,"['husband', 'son', 'grandmother']","Cathrine:female,Derrick:male,Donald:male,Mary:female",test
06f31032-5e75-46ea-8dc9-a18814038c6b,"('Phillip', 'Ronald')",father,son-mother-father,"['son', 'mother', 'father']","Phillip:male,William:male,Glenda:female,Ronald:male",test
a05bb5ac-4c22-494b-8bd9-360aa5642bcd,"('John', 'Marjorie')",granddaughter,wife-grandson-sister,"['wife', 'grandson', 'sister']","John:male,Karen:female,Kenneth:male,Marjorie:female,Andy:male,Verna:female",test
14905291-1fb2-4bd0-8437-b551f1965072,"('Verna', 'John')",father,daughter-uncle-father,"['daughter', 'uncle', 'father']","Verna:female,Pauline:female,Robert:male,John:male,Demetra:female,Jacob:male",test
973df6ae-ce68-44f3-b797-2d3393947e75,"('Gregory', 'Karen')",mother,son-mother-mother,"['son', 'mother', 'mother']","Gregory:male,Malcolm:male,Verna:female,Karen:female,Demetra:female,Kristin:female",test
31f0f4ae-fb1d-4153-bc44-652db12ea561,"('John', 'Amber')",granddaughter,wife-grandson-sister,"['wife', 'grandson', 'sister']","John:male,Karen:female,Miguel:male,Amber:female,Malcolm:male,Lillian:female",test
2b22d568-55c0-4fa8-ba84-0049ecfd5cbd,"('Andy', 'John')",father,son-mother-father,"['son', 'mother', 'father']","Andy:male,Aaron:male,Lauren:female,John:male,Javier:male,Demetra:female",test
6e1c8b23-7f62-4392-b037-e2391b7916f6,"('Billy', 'Mary')",mother,son-aunt-mother,"['son', 'aunt', 'mother']","Billy:male,Roberto:male,Cathrine:female,Mary:female",test
d24988b9-1fad-44a9-a2b5-da0c91afece4,"('Carlos', 'John')",father,daughter-mother-father,"['daughter', 'mother', 'father']","Carlos:male,Linda:female,Demetra:female,John:male,Gregory:male,Marjorie:female",test
9860357d-e6cd-4e14-a271-ca7f3ef35b74,"('Karen', 'Kristin')",granddaughter,husband-daughter-daughter,"['husband', 'daughter', 'daughter']","Karen:female,John:male,Demetra:female,Kristin:female,Marjorie:female,Kenneth:male",test
ed3695a7-a3e0-4d82-be36-b2f29886fba3,"('Beth', 'Joyce')",mother,sister-son-grandmother,"['sister', 'son', 'grandmother']","Beth:female,Kathy:female,Ben:male,Joyce:female,Ronald:male",test
87e50ff8-4e1d-45b1-8aa1-56f71758663b,"('Beverly', 'John')",father,daughter-uncle-father,"['daughter', 'uncle', 'father']","Beverly:female,Katherine:female,Gregory:male,John:male,Lauren:female,Helen:female",test
b38336b1-51c7-4092-a21d-1e5b22126bc6,"('Louis', 'Ronald')",father,daughter-mother-father,"['daughter', 'mother', 'father']","Louis:male,Alice:female,Samantha:female,Ronald:male,Candace:female",test
f6b75bf8-4a77-4338-8962-c44ab961c223,"('Gerald', 'Joyce')",mother,son-mother-mother,"['son', 'mother', 'mother']","Gerald:male,Jacob:male,Imogene:female,Joyce:female,Rachel:female",test
3cbf803c-ea6e-4ee7-adb3-7590088652c7,"('Gerald', 'Ronald')",father,son-mother-father,"['son', 'mother', 'father']","Gerald:male,Joseph:male,Imogene:female,Ronald:male,Jacob:male",test
6592a04f-056a-436a-a9fb-4c074ee1ea40,"('Ronald', 'Lula')",granddaughter,wife-grandson-sister,"['wife', 'grandson', 'sister']","Ronald:male,Joyce:female,Ben:male,Lula:female,Jennifer:female",test
54875ad8-97bf-4d8c-8d64-433315eaf7f3,"('Kathy', 'Joyce')",mother,sister-son-grandmother,"['sister', 'son', 'grandmother']","Kathy:female,Samantha:female,Charles:male,Joyce:female,Ben:male",test
2a930667-cf92-4bf6-9daa-2f230745ddf1,"('Louis', 'Joyce')",mother,son-mother-mother,"['son', 'mother', 'mother']","Louis:male,Jared:male,Samantha:female,Joyce:female,Kathy:female",test
c92bb8f9-2d68-48d2-ad42-6508691a8525,"('Gerald', 'Ronald')",father,daughter-mother-father,"['daughter', 'mother', 'father']","Gerald:male,Peggy:female,Imogene:female,Ronald:male,Brenda:female",test
3b57ac85-858d-4edc-88ba-f83e427bc2bb,"('Robert', 'Joyce')",mother,son-mother-mother,"['son', 'mother', 'mother']","Robert:male,William:male,Beth:female,Joyce:female,Kathy:female",test
218133f8-3e7c-4d47-8966-51118a16596c,"('Imogene', 'Joyce')",mother,sister-son-grandmother,"['sister', 'son', 'grandmother']","Imogene:female,Kathy:female,Ben:male,Joyce:female,Peggy:female",test
780539ad-3071-486e-8a26-999c062634a0,"('Joyce', 'Brenda')",granddaughter,husband-daughter-daughter,"['husband', 'daughter', 'daughter']","Joyce:female,Ronald:male,Imogene:female,Brenda:female,Gerald:male",test
616d78a1-8f99-46d9-a15e-f59da05b0e00,"('Frankie', 'Kathryn')",granddaughter,wife-grandson-sister,"['wife', 'grandson', 'sister']","Frankie:male,Carla:female,Travis:male,Kathryn:female,Robin:female",test
e4c30347-dfae-49af-8a28-c21bdc9a9643,"('Robert', 'Ronald')",father,daughter-mother-father,"['daughter', 'mother', 'father']","Robert:male,Vanessa:female,Beth:female,Ronald:male,Jesse:male",test
e79bcc11-f828-4da6-8af4-4d3bacb9dc14,"('Joyce', 'Vanessa')",granddaughter,husband-daughter-daughter,"['husband', 'daughter', 'daughter']","Joyce:female,Ronald:male,Beth:female,Vanessa:female,Louis:male",test
c0469485-a4ec-42b7-b808-fb13dce2892c,"('Robert', 'Ronald')",father,son-mother-father,"['son', 'mother', 'father']","Robert:male,Jesse:male,Beth:female,Ronald:male,Colleen:female",test
94a4bdcf-584b-4a43-bd0e-85f88e37fb26,"('Robert', 'Ronald')",father,son-mother-father,"['son', 'mother', 'father']","Robert:male,Jesse:male,Beth:female,Ronald:male,Evelyn:female",test
b7ef6a4d-6951-4c4e-a95a-be7b671a5c9b,"('Ronald', 'Charlene')",granddaughter,wife-grandson-sister,"['wife', 'grandson', 'sister']","Ronald:male,Joyce:female,Benjamin:male,Charlene:female,Lula:female",test
92e0eefb-d858-439b-9490-46f2dec00032,"('Gerald', 'Joyce')",mother,son-mother-mother,"['son', 'mother', 'mother']","Gerald:male,Ralph:male,Imogene:female,Joyce:female,Joseph:male",test
1cfb533c-6f26-4ccd-a6e1-112a84b0db62,"('Robert', 'Ronald')",father,daughter-mother-father,"['daughter', 'mother', 'father']","Robert:male,Colleen:female,Beth:female,Ronald:male,Jesse:male",test
249f3fca-cdad-4e08-9cbe-9b352c00e531,"('Kathy', 'Ronald')",father,daughter-uncle-father,"['daughter', 'uncle', 'father']","Kathy:female,Jennifer:female,Gerald:male,Ronald:male,Gertrude:female",test
bb8774e4-54b3-4f42-8e37-6c6b5f215aef,"('Joyce', 'Charlene')",granddaughter,husband-daughter-daughter,"['husband', 'daughter', 'daughter']","Joyce:female,Ronald:male,Kathy:female,Charlene:female,Louis:male",test
10686bf6-ef11-48bb-90b5-e7948d4fd3b3,"('Robert', 'Ronald')",father,son-mother-father,"['son', 'mother', 'father']","Robert:male,Jesse:male,Beth:female,Ronald:male,Colleen:female",test
25d74f66-134f-4511-910d-b0b70d16cba7,"('Louis', 'Joyce')",mother,sister-son-grandmother,"['sister', 'son', 'grandmother']","Louis:male,Imogene:female,Jacob:male,Joyce:female,Ralph:male",test
efa65a2d-1eb1-4a89-a542-f8ce0aaf7699,"('Louis', 'Ronald')",father,daughter-mother-father,"['daughter', 'mother', 'father']","Louis:male,Candace:female,Samantha:female,Ronald:male,Justin:male",test
ec918fac-f0f5-4adb-998e-1c3c75a02d25,"('Joyce', 'Kelly')",granddaughter,husband-daughter-daughter,"['husband', 'daughter', 'daughter']","Joyce:female,Ronald:male,Samantha:female,Kelly:female,Louis:male",test
2f6989ac-f544-4ae0-80e4-c19b27ca94eb,"('Ronald', 'Lula')",granddaughter,wife-grandson-sister,"['wife', 'grandson', 'sister']","Ronald:male,Joyce:female,Benjamin:male,Lula:female,Ben:male",test
c83701d9-9374-484b-804a-4c45cdd96478,"('Gerald', 'Ronald')",father,son-mother-father,"['son', 'mother', 'father']","Gerald:male,Ralph:male,Imogene:female,Ronald:male,Jacob:male",test
557ac196-f5b8-4901-b72a-fec44d91384e,"('Samantha', 'Joyce')",mother,sister-son-grandmother,"['sister', 'son', 'grandmother']","Samantha:female,Imogene:female,Ralph:male,Joyce:female,Ronald:male",test
44d773f3-5fd5-4e0e-b2d3-b5ba6affaf31,"('Gerald', 'Joyce')",mother,son-mother-mother,"['son', 'mother', 'mother']","Gerald:male,Edward:male,Imogene:female,Joyce:female,Rachel:female",test
11e3dbce-ef1a-4079-8146-78e876b770ea,"('Beth', 'Ronald')",father,daughter-uncle-father,"['daughter', 'uncle', 'father']","Beth:female,Vanessa:female,Gerald:male,Ronald:male,Evelyn:female",test
e3c431da-6232-45bf-bff6-25737f288b53,"('Joyce', 'Kelly')",granddaughter,husband-daughter-daughter,"['husband', 'daughter', 'daughter']","Joyce:female,Ronald:male,Samantha:female,Kelly:female,Gerald:male",test
23afbd2e-1024-4af2-a25b-e42e05fe6602,"('Gregory', 'Karen')",mother,son-mother-mother,"['son', 'mother', 'mother']","Gregory:male,Wesley:male,Verna:female,Karen:female,Carlos:male,Lillian:female",test
acb69dbf-9dc8-4712-9889-038850e1563c,"('Gregory', 'John')",father,son-mother-father,"['son', 'mother', 'father']","Gregory:male,Wesley:male,Verna:female,John:male,Andy:male,Rudolph:male",test
f3c384c0-bcbd-4206-b573-c82929c99b52,"('Andy', 'John')",father,daughter-mother-father,"['daughter', 'mother', 'father']","Andy:male,Kathleen:female,Lauren:female,John:male,Verna:female,Demetra:female",test
473f2c0d-f246-4ba7-b7bc-9d4f4979acbe,"('Billy', 'Mary')",mother,son-aunt-mother,"['son', 'aunt', 'mother']","Billy:male,Thomas:male,Glenda:female,Mary:female",test
ff4ac5e1-66fe-46a5-b4ab-b44ccdebda3d,"('Mary', 'Helen')",daughter,daughter-daughter-aunt,"['daughter', 'daughter', 'aunt']","Mary:female,Glenda:female,Joy:female,Helen:female",test
c0b19334-5137-4980-9e6d-611eb4e0c1c3,"('Billy', 'Mary')",mother,daughter-mother-mother,"['daughter', 'mother', 'mother']","Billy:male,Shirely:female,Helen:female,Mary:female",test
bcf1d0c4-f807-4b71-8971-aa016d2d64fc,"('John', 'Ronald')",father,son-mother-father,"['son', 'mother', 'father']","John:male,Wm:male,Ruby:female,Ronald:male",test
597c0c20-a011-4c84-a87e-24e878b920fa,"('Billy', 'Mary')",mother,daughter-mother-mother,"['daughter', 'mother', 'mother']","Billy:male,Susan:female,Helen:female,Mary:female",test
1219591c-fd2b-4a92-980f-a22e5d891bf0,"('Billy', 'Mary')",mother,daughter-mother-mother,"['daughter', 'mother', 'mother']","Billy:male,Joyce:female,Helen:female,Mary:female",test
bc5e3b3e-0ce6-4c71-955f-10fa6deb8c0d,"('John', 'Katherine')",granddaughter,wife-grandson-sister,"['wife', 'grandson', 'sister']","John:male,Karen:female,Jacob:male,Katherine:female,Andy:male,Kenneth:male",test
86dbd37a-672b-47e8-8a0d-c2589cc69ef9,"('Beverly', 'Karen')",mother,sister-son-grandmother,"['sister', 'son', 'grandmother']","Beverly:female,Lauren:female,Kenneth:male,Karen:female,John:male,Carlos:male",test
6fd27e37-bdb3-4528-aaeb-bfe4598dcef2,"('Karen', 'Pauline')",granddaughter,husband-daughter-daughter,"['husband', 'daughter', 'daughter']","Karen:female,John:male,Verna:female,Pauline:female,Demetra:female,Helen:female",test
8b63ca5e-1135-48ef-8d2e-de7ced6c3eb7,"('Karen', 'Felicia')",granddaughter,husband-daughter-daughter,"['husband', 'daughter', 'daughter']","Karen:female,John:male,Verna:female,Felicia:female,Andy:male,George:male",test
81773d8d-72f0-441f-959c-e4d12d3a64e6,"('John', 'Judith')",granddaughter,wife-grandson-sister,"['wife', 'grandson', 'sister']","John:male,Karen:female,James:male,Judith:female,Amber:female,Lauren:female",test
23733603-1c76-49d4-bf2f-68375cb5a835,"('Carlos', 'John')",father,daughter-mother-father,"['daughter', 'mother', 'father']","Carlos:male,Judith:female,Demetra:female,John:male,Beverly:female,Rudolph:male",test
8edfc05f-9ea3-4131-94cb-789aa00ed7c6,"('Demetra', 'Karen')",mother,sister-son-grandmother,"['sister', 'son', 'grandmother']","Demetra:female,Lauren:female,Stanley:male,Karen:female,Andy:male,James:male",test
d79f2fa6-a54a-414a-9360-07c89c20d156,"('Carlos', 'John')",father,son-mother-father,"['son', 'mother', 'father']","Carlos:male,James:male,Demetra:female,John:male,Lauren:female,Stephen:male",test
2629ec5a-c870-4426-a4c0-f3de391d0d2f,"('Carlos', 'Karen')",mother,son-mother-mother,"['son', 'mother', 'mother']","Carlos:male,James:male,Demetra:female,Karen:female,Katherine:female,Jacob:male",test
09cc9562-f016-40f7-8a74-50791b9799cf,"('Robert', 'Karen')",mother,sister-son-grandmother,"['sister', 'son', 'grandmother']","Robert:male,Demetra:female,George:male,Karen:female,Andy:male,Willene:female",test
ad24aa4e-e3af-4971-a5dc-d9fd634f21fc,"('Gregory', 'John')",father,daughter-mother-father,"['daughter', 'mother', 'father']","Gregory:male,Felicia:female,Verna:female,John:male,Kathleen:female,Kenneth:male",test
070c56e0-ab8c-4412-a3b5-5d3c39ccabf2,"('Karen', 'Paulette')",granddaughter,husband-daughter-daughter,"['husband', 'daughter', 'daughter']","Karen:female,John:male,Lauren:female,Paulette:female,Verna:female,Virginia:female",test
b960876b-429c-4064-8a97-004a4d457650,"('John', 'Virginia')",granddaughter,wife-grandson-sister,"['wife', 'grandson', 'sister']","John:male,Karen:female,Ramiro:male,Virginia:female,Helen:female,Gregory:male",test
b2e9a47e-40e7-422e-b74e-e6c2be653efb,"('Andy', 'John')",father,daughter-uncle-father,"['daughter', 'uncle', 'father']","Andy:male,Paulette:female,Robert:male,John:male,Allen:male,Wesley:male",test
e30d6542-b26e-490c-9c4d-a46d70366e22,"('Gregory', 'Karen')",mother,son-mother-mother,"['son', 'mother', 'mother']","Gregory:male,Wesley:male,Verna:female,Karen:female,Linda:female,George:male",test
7fae18f0-4b60-46a3-aa53-1b9edc07c283,"('Carlos', 'John')",father,daughter-uncle-father,"['daughter', 'uncle', 'father']","Carlos:male,Judith:female,Gregory:male,John:male,Ramiro:male,Katherine:female",test
39b3d996-968f-4b0d-8882-3414e4cca10f,"('Carlos', 'John')",father,daughter-mother-father,"['daughter', 'mother', 'father']","Carlos:male,Judith:female,Demetra:female,John:male,Robert:male,Stanley:male",test
eb50db9e-0537-4b78-bdc8-f1cd2e4d3f4d,"('John', 'Helen')",granddaughter,wife-grandson-sister,"['wife', 'grandson', 'sister']","John:male,Karen:female,Daniel:male,Helen:female,Robert:male,Marjorie:female",test
e6afe4a9-e174-48dc-b691-6222ea7b4d72,"('Robert', 'John')",father,daughter-uncle-father,"['daughter', 'uncle', 'father']","Robert:male,Virginia:female,Carlos:male,John:male,Andy:male,Paulette:female",test
a0cd4555-6262-483d-8a9a-541b57e6a514,"('Karen', 'Pauline')",granddaughter,husband-daughter-daughter,"['husband', 'daughter', 'daughter']","Karen:female,John:male,Verna:female,Pauline:female,Ramiro:male,Andy:male",test
60bd0730-aba0-4a09-bd2d-316606259843,"('Lauren', 'Karen')",mother,sister-son-grandmother,"['sister', 'son', 'grandmother']","Lauren:female,Demetra:female,George:male,Karen:female,Robert:male,Marjorie:female",test
50938022-f37f-46f0-98ac-6f114be1e5a7,"('Ruby', 'Mary')",mother-in-law,husband-son-grandmother,"['husband', 'son', 'grandmother']","Ruby:female,John:male,Bryan:male,Mary:female",test
89644dd3-91b2-43d7-a353-35df7d8c4edd,"('Helen', 'Ronald')",father,brother-son-grandfather,"['brother', 'son', 'grandfather']","Helen:female,Derrick:male,Donald:male,Ronald:male",test
fab8fd9a-d06a-4a60-bfde-d196b0f2f819,"('John', 'Mary')",mother,daughter-mother-mother,"['daughter', 'mother', 'mother']","John:male,Frances:female,Ruby:female,Mary:female",test
ffca76dd-ab96-48cc-b972-2dad6e554953,"('Mary', 'Roberto')",grandson,husband-daughter-son,"['husband', 'daughter', 'son']","Mary:female,Ronald:male,Helen:female,Roberto:male",test
91c8d069-5fb4-4522-b25a-7475062c690c,"('John', 'Amber')",granddaughter,wife-grandson-sister,"['wife', 'grandson', 'sister']","John:male,Karen:female,Ramiro:male,Amber:female,Andy:male,Demetra:female",test
ef464bf9-1e7a-4cbe-bde5-fb826ea1921c,"('Lauren', 'Karen')",mother,sister-son-grandmother,"['sister', 'son', 'grandmother']","Lauren:female,Verna:female,Wesley:male,Karen:female,Javier:male,Kathleen:female",test
67ef41e9-37a7-4c87-ac84-3e7294060a88,"('Karen', 'Marjorie')",granddaughter,husband-daughter-daughter,"['husband', 'daughter', 'daughter']","Karen:female,John:male,Lauren:female,Marjorie:female,Demetra:female,Wesley:male",test
169de824-7f0a-43d8-8387-bf35f94caf61,"('Carlos', 'John')",father,daughter-uncle-father,"['daughter', 'uncle', 'father']","Carlos:male,Helen:female,Robert:male,John:male,Beverly:female,Demetra:female",test
b6404533-3c07-4588-8f66-9fcd36d530dc,"('Carlos', 'John')",father,daughter-mother-father,"['daughter', 'mother', 'father']","Carlos:male,Helen:female,Demetra:female,John:male,Lauren:female,Stanley:male",test
1352778e-e5cd-4c57-aa3b-5837d735ad52,"('Lauren', 'John')",father,daughter-uncle-father,"['daughter', 'uncle', 'father']","Lauren:female,Willene:female,Robert:male,John:male,Beverly:female,Andy:male",test
8d20018b-5ced-41d1-8baf-81517ef2382a,"('Carlos', 'Karen')",mother,son-mother-mother,"['son', 'mother', 'mother']","Carlos:male,Stephen:male,Demetra:female,Karen:female,Beverly:female,Virginia:female",test
d093f1e9-d707-46ac-95a4-5755685ea254,"('Lauren', 'Karen')",mother,sister-son-grandmother,"['sister', 'son', 'grandmother']","Lauren:female,Verna:female,Wesley:male,Karen:female,Gregory:male,Malcolm:male",test
f1b7b0dc-bc14-41d8-830c-ca34fc29fd23,"('Gregory', 'John')",father,son-mother-father,"['son', 'mother', 'father']","Gregory:male,Rudolph:male,Verna:female,John:male,Lauren:female,Malcolm:male",test
72915f70-ac6a-419a-b3ce-1f45de726430,"('Billy', 'Ronald')",father,brother-son-grandfather,"['brother', 'son', 'grandfather']","Billy:male,Phillip:male,Jose:male,Ronald:male",test
d516804a-a2bc-4af9-b09c-6c13b55004f2,"('Mary', 'Simon')",grandson,husband-daughter-son,"['husband', 'daughter', 'son']","Mary:female,Ronald:male,Glenda:female,Simon:male",test
62158fcd-9a30-42a5-a71e-07e81e136e84,"('Mary', 'William')",grandson,husband-daughter-son,"['husband', 'daughter', 'son']","Mary:female,Ronald:male,Glenda:female,William:male",test
d72f762f-098d-47e3-a481-3d22af768f2d,"('Phillip', 'Ronald')",father,brother-son-grandfather,"['brother', 'son', 'grandfather']","Phillip:male,Derrick:male,Ramon:male,Ronald:male",test
ce339f0f-fb4d-468b-ad1c-606988557054,"('Constance', 'Kelly')",daughter,husband-daughter,"['husband', 'daughter']","Constance:female,Ernest:male,Kelly:female",test
24dbff23-5137-427b-ba06-a6a3a779fb16,"('Billy', 'Mary')",mother,daughter-mother-mother,"['daughter', 'mother', 'mother']","Billy:male,Anna:female,Helen:female,Mary:female",test
56e8eb93-2a64-4f89-8a70-a1091d4a2af9,"('Mary', 'Joseph')",grandson,husband-daughter-son,"['husband', 'daughter', 'son']","Mary:female,Ronald:male,Helen:female,Joseph:male",test
944c2817-3fbe-4650-adc9-f88b100a04bf,"('Ruby', 'Mary')",mother,son-aunt-mother,"['son', 'aunt', 'mother']","Ruby:female,Bryan:male,Helen:female,Mary:female",test
f1508868-f484-4fdc-8f73-df7bb8b5b715,"('Mary', 'Cathrine')",daughter,daughter-daughter-aunt,"['daughter', 'daughter', 'aunt']","Mary:female,Ruby:female,Nicole:female,Cathrine:female",test
aed541aa-5f19-4c68-af30-1ac8da9a780c,"('Cathrine', 'Mary')",mother,husband-son-grandmother,"['husband', 'son', 'grandmother']","Cathrine:female,Derrick:male,Jesse:male,Mary:female",test
e255401a-f95b-4769-ad3e-c7991f9ff295,"('Glenda', 'Ronald')",father,brother-son-grandfather,"['brother', 'son', 'grandfather']","Glenda:female,John:male,Max:male,Ronald:male",test
476e33ad-48ad-4565-bd32-2f89fb92b558,"('Helen', 'Ronald')",father,brother-son-grandfather,"['brother', 'son', 'grandfather']","Helen:female,Phillip:male,Jose:male,Ronald:male",test
f8048637-5609-433a-8309-6454a6366628,"('Cathrine', 'Mary')",mother,husband-son-grandmother,"['husband', 'son', 'grandmother']","Cathrine:female,Derrick:male,Ramon:male,Mary:female",test
ff2de70b-8b4a-4968-b17c-3a2dd5e9d894,"('Phillip', 'Ronald')",father,son-mother-father,"['son', 'mother', 'father']","Phillip:male,William:male,Glenda:female,Ronald:male",test
7da16679-029d-4ad6-84d6-2b98092bcd0a,"('Ruby', 'Ronald')",father,brother-son-grandfather,"['brother', 'son', 'grandfather']","Ruby:female,Phillip:male,Simon:male,Ronald:male",test
ed1eb1f9-8935-44f3-bf93-62c5cb89e897,"('Mary', 'Donald')",grandson,husband-daughter-son,"['husband', 'daughter', 'son']","Mary:female,Ronald:male,Cathrine:female,Donald:male",test
b7a0d9da-640d-4750-b4da-ebffe9b76cac,"('Mary', 'Helen')",daughter,daughter-daughter-aunt,"['daughter', 'daughter', 'aunt']","Mary:female,Glenda:female,Joy:female,Helen:female",test
e6f7d163-4959-4855-8dff-5baddfc2a045,"('Derrick', 'Mary')",mother,son-aunt-mother,"['son', 'aunt', 'mother']","Derrick:male,Ramon:male,Helen:female,Mary:female",test
82de946f-d874-458e-9ae3-477491312cfa,"('Billy', 'Ronald')",father,son-mother-father,"['son', 'mother', 'father']","Billy:male,Thomas:male,Helen:female,Ronald:male",test
1b869ce9-4b8d-4022-9aec-680bc700d54e,"('John', 'Ronald')",father,son-mother-father,"['son', 'mother', 'father']","John:male,Wm:male,Ruby:female,Ronald:male",test
378cd575-66cc-466b-aed4-1f58d2d868fc,"('Jose', 'Gilbert')",grandson,son-daughter-sister-sister-brother,"['son', 'daughter', 'sister', 'sister', 'brother']","Jose:male,Samuel:male,Nancy:female,Hattie:female,Gilbert:male",test
e8d11e0b-e99b-4a59-86d8-48b6e07a71a5,"('Stephanie', 'William')",son,husband-son,"['husband', 'son']","Stephanie:female,Jacob:male,William:male",test
b0684e9c-3bab-46b3-a47f-8d7e79979051,"('Mary', 'Constance')",daughter,husband-daughter,"['husband', 'daughter']","Mary:female,Roy:male,Constance:female",test
36ceabff-9f45-473d-89ba-4add72a2bf83,"('Cathrine', 'Mary')",mother-in-law,husband-son-grandmother,"['husband', 'son', 'grandmother']","Cathrine:female,Derrick:male,Donald:male,Mary:female",test
fd17e87d-837d-45b9-9547-0581cc8d6e6c,"('Billy', 'Mary')",mother,son-aunt-mother,"['son', 'aunt', 'mother']","Billy:male,Joseph:male,Ruby:female,Mary:female",test
59e71e6c-7bec-4a23-a5ce-62d4a01c9a63,"('Maida', 'Rebecca')",daughter,daughter-daughter-aunt,"['daughter', 'daughter', 'aunt']","Maida:female,Patricia:female,Roberta:female,Rebecca:female,Norman:male,Wayne:male",test
4740396e-094b-4db6-af44-31ca72ca48a4,"('Chris', 'Stephen')",father,son-mother-father,"['son', 'mother', 'father']","Chris:male,Mitchell:male,Eleanor:female,Stephen:male,Norman:male,Maura:female",test
69661ee8-6de3-4e86-b037-f7e27efe24d1,"('Eleanor', 'Maida')",mother,son-aunt-mother,"['son', 'aunt', 'mother']","Eleanor:female,Mitchell:male,Patricia:female,Maida:female,Jerry:male,Charles:male",test
5b0c8d7f-fbe1-463d-9fe2-17829fcab8ea,"('Jerry', 'Stephen')",father,brother-son-grandfather,"['brother', 'son', 'grandfather']","Jerry:male,Michael:male,David:male,Stephen:male,Patricia:female,Maura:female",test
08623c24-8d03-48ff-8671-867f4d2ce343,"('Chris', 'Stephen')",father,son-mother-father,"['son', 'mother', 'father']","Chris:male,Mitchell:male,Eleanor:female,Stephen:male,Kristin:female,David:male",test
4aae40da-0a68-4574-97f4-a75d073a8e3b,"('Maida', 'Juan')",grandson,husband-daughter-son,"['husband', 'daughter', 'son']","Maida:female,Stephen:male,Eleanor:female,Juan:male,Michael:male,Robert:male",test
5dfe6c28-bd41-40ea-8dc1-5d3dafcc3168,"('Chris', 'Maida')",mother,daughter-mother-mother,"['daughter', 'mother', 'mother']","Chris:male,Lauren:female,Eleanor:female,Maida:female,Jerry:male,Arlene:female",test
18b949c9-69ec-4df8-bf96-4e7ceaee6816,"('Rebecca', 'Maida')",mother,son-aunt-mother,"['son', 'aunt', 'mother']","Rebecca:female,John:male,Kristin:female,Maida:female,Norman:male,Charles:male",test
4522de26-b015-4d32-9258-126fcb7bdd7b,"('Rebecca', 'Stephen')",father,brother-son-grandfather,"['brother', 'son', 'grandfather']","Rebecca:female,Chris:male,Craig:male,Stephen:male,Michael:male,David:male",test
8c9aa7e3-26c9-4ab7-9bca-e78a6eb6cc4d,"('Patricia', 'Maida')",mother-in-law,husband-son-grandmother,"['husband', 'son', 'grandmother']","Patricia:female,Norman:male,Robert:male,Maida:female,Stephen:male,James:male",test
46d00f66-7257-439e-a950-76b858c48c72,"('Michael', 'Stephen')",father,son-mother-father,"['son', 'mother', 'father']","Michael:male,Numbers:male,Rebecca:female,Stephen:male,Heather:female,Arlene:female",test
a5223f4b-eea2-4ad0-b958-4cff5609004e,"('Chris', 'Stephen')",father,son-mother-father,"['son', 'mother', 'father']","Chris:male,Troy:male,Eleanor:female,Stephen:male,Michael:male,Mitchell:male",test
947f7d6d-21c6-43cf-a963-aef8c2f1bd43,"('Maida', 'David')",grandson,husband-daughter-son,"['husband', 'daughter', 'son']","Maida:female,Stephen:male,Rebecca:female,David:male,Michael:male,Henriette:female",test
224612ef-f64e-4f09-91c5-7811bdfc5cd6,"('Michael', 'Stephen')",father,son-mother-father,"['son', 'mother', 'father']","Michael:male,Numbers:male,Rebecca:female,Stephen:male,Maida:female,James:male",test
da4fc85e-42ca-4819-a4f5-b2f14ff7b0ea,"('Chris', 'Maida')",mother,daughter-mother-mother,"['daughter', 'mother', 'mother']","Chris:male,Lauren:female,Eleanor:female,Maida:female,Norman:male,Justin:male",test
d1b24543-b2f2-4bf2-87da-08b0d77e3761,"('Eleanor', 'Maida')",mother,son-aunt-mother,"['son', 'aunt', 'mother']","Eleanor:female,Craig:male,Patricia:female,Maida:female,Stephen:male,Willie:male",test
2db7baa5-581c-4ca1-a57b-9a1c629b19c0,"('Maida', 'David')",grandson,husband-daughter-son,"['husband', 'daughter', 'son']","Maida:female,Stephen:male,Rebecca:female,David:male,Patricia:female,Heather:female",test
f50c8615-14d8-46fe-a57b-df7126a9b208,"('Michael', 'Stephen')",father,brother-son-grandfather,"['brother', 'son', 'grandfather']","Michael:male,Norman:male,Max:male,Stephen:male,Kristin:female,Marie:female",test
e06da129-7e62-45fa-98df-4803bf7afe00,"('Patricia', 'Maida')",mother-in-law,husband-son-grandmother,"['husband', 'son', 'grandmother']","Patricia:female,Norman:male,Max:male,Maida:female,Kimberly:female,Eleanor:female",test
d75e4c4a-7b52-4af6-9859-b7e97648b4ac,"('Maida', 'Kristin')",daughter,daughter-daughter-aunt,"['daughter', 'daughter', 'aunt']","Maida:female,Eleanor:female,Arlene:female,Kristin:female,Rebecca:female,Liana:female",test
a8fa26b7-fdae-402d-9870-95d8ba42a3f6,"('Michael', 'Maida')",mother,daughter-mother-mother,"['daughter', 'mother', 'mother']","Michael:male,Crystal:female,Rebecca:female,Maida:female,Chris:male,Troy:male",test
e0d3cee5-9966-4ed8-9b91-baef2445addc,"('Jerry', 'Maida')",mother,son-aunt-mother,"['son', 'aunt', 'mother']","Jerry:male,Charles:male,Eleanor:female,Maida:female,Norman:male,Crystal:female",test
826d3afc-905b-4497-8fa5-278e8bd32db5,"('Eleanor', 'Maida')",mother,husband-son-grandmother,"['husband', 'son', 'grandmother']","Eleanor:female,Chris:male,Troy:male,Maida:female,Stephen:male,Crystal:female",test
bebf2fbb-bc77-4c29-9b3c-34d236a662e3,"('Michael', 'Maida')",mother,daughter-mother-mother,"['daughter', 'mother', 'mother']","Michael:male,Crystal:female,Rebecca:female,Maida:female,Eleanor:female,Henriette:female",test
6d5aecb6-6cdf-432e-978a-76f1a4308616,"('Patricia', 'Stephen')",father,brother-son-grandfather,"['brother', 'son', 'grandfather']","Patricia:female,Chris:male,Craig:male,Stephen:male,Roberta:female,Max:male",test
6741bdd9-3435-43d5-8e02-a237d6081102,"('Kyle', 'Lisa')",granddaughter,granddaughter-sister,"['granddaughter', 'sister']","Kyle:male,Serena:female,Lisa:female,Marlene:female",test
4955a588-fdd6-4d85-b8df-3a201fdd1a8f,"('Maida', 'Troy')",grandson,husband-daughter-son,"['husband', 'daughter', 'son']","Maida:female,Stephen:male,Eleanor:female,Troy:male,Kristin:female,Henriette:female",test
f31e249c-3ef0-4bc4-8bbc-71fe1e1822ad,"('Frankie', 'Antonia')",granddaughter,wife-grandson-sister,"['wife', 'grandson', 'sister']","Frankie:male,Carla:female,Roger:male,Antonia:female,Lane:male",test
b6d819d1-48bf-4536-ae53-5e713636f5b1,"('Joseph', 'Carla')",mother,son-mother-mother,"['son', 'mother', 'mother']","Joseph:male,George:male,Debra:female,Carla:female,Laura:female",test
1ebce987-a563-43c4-9676-4b78381e0385,"('Debra', 'Carla')",mother,sister-son-grandmother,"['sister', 'son', 'grandmother']","Debra:female,Leslie:female,Jerry:male,Carla:female,David:male",test
f0d56f10-57ad-4259-b54d-e19d81abbdec,"('Peter', 'Frankie')",father,daughter-uncle-father,"['daughter', 'uncle', 'father']","Peter:male,June:female,David:male,Frankie:male,Linda:female",test
f93e85ed-dfe3-4f84-b1f5-6d1c574a444c,"('Peter', 'Carla')",mother,son-mother-mother,"['son', 'mother', 'mother']","Peter:male,Shane:male,Leslie:female,Carla:female,Jerry:male",test
41a15983-3fde-4046-b265-8602f6957cb5,"('Carla', 'Autumn')",granddaughter,husband-daughter-daughter,"['husband', 'daughter', 'daughter']","Carla:female,Frankie:male,Peggy:female,Autumn:female,Leslie:female",test
e151b7a7-111f-4e72-8a2d-800b7a8ac99a,"('Laura', 'Frankie')",father,daughter-uncle-father,"['daughter', 'uncle', 'father']","Laura:female,Kathryn:female,Joseph:male,Frankie:male,Bryan:male",test
c85c620c-5e5e-41ef-b14a-e7275b95e8b0,"('Peter', 'Frankie')",father,daughter-mother-father,"['daughter', 'mother', 'father']","Peter:male,Joann:female,Leslie:female,Frankie:male,Shane:male",test
8827197d-9585-4ec6-8c9d-8ecbeb9ab70f,"('Laura', 'Carla')",mother,sister-son-grandmother,"['sister', 'son', 'grandmother']","Laura:female,Leslie:female,Matthew:male,Carla:female,Shane:male",test
9748a3ba-f68d-470d-80ff-bf574b0ae62e,"('Frankie', 'Juanita')",granddaughter,wife-grandson-sister,"['wife', 'grandson', 'sister']","Frankie:male,Carla:female,Brian:male,Juanita:female,Laura:female",test
19c3387b-91de-4446-8c21-e5c6450ca2b7,"('Peter', 'Frankie')",father,son-mother-father,"['son', 'mother', 'father']","Peter:male,Shane:male,Leslie:female,Frankie:male,Debra:female",test
9e051c8f-992c-4b1b-8ee3-8c13204da18e,"('Peter', 'Carla')",mother,son-mother-mother,"['son', 'mother', 'mother']","Peter:male,Matthew:male,Leslie:female,Carla:female,Angelina:female",test
6623e86a-8cc0-4482-acae-607d29b8497b,"('Joseph', 'Frankie')",father,daughter-mother-father,"['daughter', 'mother', 'father']","Joseph:male,Michele:female,Debra:female,Frankie:male,Mary:female",test
aad39a07-c020-41ff-b50b-d6fde27e2bab,"('Peter', 'Frankie')",father,son-mother-father,"['son', 'mother', 'father']","Peter:male,Matthew:male,Leslie:female,Frankie:male,Joann:female",test
3b67f65f-17e9-4383-b22f-1fcbe251ec9f,"('Peter', 'Frankie')",father,daughter-uncle-father,"['daughter', 'uncle', 'father']","Peter:male,Joann:female,Joseph:male,Frankie:male,Leslie:female",test
ce448423-ed4f-4c83-aeed-22d964399edf,"('Carla', 'Robin')",granddaughter,husband-daughter-daughter,"['husband', 'daughter', 'daughter']","Carla:female,Frankie:male,Laura:female,Robin:female,David:male",test
6c99532a-8630-41ee-9b93-2836c6142619,"('Joseph', 'Carla')",mother,sister-son-grandmother,"['sister', 'son', 'grandmother']","Joseph:male,Leslie:female,Lawrence:male,Carla:female,Angelina:female",test
f073cfcd-f21e-4245-90c5-8006ce00ba0a,"('Frankie', 'Mary')",granddaughter,wife-grandson-sister,"['wife', 'grandson', 'sister']","Frankie:male,Carla:female,Paul:male,Mary:female,Earl:male",test
c361783f-d7c9-4135-84fa-e22417c884a8,"('Joseph', 'Carla')",mother,son-mother-mother,"['son', 'mother', 'mother']","Joseph:male,Earl:male,Debra:female,Carla:female,Peggy:female",test
cebaff0d-09c3-4daf-8f9c-f826924345f0,"('Peter', 'Frankie')",father,daughter-mother-father,"['daughter', 'mother', 'father']","Peter:male,Joann:female,Leslie:female,Frankie:male,June:female",test
32daac4f-bc49-441e-9864-95131c035680,"('Peter', 'Frankie')",father,son-mother-father,"['son', 'mother', 'father']","Peter:male,Lawrence:male,Leslie:female,Frankie:male,Jerry:male",test
6e778508-2826-40b1-91b9-c9ee267e12a8,"('Joseph', 'Frankie')",father,son-mother-father,"['son', 'mother', 'father']","Joseph:male,George:male,Debra:female,Frankie:male,Sandra:female",test
7624ee79-480d-4b31-bd3c-4ac0299cec23,"('Peter', 'Frankie')",father,daughter-mother-father,"['daughter', 'mother', 'father']","Peter:male,Frances:female,Leslie:female,Frankie:male,Angelina:female",test
57c5b278-b93d-4b5f-a943-c306aaa49891,"('Peter', 'Frankie')",father,son-mother-father,"['son', 'mother', 'father']","Peter:male,Jerry:male,Leslie:female,Frankie:male,Peggy:female",test
4b893b81-1286-4f5a-8349-11d40e8fa583,"('Joseph', 'Frankie')",father,daughter-mother-father,"['daughter', 'mother', 'father']","Joseph:male,Mary:female,Debra:female,Frankie:male,Earl:male",test
b08c5af6-3cbe-4e5c-a6d9-c41cb6835a30,"('Frankie', 'Robin')",granddaughter,wife-grandson-sister,"['wife', 'grandson', 'sister']","Frankie:male,Carla:female,Bryan:male,Robin:female,Kathryn:female",test
e5146757-6aac-4b5e-a5a7-6dca41099026,"('Peggy', 'Carla')",mother,sister-son-grandmother,"['sister', 'son', 'grandmother']","Peggy:female,Debra:female,George:male,Carla:female,Earl:male",test
db7915ab-63f9-49bb-9ea3-bf366938febd,"('Carla', 'Joann')",granddaughter,husband-daughter-daughter,"['husband', 'daughter', 'daughter']","Carla:female,Frankie:male,Leslie:female,Joann:female,Laura:female",test
dda0c1a3-de59-42a5-bb08-45a807d75445,"('David', 'Frankie')",father,daughter-uncle-father,"['daughter', 'uncle', 'father']","David:male,Juanita:female,Peter:male,Frankie:male,Joseph:male",test
0390a6ca-f20c-4f98-a85b-2ce61603e114,"('Peter', 'Frankie')",father,daughter-uncle-father,"['daughter', 'uncle', 'father']","Peter:male,Angelina:female,David:male,Frankie:male,Linda:female",test
cb1e8ce2-07fd-40c2-b2e6-7ea0eea4b8b5,"('Frankie', 'Juanita')",granddaughter,wife-grandson-sister,"['wife', 'grandson', 'sister']","Frankie:male,Carla:female,Timothy:male,Juanita:female,Brian:male",test
5b254647-5043-4da0-b58f-5c43ef165347,"('Maida', 'Rebecca')",daughter,daughter-daughter-aunt,"['daughter', 'daughter', 'aunt']","Maida:female,Eleanor:female,Henriette:female,Rebecca:female,Liana:female,Marie:female",test
0d04d7c2-a0af-4ca5-8419-ad305f03d00e,"('Jerry', 'Maida')",mother,daughter-mother-mother,"['daughter', 'mother', 'mother']","Jerry:male,Liana:female,Kristin:female,Maida:female,Stephen:male,Johnny:male",test
7a16641a-1ba2-4a2f-bec7-0b21845e3c3e,"('Cruz', 'Aurora')",daughter,wife-daughter,"['wife', 'daughter']","Cruz:male,Mona:female,Aurora:female,Colin:male,Linda:female",test
d798e2ec-bd07-45c3-81f9-6873bda73c98,"('Kathryn', 'Shawn')",son,husband-son,"['husband', 'son']","Kathryn:female,Timothy:male,Shawn:male,Denise:female,Kathleen:female",test
7ed53dba-896b-4694-8194-df5a98a97f13,"('Timothy', 'Henrietta')",daughter,wife-daughter,"['wife', 'daughter']","Timothy:male,Kathryn:female,Henrietta:female,Robert:male,William:male",test
61a130bf-3086-4a71-9f30-18165beebf3d,"('Robert', 'Amelia')",daughter,wife-daughter,"['wife', 'daughter']","Robert:male,Kathleen:female,Amelia:female,Cruz:male,James:male",test
b6296567-6cdd-46e4-8faa-3c3b49953f63,"('Kathryn', 'John')",son,husband-son,"['husband', 'son']","Kathryn:female,Timothy:male,John:male,Denise:female,Kathleen:female",test
0b727fcf-cb22-447b-9126-2011b7953be8,"('Mona', 'Robert')",son,husband-son,"['husband', 'son']","Mona:female,Cruz:male,Robert:male,Aurora:female,Michael:male",test
00f7cac2-ec79-4831-923f-f3beaf991791,"('Timothy', 'Henrietta')",daughter,wife-daughter,"['wife', 'daughter']","Timothy:male,Kathryn:female,Henrietta:female,Colin:male,Kathleen:female",test
109ac2d0-d5ca-4448-8a75-490dea3a022a,"('Cruz', 'Aurora')",daughter,wife-daughter,"['wife', 'daughter']","Cruz:male,Mona:female,Aurora:female,Colin:male,Stephan:male",test
6d829e10-4f2c-4403-93a6-99c274e5cc04,"('Mona', 'Robert')",son,husband-son,"['husband', 'son']","Mona:female,Cruz:male,Robert:male,Lindsay:female,Timothy:male",test
0794ef45-cc44-4ecd-8598-0c454614d4b0,"('Debra', 'Jean')",daughter,daughter-daughter-aunt,"['daughter', 'daughter', 'aunt']","Debra:female,Diana:female,Nicole:female,Jean:female,Rita:female",test
01640a34-ea92-4ceb-b276-54f7d7cd86b3,"('Debra', 'Pedro')",grandson,husband-daughter-son,"['husband', 'daughter', 'son']","Debra:female,Stuart:male,Amanda:female,Pedro:male,Pablo:male",test
9329ffed-614a-4fbf-94e9-8a19d2b49144,"('William', 'Stuart')",father,brother-son-grandfather,"['brother', 'son', 'grandfather']","William:male,Robert:male,Tim:male,Stuart:male,Ray:male",test
f32217ab-fd44-4121-8223-6a8c9c3495c6,"('Mona', 'Robert')",son,husband-son,"['husband', 'son']","Mona:female,Cruz:male,Robert:male,Kathryn:female,Colin:male",test
89df5f6d-ffdf-4688-852d-2bf87e0da9d0,"('William', 'Debra')",mother,daughter-mother-mother,"['daughter', 'mother', 'mother']","William:male,Nicole:female,Diana:female,Debra:female,David:male",test
78c45bd7-2ca9-4437-9d81-7aa8a777e6db,"('Robert', 'Stuart')",father,son-mother-father,"['son', 'mother', 'father']","Robert:male,Ray:male,Sharon:female,Stuart:male,Dora:female",test
8bb5ec08-e87b-4c0e-a309-f5ed17e1cff3,"('Jean', 'Debra')",mother-in-law,husband-son-grandmother,"['husband', 'son', 'grandmother']","Jean:female,David:male,Ronald:male,Debra:female,Elizabeth:female",test
d19195f3-2a22-483a-b36f-8572c3c4ed61,"('Debra', 'Ronald')",grandson,husband-daughter-son,"['husband', 'daughter', 'son']","Debra:female,Stuart:male,Jean:female,Ronald:male,Robert:male",test
66913fcc-ae4a-4a61-b2b5-f85fe3024a84,"('Sharon', 'Stuart')",father,brother-son-grandfather,"['brother', 'son', 'grandfather']","Sharon:female,Pablo:male,Ryan:male,Stuart:male,Phuong:female",test
6af80ce2-20f0-4da0-a79e-c22ff18464f9,"('Debra', 'Diana')",daughter,daughter-daughter-aunt,"['daughter', 'daughter', 'aunt']","Debra:female,Jean:female,Deanna:female,Diana:female,Pablo:male",test
093b361a-8bd8-4963-ba73-cfa695046ded,"('Amanda', 'Debra')",mother-in-law,husband-son-grandmother,"['husband', 'son', 'grandmother']","Amanda:female,Pablo:male,Ryan:male,Debra:female,Phuong:female",test
58a88d16-46d5-4a61-9a64-9ef637770dac,"('Robert', 'Debra')",mother,daughter-mother-mother,"['daughter', 'mother', 'mother']","Robert:male,Tracy:female,Sharon:female,Debra:female,Phyllis:female",test
a69cd68d-59fa-41e1-8969-ba9d4089f442,"('David', 'Stuart')",father,son-mother-father,"['son', 'mother', 'father']","David:male,Merlin:male,Jean:female,Stuart:male,Ronald:male",test
cef6e2b1-5b37-4648-a86a-624491d6a559,"('David', 'Debra')",mother,son-aunt-mother,"['son', 'aunt', 'mother']","David:male,Merlin:male,Diana:female,Debra:female,June:female",test
a7ad8266-6a31-4b93-8bed-4ba96a64f639,"('Stuart', 'Jean')",daughter,daughter-daughter-aunt,"['daughter', 'daughter', 'aunt']","Stuart:male,Amanda:female,Patria:female,Jean:female,Robert:male",test
02d5b91e-b180-4a6e-9c4e-cdf28f72496f,"('Jean', 'Stuart')",father,brother-son-grandfather,"['brother', 'son', 'grandfather']","Jean:female,Robert:male,Ray:male,Stuart:male,Diana:female",test
1c02a5a2-8619-488e-a46f-3a0907784837,"('Debra', 'Joseph')",grandson,husband-daughter-son,"['husband', 'daughter', 'son']","Debra:female,Stuart:male,Amanda:female,Joseph:male,William:male",test
2790b6a6-6127-4eb8-9c97-0a67800cb803,"('Sharon', 'Debra')",mother,son-aunt-mother,"['son', 'aunt', 'mother']","Sharon:female,Ray:male,Diana:female,Debra:female,Roy:male",test
a66f63e8-8e81-4e9c-9c7a-8301793bd116,"('Rebecca', 'Maida')",mother,husband-son-grandmother,"['husband', 'son', 'grandmother']","Rebecca:female,Michael:male,David:male,Maida:female,Heather:female,Troy:male",test
5eabd0e5-b9be-415b-bfcf-d0e6f85aa18f,"('Michael', 'Stephen')",father,brother-son-grandfather,"['brother', 'son', 'grandfather']","Michael:male,Jerry:male,Daniel:male,Stephen:male,Patricia:female,Norman:male",test
21c325a2-7e6c-4624-a70b-dd6f2f6d6fd7,"('Maida', 'Daniel')",grandson,husband-daughter-son,"['husband', 'daughter', 'son']","Maida:female,Stephen:male,Kristin:female,Daniel:male,Johnny:male,Kimberly:female",test
f0efd858-7541-4c9f-b558-a41adfd31dc0,"('Michael', 'Stephen')",father,son-mother-father,"['son', 'mother', 'father']","Michael:male,James:male,Rebecca:female,Stephen:male,Chris:male,Lisa:female",test
175614db-1749-4e04-a56f-665da9583135,"('Maida', 'Willie')",grandson,husband-daughter-son,"['husband', 'daughter', 'son']","Maida:female,Stephen:male,Kristin:female,Willie:male,Chris:male,Lee:female",test
f487b1d5-ef57-40f0-8553-10a18754d961,"('Kristin', 'Maida')",mother-in-law,husband-son-grandmother,"['husband', 'son', 'grandmother']","Kristin:female,Jerry:male,Daniel:male,Maida:female,Eleanor:female,Marie:female",test
ea908d32-5603-4c2a-9d85-5676eb31a8ba,"('Maida', 'Troy')",grandson,husband-daughter-son,"['husband', 'daughter', 'son']","Maida:female,Stephen:male,Eleanor:female,Troy:male,Patricia:female,Norman:male",test
09c139b7-0a35-4dd0-9ff0-ab4e61a69a6d,"('Michael', 'Stephen')",father,son-mother-father,"['son', 'mother', 'father']","Michael:male,David:male,Rebecca:female,Stephen:male,Patricia:female,Justin:male",test
75b9ef73-9d10-4fb0-a6b1-08134f7a6302,"('Patricia', 'Stephen')",father,brother-son-grandfather,"['brother', 'son', 'grandfather']","Patricia:female,Chris:male,Mitchell:male,Stephen:male,Juan:male,Heather:female",test
cf358601-25e6-4678-aaef-bfb986b920d7,"('Patricia', 'Maida')",mother,son-aunt-mother,"['son', 'aunt', 'mother']","Patricia:female,Justin:male,Rebecca:female,Maida:female,Jerry:male,Daniel:male",test
bce0c477-c102-4258-91e3-d26236d6e036,"('Maida', 'Patricia')",daughter,daughter-daughter-aunt,"['daughter', 'daughter', 'aunt']","Maida:female,Eleanor:female,Heather:female,Patricia:female,Kristin:female,Michael:male",test
3345c089-f06b-49ac-ad87-ccd314e1dbd4,"('Chris', 'Maida')",mother,daughter-mother-mother,"['daughter', 'mother', 'mother']","Chris:male,Heather:female,Eleanor:female,Maida:female,Patricia:female,Maura:female",test
05d6cabe-2dad-41e9-9139-40af243fc5dd,"('Chris', 'Stephen')",father,son-mother-father,"['son', 'mother', 'father']","Chris:male,Juan:male,Eleanor:female,Stephen:male,Marie:female,Daniel:male",test
6023e34e-2973-4f2b-9a50-61ef92ecb54a,"('Rebecca', 'Maida')",mother,husband-son-grandmother,"['husband', 'son', 'grandmother']","Rebecca:female,Michael:male,David:male,Maida:female,Chris:male,Craig:male",test
2c67cd60-ce9b-474e-8b86-6dfb8599dba6,"('Patricia', 'Stephen')",father,brother-son-grandfather,"['brother', 'son', 'grandfather']","Patricia:female,Jerry:male,Daniel:male,Stephen:male,Justin:male,Mildred:female",test
8a9676a1-d3d7-480f-bf48-2bb74295e904,"('Maida', 'Craig')",grandson,husband-daughter-son,"['husband', 'daughter', 'son']","Maida:female,Stephen:male,Eleanor:female,Craig:male,Kristin:female,Chris:male",test
164caf7e-578c-4f5f-8cb2-18bf87fbed91,"('Patricia', 'Maida')",mother,son-aunt-mother,"['son', 'aunt', 'mother']","Patricia:female,Justin:male,Kristin:female,Maida:female,Eleanor:female,Mitchell:male",test
45fff7b3-cdbf-4c55-ad49-c10c74babf49,"('Eleanor', 'Maida')",mother,husband-son-grandmother,"['husband', 'son', 'grandmother']","Eleanor:female,Chris:male,Juan:male,Maida:female,Kristin:female,Wayne:male",test
a3ca4d50-5c05-4e17-ab42-24fec93c57ce,"('Stephen', 'Eleanor')",daughter,daughter-daughter-aunt,"['daughter', 'daughter', 'aunt']","Stephen:male,Rebecca:female,Jamie:female,Eleanor:female,Jerry:male,Craig:male",test
26113741-8cd0-4d89-a70a-cd73d3be748f,"('Chris', 'Stephen')",father,brother-son-grandfather,"['brother', 'son', 'grandfather']","Chris:male,Norman:male,Robert:male,Stephen:male,Crystal:female,David:male",test
a0fe006b-fdbc-4c2b-876d-5a5f6aab1f09,"('Patricia', 'Maida')",mother-in-law,husband-son-grandmother,"['husband', 'son', 'grandmother']","Patricia:female,Norman:male,Robert:male,Maida:female,Eleanor:female,Rebecca:female",test
e4db0fc4-51e3-45c4-b326-33ada6cca6f6,"('Chris', 'Maida')",mother,daughter-mother-mother,"['daughter', 'mother', 'mother']","Chris:male,Lauren:female,Eleanor:female,Maida:female,Rebecca:female,Numbers:male",test
afe0c3d8-2528-4a07-ac6b-3119a74706bb,"('Maida', 'Juan')",grandson,husband-daughter-son,"['husband', 'daughter', 'son']","Maida:female,Stephen:male,Eleanor:female,Juan:male,Norman:male,Justin:male",test
ec3ebfb1-20a1-4f40-9a8d-a7ef74177998,"('Stephen', 'Eleanor')",daughter,daughter-daughter-aunt,"['daughter', 'daughter', 'aunt']","Stephen:male,Rebecca:female,Jamie:female,Eleanor:female,Max:male,Chris:male",test
b8a14d87-0e61-4004-a5fc-3f7b002c9dd1,"('Chris', 'Maida')",mother,son-aunt-mother,"['son', 'aunt', 'mother']","Chris:male,Juan:male,Patricia:female,Maida:female,Rebecca:female,John:male",test
49d3c6c2-af86-42ed-8525-82333971d21a,"('Jerry', 'Maida')",mother,daughter-mother-mother,"['daughter', 'mother', 'mother']","Jerry:male,Harriett:female,Kristin:female,Maida:female,Heather:female,Craig:male",test
06caba3e-c0da-4c7f-a77c-e469762157b0,"('Chris', 'Stephen')",father,son-mother-father,"['son', 'mother', 'father']","Chris:male,Troy:male,Eleanor:female,Stephen:male,Jerry:male,Wayne:male",test
8242e67e-91de-4b64-9032-ff884c253b4d,"('Patricia', 'Stephen')",father,brother-son-grandfather,"['brother', 'son', 'grandfather']","Patricia:female,Jerry:male,Wayne:male,Stephen:male,Lisa:female,Rebecca:female",test
31803bbc-ae03-4eab-803b-366246e8e585,"('Patricia', 'Maida')",mother,husband-son-grandmother,"['husband', 'son', 'grandmother']","Patricia:female,Norman:male,Justin:male,Maida:female,Willie:male,Rebecca:female",test
77e3f76f-51f6-4374-aa82-9d770e0761a8,"('Patricia', 'Maida')",mother,son-aunt-mother,"['son', 'aunt', 'mother']","Patricia:female,Johnny:male,Kristin:female,Maida:female,Roberta:female,Max:male",test
9b55ed84-2207-48c3-8370-29749c6ac614,"('Maida', 'Eleanor')",daughter,daughter-daughter-aunt,"['daughter', 'daughter', 'aunt']","Maida:female,Rebecca:female,Lee:female,Eleanor:female,Wayne:male,Daniel:male",test
b0f5904d-4391-465e-a414-33c262248ec1,"('Maida', 'Patricia')",daughter,daughter-daughter-aunt,"['daughter', 'daughter', 'aunt']","Maida:female,Rebecca:female,Lee:female,Patricia:female,Eleanor:female,Heather:female",test
3dde8288-7ab4-452b-b70c-12eca0b82cb4,"('Scott', 'Donna')",granddaughter,wife-grandson-sister,"['wife', 'grandson', 'sister']","Scott:male,Latisha:female,Tom:male,Donna:female",test
3ccf18a8-04d6-4030-b797-7788a7df35b6,"('Latisha', 'Vanessa')",granddaughter,husband-daughter-daughter,"['husband', 'daughter', 'daughter']","Latisha:female,Scott:male,Alma:female,Vanessa:female",test
22219a4e-cab9-424a-8634-e730af66d290,"('Helen', 'Latisha')",mother,sister-son-grandmother,"['sister', 'son', 'grandmother']","Helen:female,Alma:female,Andy:male,Latisha:female",test
98125a02-838f-4572-b69c-d0cefac41f30,"('Mary', 'Herman')",son,husband-son,"['husband', 'son']","Mary:female,Roy:male,Herman:male",test
b254b553-d259-4e8b-b417-2f65bcac6f5b,"('John', 'Latisha')",mother,son-mother-mother,"['son', 'mother', 'mother']","John:male,Allan:male,Katherine:female,Latisha:female",test
8ce46b1e-9bff-4325-8b4a-fb0203c98cc9,"('Rich', 'Scott')",father,daughter-uncle-father,"['daughter', 'uncle', 'father']","Rich:male,Glenda:female,Matthew:male,Scott:male",test
166f31d0-3081-47ae-bf0f-3f3344cadba1,"('Scott', 'Vanessa')",granddaughter,wife-grandson-sister,"['wife', 'grandson', 'sister']","Scott:male,Latisha:female,Billy:male,Vanessa:female",test
06338726-d031-46e5-aa5d-ca9681310edd,"('Matthew', 'Latisha')",mother,son-mother-mother,"['son', 'mother', 'mother']","Matthew:male,Billy:male,Alma:female,Latisha:female",test
5b950885-b301-46b0-b1e7-34c9ebe7d8b0,"('Peter', 'Frankie')",father,daughter-uncle-father,"['daughter', 'uncle', 'father']","Peter:male,Joann:female,David:male,Frankie:male,Joseph:male",test
a6817f32-6fad-4715-9488-578d49302588,"('Lane', 'Carla')",mother,sister-son-grandmother,"['sister', 'son', 'grandmother']","Lane:male,Laura:female,Timothy:male,Carla:female,Debra:female",test
c95e9d15-01b9-43c3-9786-77672492daf9,"('Peter', 'Frankie')",father,son-mother-father,"['son', 'mother', 'father']","Peter:male,Jerry:male,Leslie:female,Frankie:male,Angelina:female",test
f8254b58-4513-4f35-84c0-3c64d3da41c4,"('David', 'Carla')",mother,son-mother-mother,"['son', 'mother', 'mother']","David:male,Brian:male,Laura:female,Carla:female,Linda:female",test
de2c0903-eeb7-42d3-9191-8a9687801897,"('David', 'Frankie')",father,daughter-mother-father,"['daughter', 'mother', 'father']","David:male,Linda:female,Laura:female,Frankie:male,Joseph:male",test
9f7d7910-56c4-4c3d-a871-b1bef7b38445,"('Peggy', 'Carla')",mother,sister-son-grandmother,"['sister', 'son', 'grandmother']","Peggy:female,Debra:female,Paul:male,Carla:female,George:male",test
4c42a03b-5dcd-43d1-9a13-88babaeb1fcc,"('Frankie', 'Marina')",granddaughter,wife-grandson-sister,"['wife', 'grandson', 'sister']","Frankie:male,Carla:female,John:male,Marina:female,Autumn:female",test
46f1c759-e15e-4719-88ea-a04976767b0d,"('Debra', 'Frankie')",father,daughter-uncle-father,"['daughter', 'uncle', 'father']","Debra:female,Mary:female,David:male,Frankie:male,Robin:female",test
b794d0bf-8512-42d5-9846-9aaa0d1bbebe,"('Carla', 'Marina')",granddaughter,husband-daughter-daughter,"['husband', 'daughter', 'daughter']","Carla:female,Frankie:male,Peggy:female,Marina:female,Lane:male",test
8fd4c0fa-78fd-4ab7-95ec-b685abe74ec4,"('Leslie', 'Frankie')",father,daughter-uncle-father,"['daughter', 'uncle', 'father']","Leslie:female,Joann:female,David:male,Frankie:male,Matthew:male",test
8b9d57dd-72a8-4f70-bb80-3da271ea2f27,"('Joseph', 'Carla')",mother,son-mother-mother,"['son', 'mother', 'mother']","Joseph:male,George:male,Debra:female,Carla:female,Leslie:female",test
cb1d270f-bf6f-4eb8-9aba-79f912c8df30,"('Frankie', 'Frances')",granddaughter,wife-grandson-sister,"['wife', 'grandson', 'sister']","Frankie:male,Carla:female,Matthew:male,Frances:female,Peter:male",test
dff2c3b4-4765-4c7a-a202-861c92661610,"('Frankie', 'Linda')",granddaughter,wife-grandson-sister,"['wife', 'grandson', 'sister']","Frankie:male,Carla:female,Timothy:male,Linda:female,Brian:male",test
3079f7d1-90c4-4134-9f7b-eed2ad1797b7,"('Peter', 'Frankie')",father,daughter-mother-father,"['daughter', 'mother', 'father']","Peter:male,Frances:female,Leslie:female,Frankie:male,Joann:female",test
9724890a-5131-44db-94c4-2b68c734aba8,"('David', 'Frankie')",father,son-mother-father,"['son', 'mother', 'father']","David:male,Travis:male,Laura:female,Frankie:male,Leslie:female",test
0085c4e0-526d-4994-b1cf-692b8d5e5ce4,"('Debra', 'Carla')",mother,sister-son-grandmother,"['sister', 'son', 'grandmother']","Debra:female,Peggy:female,Salvatore:male,Carla:female,Trista:female",test
fcb2e69a-476c-46f2-8401-2617912f9a8f,"('Joseph', 'Carla')",mother,son-mother-mother,"['son', 'mother', 'mother']","Joseph:male,George:male,Debra:female,Carla:female,Trista:female",test
20217a8a-7aab-42a3-a61a-b9ad34a42b38,"('Carla', 'Frances')",granddaughter,husband-daughter-daughter,"['husband', 'daughter', 'daughter']","Carla:female,Frankie:male,Leslie:female,Frances:female,Matthew:male",test
b4c7bff8-b27b-4ed7-a926-31335078ac4c,"('David', 'Carla')",mother,sister-son-grandmother,"['sister', 'son', 'grandmother']","David:male,Leslie:female,Matthew:male,Carla:female,Debra:female",test
23cd1842-de97-4c60-a852-4e1bee9ba88a,"('David', 'Frankie')",father,daughter-uncle-father,"['daughter', 'uncle', 'father']","David:male,Robin:female,Peter:male,Frankie:male,Laura:female",test
a6ff6e77-0d61-4bd4-bbe2-766cd59dc5fb,"('Joseph', 'Frankie')",father,daughter-mother-father,"['daughter', 'mother', 'father']","Joseph:male,Trista:female,Debra:female,Frankie:male,George:male",test
3f3c136c-c739-49f4-a016-0ba877efe83c,"('Frankie', 'Antonia')",granddaughter,wife-grandson-sister,"['wife', 'grandson', 'sister']","Frankie:male,Carla:female,Salvatore:male,Antonia:female,Peggy:female",test
942ea7d5-9f68-43a9-b7c0-05021e975353,"('Mary', 'Martha')",daughter,husband-daughter,"['husband', 'daughter']","Mary:female,Roy:male,Martha:female",test
7b7937ae-14bb-456d-acc1-7bccf62bbbee,"('Joseph', 'Frankie')",father,son-mother-father,"['son', 'mother', 'father']","Joseph:male,Paul:male,Debra:female,Frankie:male,Sandra:female",test
2ea8ac37-f424-4e33-bbe4-e480f01c9f09,"('Mary', 'Jacob')",son,husband-son,"['husband', 'son']","Mary:female,Roy:male,Jacob:male",test
4f1a1179-df35-41df-882c-41ab6e1786a7,"('Mary', 'Ernest')",son,husband-son,"['husband', 'son']","Mary:female,Roy:male,Ernest:male",test
5b6273b5-73a6-49d5-96f8-1c7278c6e663,"('Mary', 'Herman')",son,husband-son,"['husband', 'son']","Mary:female,Roy:male,Herman:male",test
ab6a79f5-9479-44aa-8fa1-067ea0ae7580,"('Mary', 'Martha')",daughter,husband-daughter,"['husband', 'daughter']","Mary:female,Roy:male,Martha:female",test
4ea2bb76-e71e-454d-8bde-8bf12b7c2d5f,"('Lois', 'Arthur')",son,husband-son,"['husband', 'son']","Lois:female,Herman:male,Arthur:male",test
4ea6cc7f-adf5-4b09-9f65-4804925840cd,"('Lois', 'Suanne')",daughter,husband-daughter,"['husband', 'daughter']","Lois:female,Herman:male,Suanne:female",test
fefeeb7c-775b-4812-a67e-a10a833ea17a,"('Mary', 'Martha')",daughter,husband-daughter,"['husband', 'daughter']","Mary:female,Roy:male,Martha:female",test
75559134-2c92-46bc-937d-25b0311dcfaa,"('Latisha', 'Claudia')",granddaughter,husband-daughter-daughter,"['husband', 'daughter', 'daughter']","Latisha:female,Scott:male,Alma:female,Claudia:female",test
d4ba0594-1915-4721-8f58-c5d54f39e1a6,"('John', 'Latisha')",mother,son-mother-mother,"['son', 'mother', 'mother']","John:male,Joshua:male,Katherine:female,Latisha:female",test
92bed98f-addc-4c78-8224-f8d8eda978d8,"('John', 'Scott')",father,daughter-mother-father,"['daughter', 'mother', 'father']","John:male,Loretta:female,Katherine:female,Scott:male",test
97af5fec-7cb8-49f7-9506-809a858e43bc,"('Michelle', 'Scott')",father,daughter-uncle-father,"['daughter', 'uncle', 'father']","Michelle:female,Clara:female,James:male,Scott:male",test
b6cf10ed-5cf1-48f9-b7da-d59290669df3,"('Alma', 'Latisha')",mother,sister-son-grandmother,"['sister', 'son', 'grandmother']","Alma:female,Katherine:female,Jose:male,Latisha:female",test
a9753424-161b-4ae9-9956-a33d4f4ccb75,"('John', 'Scott')",father,son-mother-father,"['son', 'mother', 'father']","John:male,Joshua:male,Katherine:female,Scott:male",test
449afa75-6ba0-43fb-8709-8e53f1179d4d,"('Latisha', 'Cheryl')",granddaughter,husband-daughter-daughter,"['husband', 'daughter', 'daughter']","Latisha:female,Scott:male,Michelle:female,Cheryl:female",test
c706f25b-8d2b-4fe2-924a-d345a637c942,"('Scott', 'Crystal')",granddaughter,wife-grandson-sister,"['wife', 'grandson', 'sister']","Scott:male,Latisha:female,Joseph:male,Crystal:female",test
b41e30a8-171f-49e6-ac48-5dcfab8d3356,"('John', 'Scott')",father,son-mother-father,"['son', 'mother', 'father']","John:male,Bret:male,Katherine:female,Scott:male",test
3c0366a2-1203-417a-9349-f97d1aab0752,"('John', 'Scott')",father,daughter-mother-father,"['daughter', 'mother', 'father']","John:male,Melissa:female,Katherine:female,Scott:male",test
2bfb9cc0-210f-45c5-9115-fe3ca35b3912,"('John', 'Scott')",father,daughter-mother-father,"['daughter', 'mother', 'father']","John:male,Tracy:female,Katherine:female,Scott:male",test
69c39af4-66d3-4e7a-b493-43595dc259ec,"('Rich', 'Latisha')",mother,son-mother-mother,"['son', 'mother', 'mother']","Rich:male,Harry:male,Michelle:female,Latisha:female",test
e45f02bf-9776-4791-bc99-eb396154c303,"('John', 'Latisha')",mother,son-mother-mother,"['son', 'mother', 'mother']","John:male,Jose:male,Katherine:female,Latisha:female",test
be28e14a-fef2-4819-a4cd-d701fc317282,"('Latisha', 'Cheryl')",granddaughter,husband-daughter-daughter,"['husband', 'daughter', 'daughter']","Latisha:female,Scott:male,Michelle:female,Cheryl:female",test
a22ba439-19f9-4cf0-b73a-fc109d47f029,"('Matthew', 'Scott')",father,daughter-uncle-father,"['daughter', 'uncle', 'father']","Matthew:male,Sandy:female,Rich:male,Scott:male",test
e2ae884c-27a3-4878-8a0e-b3180ebac552,"('Michelle', 'Latisha')",mother,sister-son-grandmother,"['sister', 'son', 'grandmother']","Michelle:female,Katherine:female,Jose:male,Latisha:female",test
a6a126a0-1106-4230-b17e-d93ca6a0769c,"('Rich', 'Scott')",father,daughter-uncle-father,"['daughter', 'uncle', 'father']","Rich:male,Donna:female,Matthew:male,Scott:male",test
61d39b72-76e5-4997-ac8c-4d27b9b28ba8,"('John', 'Scott')",father,son-mother-father,"['son', 'mother', 'father']","John:male,Bret:male,Katherine:female,Scott:male",test
9067d040-8f79-4e45-a999-7208a3e43ccd,"('Latisha', 'Sandy')",granddaughter,husband-daughter-daughter,"['husband', 'daughter', 'daughter']","Latisha:female,Scott:male,Alma:female,Sandy:female",test
44dd8297-c2fc-4176-8af6-4cf4640281c3,"('Scott', 'Cheryl')",granddaughter,wife-grandson-sister,"['wife', 'grandson', 'sister']","Scott:male,Latisha:female,Keith:male,Cheryl:female",test
8b9becf0-b8aa-4938-ae99-5e2d0b3b7488,"('Scott', 'Cheryl')",granddaughter,wife-grandson-sister,"['wife', 'grandson', 'sister']","Scott:male,Latisha:female,Dale:male,Cheryl:female",test
7fb0d800-16d8-44f4-b0e6-a8486b8c37f4,"('Michelle', 'Latisha')",mother,sister-son-grandmother,"['sister', 'son', 'grandmother']","Michelle:female,Katherine:female,Jose:male,Latisha:female",test
fd17f7bf-fa4e-4851-9cbc-dc4f66eca626,"('Mary', 'Lois')",daughter,husband-daughter,"['husband', 'daughter']","Mary:female,Roy:male,Lois:female",test
4840a32f-e104-4dcc-bd13-b1af2d37fe11,"('Peter', 'Frankie')",father,daughter-mother-father,"['daughter', 'mother', 'father']","Peter:male,Frances:female,Leslie:female,Frankie:male,Shane:male",test
3f0cd5de-a9e8-49ed-8b0c-11ea6580b771,"('Joseph', 'Carla')",mother,son-mother-mother,"['son', 'mother', 'mother']","Joseph:male,Earl:male,Debra:female,Carla:female,George:male",test
d4a527a6-3c4b-4706-a194-cb6a95e3b8f7,"('Leslie', 'Frankie')",father,daughter-uncle-father,"['daughter', 'uncle', 'father']","Leslie:female,Angelina:female,David:male,Frankie:male,Lawrence:male",test
b1497dbe-27c0-4cc0-aaea-dbe380e4a112,"('Billy', 'Mary')",mother,daughter-mother-mother,"['daughter', 'mother', 'mother']","Billy:male,Joyce:female,Helen:female,Mary:female",test
7fb77921-015b-4378-9b9e-60b50cdfd0c2,"('Peter', 'Frankie')",father,son-mother-father,"['son', 'mother', 'father']","Peter:male,Lawrence:male,Leslie:female,Frankie:male,Debra:female",test
763ca78f-ca2c-451f-9b60-2fd7ef94684e,"('Carla', 'Angelina')",granddaughter,husband-daughter-daughter,"['husband', 'daughter', 'daughter']","Carla:female,Frankie:male,Leslie:female,Angelina:female,Matthew:male",test
2d99f2a8-6164-41eb-9324-75b7b819c37f,"('Frankie', 'Linda')",granddaughter,wife-grandson-sister,"['wife', 'grandson', 'sister']","Frankie:male,Carla:female,Timothy:male,Linda:female,David:male",test
c7803f2c-56e5-4c7e-857d-f620ca533940,"('Debra', 'Carla')",mother,sister-son-grandmother,"['sister', 'son', 'grandmother']","Debra:female,Leslie:female,Lawrence:male,Carla:female,June:female",test
1f394c85-9f9d-43bb-b299-08b92f36494d,"('Carla', 'Juanita')",granddaughter,husband-daughter-daughter,"['husband', 'daughter', 'daughter']","Carla:female,Frankie:male,Laura:female,Juanita:female,Leslie:female",test
0dcfd4aa-cfcb-4177-905a-b04c78ff9a9f,"('Peter', 'Carla')",mother,son-mother-mother,"['son', 'mother', 'mother']","Peter:male,Lawrence:male,Leslie:female,Carla:female,Jerry:male",test
44129da2-a3d9-432b-9e13-4053581747b7,"('Latisha', 'Amalia')",granddaughter,husband-daughter-daughter,"['husband', 'daughter', 'daughter']","Latisha:female,Scott:male,Alma:female,Amalia:female",test
b95bd9fc-29cf-41ba-afab-7dae54870f8f,"('John', 'Latisha')",mother,son-mother-mother,"['son', 'mother', 'mother']","John:male,Allan:male,Katherine:female,Latisha:female",test
21e52065-ca65-4049-bdb7-edfbb1699b89,"('Rich', 'Latisha')",mother,sister-son-grandmother,"['sister', 'son', 'grandmother']","Rich:male,Katherine:female,Jose:male,Latisha:female",test
637ae4cb-79f3-4f2a-8e03-b32889be9cc2,"('Matthew', 'Scott')",father,daughter-mother-father,"['daughter', 'mother', 'father']","Matthew:male,Claudia:female,Alma:female,Scott:male",test
0886de1f-7d7d-4e45-a259-ffe42fc04fa7,"('Alma', 'Scott')",father,daughter-uncle-father,"['daughter', 'uncle', 'father']","Alma:female,Vanessa:female,Rich:male,Scott:male",test
8d420ed8-a374-430a-a886-afe5f99787ec,"('Latisha', 'Donna')",granddaughter,husband-daughter-daughter,"['husband', 'daughter', 'daughter']","Latisha:female,Scott:male,Michelle:female,Donna:female",test
f23d286b-c6a6-43b7-8840-6c21ef950807,"('John', 'Latisha')",mother,son-mother-mother,"['son', 'mother', 'mother']","John:male,Joshua:male,Katherine:female,Latisha:female",test
4e7c3a72-b1f5-418e-8af1-bd21d6f2b818,"('John', 'Scott')",father,son-mother-father,"['son', 'mother', 'father']","John:male,Joshua:male,Katherine:female,Scott:male",test
8cbf4816-e6f0-4d14-95c4-088d5b463ea9,"('Carla', 'Sandra')",granddaughter,husband-daughter-daughter,"['husband', 'daughter', 'daughter']","Carla:female,Frankie:male,Debra:female,Sandra:female,Joseph:male",test
949eee75-3e0d-4539-9971-b97f888fe637,"('Katherine', 'Latisha')",mother,sister-son-grandmother,"['sister', 'son', 'grandmother']","Katherine:female,Alma:female,Andy:male,Latisha:female",test
b18f1c5b-685a-4c94-b565-1745705ffe16,"('Rich', 'Scott')",father,daughter-mother-father,"['daughter', 'mother', 'father']","Rich:male,Cheryl:female,Michelle:female,Scott:male",test
828f4221-c61a-413a-be65-d653669ee3b0,"('Rich', 'Latisha')",mother,son-mother-mother,"['son', 'mother', 'mother']","Rich:male,Dale:male,Michelle:female,Latisha:female",test
e9337b78-125a-4998-8c3d-a565dabaca4e,"('John', 'Scott')",father,daughter-uncle-father,"['daughter', 'uncle', 'father']","John:male,Loretta:female,Matthew:male,Scott:male",test
3b553280-6848-4f15-b6e0-ccacef1ad3df,"('Rich', 'Latisha')",mother,sister-son-grandmother,"['sister', 'son', 'grandmother']","Rich:male,Katherine:female,Joshua:male,Latisha:female",test
b100e6ec-5c57-4a91-9534-71a2f315ee1f,"('John', 'Scott')",father,son-mother-father,"['son', 'mother', 'father']","John:male,Bret:male,Katherine:female,Scott:male",test
30ef94b0-d62f-4a5e-86c6-9e61ef413af3,"('Latisha', 'Amalia')",granddaughter,husband-daughter-daughter,"['husband', 'daughter', 'daughter']","Latisha:female,Scott:male,Alma:female,Amalia:female",test
389ebb13-345d-4b5e-9ca0-a380321cbbd4,"('Scott', 'Imelda')",granddaughter,wife-grandson-sister,"['wife', 'grandson', 'sister']","Scott:male,Latisha:female,Glenn:male,Imelda:female",test
b74b01be-3da6-40c9-853b-e9701a104f99,"('Matthew', 'Scott')",father,daughter-uncle-father,"['daughter', 'uncle', 'father']","Matthew:male,Amalia:female,John:male,Scott:male",test
d96905de-d25c-43f2-ba2f-8ba9dabcc4d4,"('Matthew', 'Scott')",father,daughter-mother-father,"['daughter', 'mother', 'father']","Matthew:male,Claudia:female,Alma:female,Scott:male",test
be43287b-a003-4832-a6c2-2bd18ff5c917,"('John', 'Scott')",father,son-mother-father,"['son', 'mother', 'father']","John:male,Joshua:male,Katherine:female,Scott:male",test
ec8b8380-fe28-4bb1-aafd-9f9566cab06d,"('David', 'Carla')",mother,sister-son-grandmother,"['sister', 'son', 'grandmother']","David:male,Leslie:female,Jerry:male,Carla:female,Lawrence:male",test
dad09122-5dab-48fc-ae8b-7c2b37e8cd77,"('David', 'Frankie')",father,son-mother-father,"['son', 'mother', 'father']","David:male,Brian:male,Laura:female,Frankie:male,Linda:female",test
30850189-58dc-4c2e-a12b-def1b8064517,"('David', 'Carla')",mother,sister-son-grandmother,"['sister', 'son', 'grandmother']","David:male,Leslie:female,Lawrence:male,Carla:female,Peter:male",test
f9d87878-4e43-415a-9b0c-f248167a172f,"('David', 'Carla')",mother,son-mother-mother,"['son', 'mother', 'mother']","David:male,Brian:male,Laura:female,Carla:female,Juanita:female",test
86b4be85-a739-470a-ad1e-4ae31502f961,"('Carla', 'Trista')",granddaughter,husband-daughter-daughter,"['husband', 'daughter', 'daughter']","Carla:female,Frankie:male,Debra:female,Trista:female,Peter:male",test
c322160d-647d-4cdc-b483-d2b0d02f5569,"('Joseph', 'Frankie')",father,daughter-mother-father,"['daughter', 'mother', 'father']","Joseph:male,Trista:female,Debra:female,Frankie:male,Michele:female",test
1eec3e25-4e45-447c-ab4f-cab0ffe86f59,"('Carla', 'Joann')",granddaughter,husband-daughter-daughter,"['husband', 'daughter', 'daughter']","Carla:female,Frankie:male,Leslie:female,Joann:female,Peter:male",test
3ca4adb7-9aa9-40d8-879c-a814794722dd,"('Joseph', 'Carla')",mother,son-mother-mother,"['son', 'mother', 'mother']","Joseph:male,George:male,Debra:female,Carla:female,Leslie:female",test
5f19c08a-6dec-4c41-b8c6-cfcf3080d051,"('Frankie', 'Sandra')",granddaughter,wife-grandson-sister,"['wife', 'grandson', 'sister']","Frankie:male,Carla:female,Jim:male,Sandra:female,Michele:female",test
24a22bf0-6e96-417e-9356-190541a2abd9,"('Laura', 'Carla')",mother,sister-son-grandmother,"['sister', 'son', 'grandmother']","Laura:female,Debra:female,Jim:male,Carla:female,Brian:male",test
46811030-b24e-4ba2-822a-ffa62e798102,"('Carla', 'Joann')",granddaughter,husband-daughter-daughter,"['husband', 'daughter', 'daughter']","Carla:female,Frankie:male,Leslie:female,Joann:female,Lawrence:male",test
a9770793-9c8e-491b-8421-4e1741262f98,"('Peter', 'Frankie')",father,son-mother-father,"['son', 'mother', 'father']","Peter:male,Lawrence:male,Leslie:female,Frankie:male,Jerry:male",test
edada604-3622-4f06-ac6a-994ae8036e9e,"('Joseph', 'Frankie')",father,daughter-mother-father,"['daughter', 'mother', 'father']","Joseph:male,Sandra:female,Debra:female,Frankie:male,Jim:male",test
6dc0ba2e-2aba-41b5-acae-2c306ecc1887,"('Peter', 'Carla')",mother,son-mother-mother,"['son', 'mother', 'mother']","Peter:male,Lawrence:male,Leslie:female,Carla:female,Jerry:male",test
6abaf9e5-4fa7-484d-925b-cee325476eef,"('Peter', 'Frankie')",father,daughter-mother-father,"['daughter', 'mother', 'father']","Peter:male,Angelina:female,Leslie:female,Frankie:male,Matthew:male",test
14d34fe2-0065-4ffe-8883-1d5794f18e4f,"('Leslie', 'Carla')",mother,sister-son-grandmother,"['sister', 'son', 'grandmother']","Leslie:female,Debra:female,Earl:male,Carla:female,Frances:female",test
69158733-e616-4b8d-a425-a7e405af9a3c,"('David', 'Frankie')",father,son-mother-father,"['son', 'mother', 'father']","David:male,Bryan:male,Laura:female,Frankie:male,Kathryn:female",test
343e9e60-c246-4934-a778-2575fc1351b4,"('Mary', 'Lois')",daughter,husband-daughter,"['husband', 'daughter']","Mary:female,Roy:male,Lois:female",test
203bd4fe-d007-4396-ba91-f76ad719f7f6,"('Frankie', 'Kathryn')",granddaughter,wife-grandson-sister,"['wife', 'grandson', 'sister']","Frankie:male,Carla:female,Bryan:male,Kathryn:female,Travis:male",test
aebbd10f-707a-49f3-af2a-f47ac232bce0,"('Carla', 'Marina')",granddaughter,husband-daughter-daughter,"['husband', 'daughter', 'daughter']","Carla:female,Frankie:male,Peggy:female,Marina:female,Flossie:female",test
81db0344-c8d7-465f-8ce2-6e5e7778f4e1,"('David', 'Frankie')",father,daughter-mother-father,"['daughter', 'mother', 'father']","David:male,Kathryn:female,Laura:female,Frankie:male,Robin:female",test
90741e02-a4e5-4dd7-9380-c5e3afc2f882,"('Peter', 'Carla')",mother,son-mother-mother,"['son', 'mother', 'mother']","Peter:male,Jerry:male,Leslie:female,Carla:female,Angelina:female",test
2a28a918-a6af-4f18-b522-761a92aa9545,"('Peter', 'Frankie')",father,son-mother-father,"['son', 'mother', 'father']","Peter:male,Shane:male,Leslie:female,Frankie:male,Jerry:male",test
d85ea92c-90a2-437a-bfe8-4a361bfa2443,"('Peggy', 'Frankie')",father,daughter-uncle-father,"['daughter', 'uncle', 'father']","Peggy:female,Autumn:female,Joseph:male,Frankie:male,Lane:male",test
ecd2e9b3-8322-430e-95c6-2d91bf2649d8,"('Frankie', 'Juanita')",granddaughter,wife-grandson-sister,"['wife', 'grandson', 'sister']","Frankie:male,Carla:female,Brian:male,Juanita:female,Bryan:male",test
e28850ba-c9ea-4425-9dcc-e75e15ede0d4,"('Carla', 'Michele')",granddaughter,husband-daughter-daughter,"['husband', 'daughter', 'daughter']","Carla:female,Frankie:male,Debra:female,Michele:female,Laura:female",test
72a71fef-8522-4073-9cb2-dd8feb2d3301,"('Joseph', 'Carla')",mother,sister-son-grandmother,"['sister', 'son', 'grandmother']","Joseph:male,Leslie:female,Shane:male,Carla:female,Joann:female",test
2383eb03-59b5-4d8a-9cfc-102e482a90b2,"('Peter', 'Frankie')",father,daughter-mother-father,"['daughter', 'mother', 'father']","Peter:male,Frances:female,Leslie:female,Frankie:male,Joann:female",test
1676651b-0676-4c93-95b9-d9fbbe366789,"('Joseph', 'Frankie')",father,son-mother-father,"['son', 'mother', 'father']","Joseph:male,George:male,Debra:female,Frankie:male,Mary:female",test
4f65b2bc-359f-42d1-9481-76a8918787ad,"('Carla', 'Antonia')",granddaughter,husband-daughter-daughter,"['husband', 'daughter', 'daughter']","Carla:female,Frankie:male,Peggy:female,Antonia:female,David:male",test
8009f587-89a8-425b-98bf-58b53bcd5ee7,"('Peter', 'Frankie')",father,daughter-uncle-father,"['daughter', 'uncle', 'father']","Peter:male,Frances:female,Lane:male,Frankie:male,Leslie:female",test
e8de8b4a-8f51-467c-8699-95f962303160,"('Frankie', 'Linda')",granddaughter,wife-grandson-sister,"['wife', 'grandson', 'sister']","Frankie:male,Carla:female,Timothy:male,Linda:female,Juanita:female",test
726badb5-de27-463b-a68b-fee79cce33d1,"('David', 'Frankie')",father,daughter-uncle-father,"['daughter', 'uncle', 'father']","David:male,Kathryn:female,Peter:male,Frankie:male,Travis:male",test
6ab7ecec-13b5-443d-bfdf-2ed5c098c1d5,"('Irene', 'Arlene')",sister,brother-sister-sister-mother-daughter,"['brother', 'sister', 'sister', 'mother', 'daughter']","Irene:female,Pat:male,Margaretta:female,Arlene:female,Guadalupe:female",test
2f01ca01-3b61-462f-bc84-823ebb85347a,"('Ronald', 'Kelly')",granddaughter,wife-grandson-sister,"['wife', 'grandson', 'sister']","Ronald:male,Joyce:female,Charles:male,Kelly:female,Jared:male",test
09e3f71a-418d-402b-87e3-0d67d751ef08,"('Arlene', 'Victoria')",aunt,brother-sister-sister-father-sister,"['brother', 'sister', 'sister', 'father', 'sister']","Arlene:female,Pat:male,Irene:female,Margaretta:female,Milton:male,Victoria:female",test
b3e0910b-c0dc-402b-b23b-fa34d987eef2,"('Christina', 'Joseph')",father,daughter-father-father,"['daughter', 'father', 'father']","Christina:female,Mary:female,Randall:male,Joseph:male,Elvira:female,Billie:female",test
715e44e6-80ad-48f7-a279-4f1d805672d1,"('Marvin', 'Angela')",mother,brother-son-grandmother,"['brother', 'son', 'grandmother']","Marvin:male,Eugene:male,Glenn:male,Angela:female,Joseph:male,Billie:female",test
588c430c-d291-496d-adcd-aed86ebd381d,"('Christina', 'Angela')",mother,husband-daughter-grandmother,"['husband', 'daughter', 'grandmother']","Christina:female,Randall:male,Dixie:female,Angela:female,Wilbert:male,Ruth:female",test
923d7ef8-aaf6-4d94-96a2-c3b46e554558,"('Randall', 'Angela')",mother,son-mother-mother,"['son', 'mother', 'mother']","Randall:male,James:male,Christina:female,Angela:female,Dixie:female,Fidel:male",test
884f0046-055a-4f3f-b6f7-b4c029f51cc3,"('Eugene', 'Angela')",mother,daughter-mother-mother,"['daughter', 'mother', 'mother']","Eugene:male,Tera:female,Bonnie:female,Angela:female,Tracy:female,Andrew:male",test
76d617c4-d441-4d13-b806-22e6ac6f7846,"('Tracy', 'Angela')",mother,son-uncle-mother,"['son', 'uncle', 'mother']","Tracy:female,Mark:male,Eugene:male,Angela:female,Christina:female,Elvira:female",test
45cd3a68-2809-4df0-b932-5f7798a188a1,"('Eugene', 'Angela')",mother,son-mother-mother,"['son', 'mother', 'mother']","Eugene:male,Noe:male,Bonnie:female,Angela:female,Christina:female,Rene:female",test
f2539fad-0d67-415a-b74e-f876883109dc,"('Randall', 'Angela')",mother,daughter-mother-mother,"['daughter', 'mother', 'mother']","Randall:male,Dixie:female,Christina:female,Angela:female,Mario:male,Billie:female",test
3d4750c4-5f32-47ea-a677-6d1086aec506,"('Bonnie', 'Joseph')",father,daughter-father-father,"['daughter', 'father', 'father']","Bonnie:female,Tera:female,Eugene:male,Joseph:male,John:male,Ruth:female",test
b18730e4-df4c-4d26-84db-f446db09d0c0,"('Randall', 'Angela')",mother,son-uncle-mother,"['son', 'uncle', 'mother']","Randall:male,George:male,Marvin:male,Angela:female,Eugene:male,Mark:male",test
54aa35f1-a21b-4d6d-ae39-2a6260959b79,"('Bonnie', 'Angela')",mother,husband-daughter-grandmother,"['husband', 'daughter', 'grandmother']","Bonnie:female,Eugene:male,Elsa:female,Angela:female,John:male,Evelyn:female",test
430071a8-8ca1-40bf-8c96-853c267e2204,"('Randall', 'Angela')",mother,daughter-mother-mother,"['daughter', 'mother', 'mother']","Randall:male,Dixie:female,Christina:female,Angela:female,Tracy:female,Evelyn:female",test
d69ba53e-2282-438c-aae6-8eb7cda2efc4,"('John', 'Angela')",mother,son-uncle-mother,"['son', 'uncle', 'mother']","John:male,Thomas:male,Marvin:male,Angela:female,Tera:female,Randall:male",test
93f5d41e-946b-48f2-9a13-ef9813bc3f1b,"('Bonnie', 'Angela')",mother,son-uncle-mother,"['son', 'uncle', 'mother']","Bonnie:female,Andrew:male,Marvin:male,Angela:female,Joseph:male,Tracy:female",test
dc7e9574-7250-4acc-9854-5f462cef61a5,"('Randall', 'Angela')",mother,brother-son-grandmother,"['brother', 'son', 'grandmother']","Randall:male,Marvin:male,Mike:male,Angela:female,Joseph:male,John:male",test
cb310382-8450-459d-99e8-2ae7e37a804b,"('Sharon', 'Joseph')",father,brother-son-grandfather,"['brother', 'son', 'grandfather']","Sharon:female,Randall:male,Fidel:male,Joseph:male,Marvin:male,Eugene:male",test
e8c78831-8378-498a-bfb3-3616541ea1b4,"('Randall', 'Angela')",mother,brother-son-grandmother,"['brother', 'son', 'grandmother']","Randall:male,Eugene:male,Glenn:male,Angela:female,John:male,Numbers:male",test
3c684022-f5a7-401e-9b87-62db37e9aa7b,"('Bonnie', 'Joseph')",father,daughter-father-father,"['daughter', 'father', 'father']","Bonnie:female,Rebekah:female,Eugene:male,Joseph:male,Sharon:female,Billie:female",test
e8d0a8be-5c7c-489f-a3ea-b65c82269b0e,"('Christina', 'Angela')",mother,husband-daughter-grandmother,"['husband', 'daughter', 'grandmother']","Christina:female,Randall:male,Dixie:female,Angela:female,John:male,Wilbert:male",test
fc6acebb-6d6c-4245-9b99-b8b9dd650919,"('Christina', 'Angela')",mother,husband-daughter-grandmother,"['husband', 'daughter', 'grandmother']","Christina:female,Randall:male,Evelyn:female,Angela:female,Marvin:male,Lester:male",test
4af61c7d-f62b-46fa-beb8-4db4bc4661a0,"('Randall', 'Angela')",mother,daughter-mother-mother,"['daughter', 'mother', 'mother']","Randall:male,Evelyn:female,Christina:female,Angela:female,Joseph:male,Sharon:female",test
602dfb4a-d348-4b62-81a0-d7c794cf58c5,"('Marvin', 'Angela')",mother,daughter-mother-mother,"['daughter', 'mother', 'mother']","Marvin:male,June:female,Tracy:female,Angela:female,Bonnie:female,Rebekah:female",test
a3a5b649-bbc4-409c-b502-24c85cc2f3a2,"('Carol', 'Sandra')",mother-in-law,husband-daughter-grandmother,"['husband', 'daughter', 'grandmother']","Carol:female,Mark:male,Anna:female,Sandra:female,Mary:female",test
7ffd110a-29ae-47be-b95b-dff482467a86,"('Alfred', 'Sandra')",mother,son-uncle-mother,"['son', 'uncle', 'mother']","Alfred:male,Johnny:male,Peter:male,Sandra:female,Anita:female",test
b462d60a-86f6-4ac2-8ae1-12e1673ef347,"('Tracy', 'Joseph')",father,brother-son-grandfather,"['brother', 'son', 'grandfather']","Tracy:female,Eugene:male,Andrew:male,Joseph:male,Angela:female,Christina:female",test
eea3a00f-3071-4a35-a857-e0305d052ebb,"('Alfred', 'Sandra')",mother,daughter-mother-mother,"['daughter', 'mother', 'mother']","Alfred:male,Anita:female,Lisbeth:female,Sandra:female,Ellen:female",test
d5f014fa-4ccd-4b2c-92ea-ac57c1ef15bf,"('Alfred', 'Sandra')",mother,son-mother-mother,"['son', 'mother', 'mother']","Alfred:male,Francisco:male,Lisbeth:female,Sandra:female,Willie:male",test
a975d224-81ca-4b29-ab91-1a4baadf6f31,"('Randall', 'Joseph')",father,brother-son-grandfather,"['brother', 'son', 'grandfather']","Randall:male,Marvin:male,Mike:male,Joseph:male,Tera:female,Christina:female",test
736c30dc-6c09-45cc-b642-6855be22f4e0,"('Lisa', 'Rudolph')",father,daughter-father-father,"['daughter', 'father', 'father']","Lisa:female,Eustolia:female,Peter:male,Rudolph:male,Lisbeth:female",test
3900799e-b889-41d7-83a8-66e50f3808a2,"('John', 'Angela')",mother,brother-son-grandmother,"['brother', 'son', 'grandmother']","John:male,Randall:male,Fidel:male,Angela:female,Joseph:male,Billie:female",test
109a3990-559e-4497-ab3a-2e2f2a9754fb,"('Eugene', 'Joseph')",father,brother-son-grandfather,"['brother', 'son', 'grandfather']","Eugene:male,Marvin:male,Mike:male,Joseph:male,Lester:male,Bonnie:female",test
dadd2bbe-f947-4058-806f-d72b64c17341,"('Christina', 'Angela')",mother,son-uncle-mother,"['son', 'uncle', 'mother']","Christina:female,Fidel:male,John:male,Angela:female,Sharon:female,Patrick:male",test
1083a92b-c665-405e-8dc0-6d44ada8766c,"('Marvin', 'Angela')",mother,brother-son-grandmother,"['brother', 'son', 'grandmother']","Marvin:male,John:male,Thomas:male,Angela:female,Billie:female,Randall:male",test
4688dfaf-b481-47c3-9cbc-ab36bf87ee49,"('Tracy', 'Angela')",mother-in-law,husband-daughter-grandmother,"['husband', 'daughter', 'grandmother']","Tracy:female,Marvin:male,Billie:female,Angela:female,Deborah:female,George:male",test
ff27599a-6e54-4387-8691-2e17694ad889,"('Bonnie', 'Joseph')",father,brother-son-grandfather,"['brother', 'son', 'grandfather']","Bonnie:female,Randall:male,James:male,Joseph:male,Angela:female,Sharon:female",test
54d839c5-2aaa-4aa9-afa2-0ccd12d2b454,"('Marvin', 'Angela')",mother,son-mother-mother,"['son', 'mother', 'mother']","Marvin:male,Lester:male,Tracy:female,Angela:female,Christina:female,Patrick:male",test
9dbdbf83-ec22-491e-83d7-e01f935ef8b1,"('Eugene', 'Angela')",mother,son-mother-mother,"['son', 'mother', 'mother']","Eugene:male,Ronald:male,Bonnie:female,Angela:female,Lester:male,Gemma:female",test
fa3805e6-33d3-432f-8849-717bb6f9a477,"('Randall', 'Joseph')",father,brother-son-grandfather,"['brother', 'son', 'grandfather']","Randall:male,Eugene:male,Ronald:male,Joseph:male,Donna:female,Tracy:female",test
72930f4a-5ece-42aa-a7fe-22fc25272a35,"('Bonnie', 'Joseph')",father,daughter-father-father,"['daughter', 'father', 'father']","Bonnie:female,Rebekah:female,Eugene:male,Joseph:male,Angela:female,Mary:female",test
c11fdc42-7d04-4964-afb4-e325a65336ca,"('John', 'Angela')",mother,brother-son-grandmother,"['brother', 'son', 'grandmother']","John:male,Eugene:male,Andrew:male,Angela:female,Randall:male,Bonnie:female",test
78024dda-91ec-4349-ad51-0a7d1a8efd47,"('Randall', 'Angela')",mother,daughter-mother-mother,"['daughter', 'mother', 'mother']","Randall:male,Mary:female,Christina:female,Angela:female,Sharon:female,Marvin:male",test
73edb900-4b49-4dba-acc0-f2de14d095c9,"('Randall', 'Angela')",mother,daughter-mother-mother,"['daughter', 'mother', 'mother']","Randall:male,Mary:female,Christina:female,Angela:female,Eugene:male,Evelyn:female",test
a8717009-5279-4ef3-aece-35dc66860211,"('Bonnie', 'Angela')",mother,brother-son-grandmother,"['brother', 'son', 'grandmother']","Bonnie:female,Randall:male,Paul:male,Angela:female,Christina:female,Marvin:male",test
54d37b7b-312c-4b26-aaeb-c3195fbc7700,"('Marvin', 'Angela')",mother,son-uncle-mother,"['son', 'uncle', 'mother']","Marvin:male,Lester:male,Randall:male,Angela:female,Joseph:male,Donna:female",test
8d7202d3-f0ca-49db-aa6b-b7153c8efb78,"('Bonnie', 'Angela')",mother,husband-daughter-grandmother,"['husband', 'daughter', 'grandmother']","Bonnie:female,Eugene:male,Elsa:female,Angela:female,Randall:male,Deborah:female",test
35861734-5fd1-48b7-8e30-68c477a69339,"('Randall', 'Angela')",mother,brother-son-grandmother,"['brother', 'son', 'grandmother']","Randall:male,Marvin:male,Lester:male,Angela:female,Rene:female,Lakeisha:female",test
b9f7eb46-a144-496d-a110-7213c710ba55,"('Marvin', 'Joseph')",father,brother-son-grandfather,"['brother', 'son', 'grandfather']","Marvin:male,Randall:male,George:male,Joseph:male,John:male,Ruth:female",test
c3ccd868-8eef-4d83-933e-4f8595a2f9f3,"('Randall', 'Angela')",mother,daughter-mother-mother,"['daughter', 'mother', 'mother']","Randall:male,Mary:female,Christina:female,Angela:female,Mario:male,Eugene:male",test
2eac27dc-15ac-45d9-89dc-5b98b40164a6,"('Sharon', 'Angela')",mother,brother-son-grandmother,"['brother', 'son', 'grandmother']","Sharon:female,Eugene:male,Glenn:male,Angela:female,Marvin:male,Mary:female",test
a227e207-f4f7-45b8-95eb-47bb67614717,"('Randall', 'Angela')",mother,son-mother-mother,"['son', 'mother', 'mother']","Randall:male,Paul:male,Christina:female,Angela:female,Eugene:male,Noe:male",test
1226477e-1392-4a87-9453-b7dfbe6524ac,"('Bonnie', 'Joseph')",father,daughter-father-father,"['daughter', 'father', 'father']","Bonnie:female,Avis:female,Eugene:male,Joseph:male,Christina:female,Paul:male",test
78567d45-f4bc-433f-a3b8-d84e60548230,"('Bonnie', 'Joseph')",father,brother-son-grandfather,"['brother', 'son', 'grandfather']","Bonnie:female,Marvin:male,Lester:male,Joseph:male,Donna:female,Christina:female",test
5bba7a83-919d-4e1e-a914-fb64986c5588,"('Christina', 'Angela')",mother,husband-daughter-grandmother,"['husband', 'daughter', 'grandmother']","Christina:female,Randall:male,Dixie:female,Angela:female,Sharon:female,Evelyn:female",test
e9dc73cf-0dd7-470e-9775-35e3a63b2986,"('Bonnie', 'Angela')",mother,son-uncle-mother,"['son', 'uncle', 'mother']","Bonnie:female,Noe:male,Randall:male,Angela:female,Christina:female,Dixie:female",test
3a42812f-b4ea-4315-96ba-de7d4a7430ae,"('Eugene', 'Angela')",mother,daughter-mother-mother,"['daughter', 'mother', 'mother']","Eugene:male,Avis:female,Bonnie:female,Angela:female,Tracy:female,Evelyn:female",test
e3ad54fb-6f28-47e8-b37a-147fe9a7a222,"('Sharon', 'Angela')",mother,husband-daughter-grandmother,"['husband', 'daughter', 'grandmother']","Sharon:female,John:male,Lakeisha:female,Angela:female,Marvin:male,Randall:male",test
bc82853c-7058-4dfc-9b92-63ceea23b32f,"('Tracy', 'Joseph')",father,brother-son-grandfather,"['brother', 'son', 'grandfather']","Tracy:female,Eugene:male,Andrew:male,Joseph:male,Rebekah:female,Glenn:male",test
c11fa4da-940c-4e85-80e1-78c99ec2547c,"('Marvin', 'Angela')",mother,son-mother-mother,"['son', 'mother', 'mother']","Marvin:male,Mario:male,Tracy:female,Angela:female,Randall:male,Deborah:female",test
d169910f-c287-4f43-af90-3109692165d0,"('Christina', 'Angela')",mother,son-uncle-mother,"['son', 'uncle', 'mother']","Christina:female,Paul:male,John:male,Angela:female,Bonnie:female,Deborah:female",test
857baa62-a4fe-4a06-9162-0dbc8cde3932,"('Christina', 'Joseph')",father,daughter-father-father,"['daughter', 'father', 'father']","Christina:female,Mary:female,Randall:male,Joseph:male,Mike:male,Elvira:female",test
5c97b0c5-36e2-4057-9436-b0b2ef06866f,"('Lisbeth', 'Rudolph')",father,brother-son-grandfather,"['brother', 'son', 'grandfather']","Lisbeth:female,Peter:male,Stacy:male,Rudolph:male,Erik:male",test
ffdb099e-33c7-4455-81f9-6f6abe9e9732,"('Lisa', 'Rudolph')",father,daughter-father-father,"['daughter', 'father', 'father']","Lisa:female,Eustolia:female,Peter:male,Rudolph:male,Stacy:male",test
3d5e4d99-316b-4311-947b-6bb5bde86f80,"('Randall', 'Angela')",mother,son-mother-mother,"['son', 'mother', 'mother']","Randall:male,Fidel:male,Christina:female,Angela:female,Donna:female,Marvin:male",test
a03616e0-9fc5-428b-81b4-8276222befb5,"('Bonnie', 'Joseph')",father,daughter-father-father,"['daughter', 'father', 'father']","Bonnie:female,Rebekah:female,Eugene:male,Joseph:male,Mark:male,Randall:male",test
b3704654-66d4-42df-a6ee-bce3f1e285db,"('Eugene', 'Angela')",mother,daughter-mother-mother,"['daughter', 'mother', 'mother']","Eugene:male,Tera:female,Bonnie:female,Angela:female,Mike:male,June:female",test
51343920-e356-42bb-a7a5-425c24280dd4,"('John', 'Angela')",mother,son-uncle-mother,"['son', 'uncle', 'mother']","John:male,Numbers:male,Eugene:male,Angela:female,Christina:female,Mary:female",test
676485d9-1e06-4b89-9d9f-dfa6f293126d,"('Marvin', 'Angela')",mother,brother-son-grandmother,"['brother', 'son', 'grandmother']","Marvin:male,Randall:male,Fidel:male,Angela:female,Christina:female,Andrew:male",test
fcfbf530-9e7b-478f-b655-8f17f43b7da1,"('Tracy', 'Angela')",mother-in-law,husband-daughter-grandmother,"['husband', 'daughter', 'grandmother']","Tracy:female,Marvin:male,Billie:female,Angela:female,Christina:female,Tera:female",test
0ca13288-d215-4361-8c4a-1ad46e17055f,"('Bonnie', 'Joseph')",father,brother-son-grandfather,"['brother', 'son', 'grandfather']","Bonnie:female,Randall:male,George:male,Joseph:male,John:male,Tera:female",test
11780326-23c6-466f-aa44-099e13b3456c,"('Lisa', 'Rudolph')",father,daughter-father-father,"['daughter', 'father', 'father']","Lisa:female,Yvonne:female,Peter:male,Rudolph:male,James:male",test
33f884d6-f796-4d5b-b0ef-79275b287023,"('Michelle', 'Beatrice')",granddaughter,granddaughter-sister,"['granddaughter', 'sister']","Michelle:female,Ellen:female,Beatrice:female,Raymond:male",test
4855bd05-8fe7-4db4-ae27-89f2d4109eb5,"('Michelle', 'Beatrice')",granddaughter,granddaughter-sister,"['granddaughter', 'sister']","Michelle:female,Ellen:female,Beatrice:female,Raymond:male",test
4e381a7d-16b3-441b-85a7-98de31342020,"('Kerri', 'Michelle')",grandmother,brother-grandmother,"['brother', 'grandmother']","Kerri:female,Jaime:male,Michelle:female,Edward:male",test
b8bcd4f5-d23c-4ba8-b339-baffe9297616,"('Marilyn', 'Emily')",mother,son-uncle-mother,"['son', 'uncle', 'mother']","Marilyn:female,Victor:male,Marvin:male,Emily:female",test
45f1efbb-b057-47e7-8e6a-ccd45e7d316c,"('Marvin', 'Emily')",mother,son-mother-mother,"['son', 'mother', 'mother']","Marvin:male,Maynard:male,Margaret:female,Emily:female",test
b78ba768-1d2b-4526-8208-8220d5fbb6be,"('Marilyn', 'Joseph')",father,brother-son-grandfather,"['brother', 'son', 'grandfather']","Marilyn:female,William:male,Jeffrey:male,Joseph:male",test
da9555b9-33db-4844-9b3e-68e10852203f,"('Marilyn', 'Joseph')",father,daughter-father-father,"['daughter', 'father', 'father']","Marilyn:female,Rebecca:female,Edwin:male,Joseph:male",test
5c213d62-532a-465a-9c33-8addf98d2842,"('Dawn', 'Emily')",mother-in-law,husband-daughter-grandmother,"['husband', 'daughter', 'grandmother']","Dawn:female,David:male,Vivian:female,Emily:female",test
957defd4-ad8f-4865-8f9d-1e3e4a1c3592,"('Edwin', 'Emily')",mother,daughter-mother-mother,"['daughter', 'mother', 'mother']","Edwin:male,Rebecca:female,Marilyn:female,Emily:female",test
e8185b72-5330-4882-876a-39c0e931a9c8,"('Michelle', 'Emily')",mother,brother-son-grandmother,"['brother', 'son', 'grandmother']","Michelle:female,David:male,Troy:male,Emily:female",test
655f34cd-7862-476b-b107-6669b0598eef,"('Edwin', 'Emily')",mother,son-uncle-mother,"['son', 'uncle', 'mother']","Edwin:male,Lucas:male,David:male,Emily:female",test
462ecd21-62d6-4906-ae6e-4b3e349943f6,"('Marilyn', 'Joseph')",father,daughter-father-father,"['daughter', 'father', 'father']","Marilyn:female,Erica:female,Edwin:male,Joseph:male",test
07900261-75c1-434d-b324-fea60f70a2a7,"('Edwin', 'Emily')",mother,son-mother-mother,"['son', 'mother', 'mother']","Edwin:male,Victor:male,Marilyn:female,Emily:female",test
a5ea8809-de0a-46fe-804f-b5615ddb1113,"('Michelle', 'Joseph')",father,brother-son-grandfather,"['brother', 'son', 'grandfather']","Michelle:female,Marvin:male,Mark:male,Joseph:male",test
19a33ad4-35c9-4b5f-8395-313f7f5c1fb8,"('Marilyn', 'Emily')",mother,brother-son-grandmother,"['brother', 'son', 'grandmother']","Marilyn:female,David:male,Armando:male,Emily:female",test
581668bb-937f-498f-82ac-ba1a867499ea,"('Marvin', 'Emily')",mother,daughter-mother-mother,"['daughter', 'mother', 'mother']","Marvin:male,Wendy:female,Margaret:female,Emily:female",test
30db9a8e-6861-4004-8747-88d9347e5cbd,"('William', 'Emily')",mother,daughter-mother-mother,"['daughter', 'mother', 'mother']","William:male,Darlene:female,Michelle:female,Emily:female",test
7b4d1207-1145-4065-9e87-08b3ee572819,"('William', 'Emily')",mother,son-uncle-mother,"['son', 'uncle', 'mother']","William:male,Paul:male,Edwin:male,Emily:female",test
dd656881-7ce7-4a65-b7ae-625938df6658,"('Edwin', 'Emily')",mother,son-mother-mother,"['son', 'mother', 'mother']","Edwin:male,Jeremy:male,Marilyn:female,Emily:female",test
e34e01f7-936d-458a-82cb-329a4ee2fce2,"('Sharon', 'Angela')",mother,husband-daughter-grandmother,"['husband', 'daughter', 'grandmother']","Sharon:female,John:male,Donna:female,Angela:female,Noe:male,Glenn:male",test
0c8647a4-3fb9-47ad-b0d3-e3f53e544d10,"('James', 'Sandra')",mother,son-mother-mother,"['son', 'mother', 'mother']","James:male,Scott:male,Rose:female,Sandra:female,Errol:male",test
8f45e1cf-51ce-415e-94aa-b0278049010f,"('Eugene', 'Angela')",mother,son-uncle-mother,"['son', 'uncle', 'mother']","Eugene:male,Noe:male,Marvin:male,Angela:female,June:female,Christina:female",test
b22d2975-850b-4081-926b-08e78eb4b5e7,"('Randall', 'Joseph')",father,brother-son-grandfather,"['brother', 'son', 'grandfather']","Randall:male,Eugene:male,Andrew:male,Joseph:male,John:male,Lakeisha:female",test
dc684ccf-575c-4f10-a2d4-f439d1a24819,"('Alfred', 'Sandra')",mother,son-uncle-mother,"['son', 'uncle', 'mother']","Alfred:male,Johnny:male,Mark:male,Sandra:female,Rose:female",test
68b5d51a-25fe-421b-8563-d4c7d56bd9be,"('Peter', 'Sandra')",mother,daughter-mother-mother,"['daughter', 'mother', 'mother']","Peter:male,Eustolia:female,Lisa:female,Sandra:female,Mark:male",test
2b51779d-6d86-45ec-81b2-ec2d68fa37ba,"('Lisbeth', 'Sandra')",mother,brother-son-grandmother,"['brother', 'son', 'grandmother']","Lisbeth:female,James:male,Casey:male,Sandra:female,Errol:male",test
a16d3dd5-197c-46f8-91c0-52d87589256a,"('Peter', 'Rudolph')",father,brother-son-grandfather,"['brother', 'son', 'grandfather']","Peter:male,James:male,Errol:male,Rudolph:male,Rose:female",test
e2238139-ff76-4b54-b940-3474317fc0fb,"('Rose', 'Sandra')",mother,husband-daughter-grandmother,"['husband', 'daughter', 'grandmother']","Rose:female,James:male,Jeannette:female,Sandra:female,Errol:male",test
664fce9d-d0a0-4ec1-a62d-9ce8a36d43d1,"('James', 'Sandra')",mother,son-mother-mother,"['son', 'mother', 'mother']","James:male,Scott:male,Rose:female,Sandra:female,Casey:male",test
1c2823d9-a145-4edf-bfee-d1dae7e74fa2,"('Peter', 'Sandra')",mother,daughter-mother-mother,"['daughter', 'mother', 'mother']","Peter:male,Michelle:female,Lisa:female,Sandra:female,George:male",test
1fd03e11-8886-4138-9405-1a712c7e288d,"('Lisbeth', 'Sandra')",mother,brother-son-grandmother,"['brother', 'son', 'grandmother']","Lisbeth:female,James:male,Casey:male,Sandra:female,Diana:female",test
6e13fb83-179e-4c8f-be62-0a9722d17857,"('Marvin', 'Angela')",mother,son-mother-mother,"['son', 'mother', 'mother']","Marvin:male,Mark:male,Tracy:female,Angela:female,Sharon:female,Ruth:female",test
a0433415-bff4-4756-afaf-1796b38a35b4,"('Randall', 'Angela')",mother,son-mother-mother,"['son', 'mother', 'mother']","Randall:male,Fidel:male,Christina:female,Angela:female,Eugene:male,Avis:female",test
8bb07a7c-52e5-4caa-bdf8-d0922212c77c,"('Bonnie', 'Joseph')",father,daughter-father-father,"['daughter', 'father', 'father']","Bonnie:female,Rebekah:female,Eugene:male,Joseph:male,Sharon:female,Fidel:male",test
23efb1dd-de5c-4a91-aa08-99e1733dce26,"('Eugene', 'Angela')",mother,son-mother-mother,"['son', 'mother', 'mother']","Eugene:male,Ronald:male,Bonnie:female,Angela:female,Randall:male,Dixie:female",test
bde2d3f2-4954-43bf-aa09-f7f913a365aa,"('Bonnie', 'Joseph')",father,daughter-father-father,"['daughter', 'father', 'father']","Bonnie:female,Tera:female,Eugene:male,Joseph:male,Glenn:male,Christina:female",test
7251838c-74ef-464c-ac7a-47cd17d89a65,"('John', 'Angela')",mother,brother-son-grandmother,"['brother', 'son', 'grandmother']","John:male,Eugene:male,Andrew:male,Angela:female,Christina:female,Paul:male",test
bed63515-1985-485f-8540-25f363927249,"('Randall', 'Joseph')",father,brother-son-grandfather,"['brother', 'son', 'grandfather']","Randall:male,Marvin:male,Lester:male,Joseph:male,John:male,Deborah:female",test
18ac1775-17de-4245-97d0-e9a677ad36ab,"('John', 'Angela')",mother,son-uncle-mother,"['son', 'uncle', 'mother']","John:male,Numbers:male,Marvin:male,Angela:female,Patrick:male,Tracy:female",test
5a2421e1-15a4-4410-ab7b-328590a1ff1d,"('Tracy', 'Angela')",mother-in-law,husband-daughter-grandmother,"['husband', 'daughter', 'grandmother']","Tracy:female,Marvin:male,June:female,Angela:female,Fidel:male,Dixie:female",test
367fd40d-92a3-48b4-be0d-0520be4f59da,"('Christina', 'Joseph')",father,daughter-father-father,"['daughter', 'father', 'father']","Christina:female,Deborah:female,Randall:male,Joseph:male,Angela:female,Marvin:male",test
c9ed8115-815d-4d73-8162-1f9f99ca7980,"('Eugene', 'Angela')",mother,son-mother-mother,"['son', 'mother', 'mother']","Eugene:male,Noe:male,Bonnie:female,Angela:female,Marvin:male,Mark:male",test
b5ba0ef5-7809-471d-9863-04bcc30d086c,"('Tracy', 'Angela')",mother,husband-daughter-grandmother,"['husband', 'daughter', 'grandmother']","Tracy:female,Marvin:male,Elvira:female,Angela:female,June:female,Randall:male",test
bb68e2e8-d55f-40ca-8860-a748524ad7b0,"('Randall', 'Angela')",mother,son-uncle-mother,"['son', 'uncle', 'mother']","Randall:male,George:male,John:male,Angela:female,Joseph:male,Andrew:male",test
3da734d9-7b6f-4947-8ead-50d1e3fa159c,"('Tracy', 'Angela')",mother,brother-son-grandmother,"['brother', 'son', 'grandmother']","Tracy:female,Randall:male,Fidel:male,Angela:female,Eugene:male,Rebekah:female",test
653460e9-e296-4eb6-8a80-a70a2a11789c,"('Randall', 'Angela')",mother,daughter-mother-mother,"['daughter', 'mother', 'mother']","Randall:male,Mary:female,Christina:female,Angela:female,Marvin:male,Lester:male",test
1cd0332c-dc4e-41a1-aefd-d7937eafc66d,"('Bonnie', 'Joseph')",father,brother-son-grandfather,"['brother', 'son', 'grandfather']","Bonnie:female,John:male,Thomas:male,Joseph:male,Gemma:female,Mark:male",test
408f8f59-15b4-4d63-82b0-27c9a99ef5c0,"('Randall', 'Angela')",mother,son-mother-mother,"['son', 'mother', 'mother']","Randall:male,George:male,Christina:female,Angela:female,Bonnie:female,Eugene:male",test
cc31ffb8-4af1-465c-8a6a-739b7894efc2,"('Tracy', 'Joseph')",father,daughter-father-father,"['daughter', 'father', 'father']","Tracy:female,Elvira:female,Marvin:male,Joseph:male,John:male,Lakeisha:female",test
671aa75f-4073-4a23-aee2-d0e961a0e4b1,"('Marvin', 'Angela')",mother,daughter-mother-mother,"['daughter', 'mother', 'mother']","Marvin:male,Gemma:female,Tracy:female,Angela:female,Glenn:male,Christina:female",test
ad89b2a5-9293-4f11-bd92-3dfd348b7cd4,"('Tracy', 'Angela')",mother,brother-son-grandmother,"['brother', 'son', 'grandmother']","Tracy:female,Randall:male,Fidel:male,Angela:female,John:male,Donna:female",test
1db1da6f-8cbf-4cbb-a2c7-5935c373f03a,"('Margaret', 'Joseph')",father,daughter-father-father,"['daughter', 'father', 'father']","Margaret:female,Adelia:female,Marvin:male,Joseph:male",test
7934d881-76e9-4354-9054-3bcd2a65b491,"('Randall', 'Angela')",mother,daughter-mother-mother,"['daughter', 'mother', 'mother']","Randall:male,Mary:female,Christina:female,Angela:female,Joseph:male,Patrick:male",test
9812a9b7-bb9b-4c08-93ae-a9cbaeb3ff97,"('Christina', 'Joseph')",father,daughter-father-father,"['daughter', 'father', 'father']","Christina:female,Dixie:female,Randall:male,Joseph:male,John:male,Elvira:female",test
4cd9f508-1352-471a-9935-3d1df2d58050,"('Alfred', 'Sandra')",mother,son-mother-mother,"['son', 'mother', 'mother']","Alfred:male,Francisco:male,Lisbeth:female,Sandra:female,Kenneth:male",test
56dd44a1-59a3-4314-aa84-1596ea650eea,"('James', 'Sandra')",mother,daughter-mother-mother,"['daughter', 'mother', 'mother']","James:male,Sue:female,Rose:female,Sandra:female,Errol:male",test
b408fda7-c37d-46fb-97e9-21c3bd09649a,"('Lisa', 'Rudolph')",father,brother-son-grandfather,"['brother', 'son', 'grandfather']","Lisa:female,Alfred:male,Francisco:male,Rudolph:male,Willie:male",test
a11c6ba0-137e-444a-9f0f-9d5ebdeaf41a,"('Lisbeth', 'Rudolph')",father,daughter-father-father,"['daughter', 'father', 'father']","Lisbeth:female,Ellen:female,Alfred:male,Rudolph:male,Willie:male",test
0ebdc6b3-f178-40a8-bcea-dd4272dfaeaf,"('Alfred', 'Sandra')",mother,brother-son-grandmother,"['brother', 'son', 'grandmother']","Alfred:male,James:male,Scott:male,Sandra:female,Rose:female",test
78bd6b35-5664-491e-a850-64d6d3fe68c3,"('Peter', 'Sandra')",mother,son-uncle-mother,"['son', 'uncle', 'mother']","Peter:male,George:male,James:male,Sandra:female,Lisa:female",test
97fe9d98-823a-49f5-a866-fefc8a1257c1,"('Lisa', 'Sandra')",mother,husband-daughter-grandmother,"['husband', 'daughter', 'grandmother']","Lisa:female,Peter:male,Danita:female,Sandra:female,Stacy:male",test
2f1ea4ba-1663-4a7c-8f41-7f892496fda2,"('Lisbeth', 'Sandra')",mother,son-uncle-mother,"['son', 'uncle', 'mother']","Lisbeth:female,Johnny:male,James:male,Sandra:female,Anita:female",test
79c46f70-5346-4d31-ab45-624293873827,"('Lisa', 'Sandra')",mother-in-law,husband-daughter-grandmother,"['husband', 'daughter', 'grandmother']","Lisa:female,Peter:male,Danita:female,Sandra:female,George:male",test
60e36c56-2d7e-4f46-afc5-03d9125d49c8,"('Alfred', 'Sandra')",mother,son-mother-mother,"['son', 'mother', 'mother']","Alfred:male,Johnny:male,Lisbeth:female,Sandra:female,Ellen:female",test
ec19c8f2-13b1-4c8f-bacf-add6d57d431e,"('Alfred', 'Sandra')",mother,daughter-mother-mother,"['daughter', 'mother', 'mother']","Alfred:male,Ellen:female,Lisbeth:female,Sandra:female,Louise:female",test
98004842-f56b-4878-93be-04ed8d5a7f90,"('Lisbeth', 'Sandra')",mother,son-uncle-mother,"['son', 'uncle', 'mother']","Lisbeth:female,Francisco:male,Mark:male,Sandra:female,James:male",test
37cc8fe6-a897-43df-8afa-15c33cf10fc2,"('Peter', 'Rudolph')",father,brother-son-grandfather,"['brother', 'son', 'grandfather']","Peter:male,James:male,Edward:male,Rudolph:male,Alfred:male",test
df4a0580-fd70-4c97-b121-46454b053f80,"('Alfred', 'Sandra')",mother,daughter-mother-mother,"['daughter', 'mother', 'mother']","Alfred:male,Louise:female,Lisbeth:female,Sandra:female,James:male",test
e3cab856-0d39-4d5b-9d7f-0b1488bfaf44,"('Alfred', 'Sandra')",mother,son-mother-mother,"['son', 'mother', 'mother']","Alfred:male,Kenneth:male,Lisbeth:female,Sandra:female,Louise:female",test
6aca75d7-7e8f-4000-97da-8331dbe30879,"('Robert', 'Michelle')",grandmother,brother-grandmother,"['brother', 'grandmother']","Robert:male,Leo:male,Michelle:female,Paul:male",test
99ef852e-f323-444c-a65e-bae5b0891976,"('Michelle', 'Rosemary')",granddaughter,granddaughter-sister,"['granddaughter', 'sister']","Michelle:female,Mary:female,Rosemary:female,James:male",test
e18763c2-c657-440d-b7fe-8a20eba4bcfe,"('Adam', 'Kerri')",granddaughter,granddaughter-sister,"['granddaughter', 'sister']","Adam:male,Stacy:female,Kerri:female,Edward:male",test
ff36f8a1-9d98-44d9-9b13-b993effa2ab7,"('Jaime', 'Michelle')",grandmother,brother-grandmother,"['brother', 'grandmother']","Jaime:male,Edward:male,Michelle:female,Mack:male",test
6d43e8b0-9e7b-48e8-9898-fe5ddb609c90,"('Brian', 'Michelle')",grandmother,brother-grandmother,"['brother', 'grandmother']","Brian:male,Jaime:male,Michelle:female,Stacy:female",test
39f2fcf0-83cd-4d35-96cb-392edaf6469a,"('Adam', 'Beatrice')",granddaughter,granddaughter-sister,"['granddaughter', 'sister']","Adam:male,Tammy:female,Beatrice:female,Rebbeca:female",test
bb7e1834-b171-4575-8908-b71c89377db2,"('Adam', 'Ellen')",granddaughter,granddaughter-sister,"['granddaughter', 'sister']","Adam:male,Rebbeca:female,Ellen:female,Tammy:female",test
89a0d5d5-609e-4473-8192-253326cee3a2,"('Sabrina', 'Michelle')",grandmother,brother-grandmother,"['brother', 'grandmother']","Sabrina:female,Fletcher:male,Michelle:female,Robert:male",test
9996660e-6acb-4ea6-931f-4f6206292b8a,"('Adam', 'Amanda')",granddaughter,granddaughter-sister,"['granddaughter', 'sister']","Adam:male,Rosemary:female,Amanda:female,Michelle:female",test
ce970f29-632a-482b-a860-c4a44db495e2,"('Jaime', 'Michelle')",grandmother,brother-grandmother,"['brother', 'grandmother']","Jaime:male,Brian:male,Michelle:female,Preston:male",test
8b8c257c-b6d5-412e-9348-44def1db2ade,"('Stacy', 'Michelle')",grandmother,brother-grandmother,"['brother', 'grandmother']","Stacy:female,Jaime:male,Michelle:female,Preston:male",test
6e5c0591-52de-4c88-9c96-be0c2562fb80,"('Michelle', 'Dulce')",granddaughter,granddaughter-sister,"['granddaughter', 'sister']","Michelle:female,Claire:female,Dulce:female,Sabrina:female",test
e2033fec-fbfe-4a95-bb93-5cef4de07f6d,"('James', 'Sandra')",mother,brother-son-grandmother,"['brother', 'son', 'grandmother']","James:male,Alfred:male,Kenneth:male,Sandra:female,Mark:male",test
dfda7aac-1cd6-453f-a48b-20bea9ca50ce,"('Robert', 'Michelle')",grandmother,brother-grandmother,"['brother', 'grandmother']","Robert:male,Leo:male,Michelle:female,Paul:male",test
5a075632-b68c-4c40-827e-64fb53752b58,"('James', 'Rudolph')",father,brother-son-grandfather,"['brother', 'son', 'grandfather']","James:male,Alfred:male,Francisco:male,Rudolph:male,Louise:female",test
3787fe3f-576d-42ae-b74c-1e4d4cbf4200,"('Carol', 'Sandra')",mother-in-law,husband-daughter-grandmother,"['husband', 'daughter', 'grandmother']","Carol:female,Mark:male,Mary:female,Sandra:female,Jason:male",test
76e5bb6d-627b-4610-b483-16389eaf69f1,"('James', 'Rudolph')",father,brother-son-grandfather,"['brother', 'son', 'grandfather']","James:male,Peter:male,Erik:male,Rudolph:male,Yvonne:female",test
10aaf1d6-123f-4274-9491-e50c594c8743,"('Lisa', 'Rudolph')",father,daughter-father-father,"['daughter', 'father', 'father']","Lisa:female,Yvonne:female,Peter:male,Rudolph:male,James:male",test
2bd80324-8d35-4666-8bdc-d4ed1e279fc3,"('James', 'Sandra')",mother,son-mother-mother,"['son', 'mother', 'mother']","James:male,Edward:male,Rose:female,Sandra:female,Errol:male",test
229b9538-ac76-4c09-9db8-9579e94c9791,"('Peter', 'Sandra')",mother,brother-son-grandmother,"['brother', 'son', 'grandmother']","Peter:male,Alfred:male,Kenneth:male,Sandra:female,Rudolph:male",test
134270d5-2f5e-4ea7-aba9-d698d03b4cee,"('Carol', 'Sandra')",mother-in-law,husband-daughter-grandmother,"['husband', 'daughter', 'grandmother']","Carol:female,Mark:male,Mary:female,Sandra:female,Michael:male",test
4f3472ae-ea20-498c-8b5e-f7711fd58a46,"('Peter', 'Sandra')",mother,daughter-mother-mother,"['daughter', 'mother', 'mother']","Peter:male,Danita:female,Lisa:female,Sandra:female,Rose:female",test
a8b500c7-3a8d-4704-ad98-7e24e506e57f,"('Alfred', 'Sandra')",mother,son-mother-mother,"['son', 'mother', 'mother']","Alfred:male,Johnny:male,Lisbeth:female,Sandra:female,Anita:female",test
78605885-b613-4872-932d-c5133822ef15,"('Rose', 'Rudolph')",father,daughter-father-father,"['daughter', 'father', 'father']","Rose:female,Jeannette:female,James:male,Rudolph:male,Diana:female",test
d276d9ee-fbc8-4990-97c2-b018af8d5a76,"('Carol', 'Sandra')",mother-in-law,husband-daughter-grandmother,"['husband', 'daughter', 'grandmother']","Carol:female,Mark:male,Carmen:female,Sandra:female,David:male",test
32ddbb86-ffc2-4a8f-9b41-582d71bc2691,"('Rose', 'Rudolph')",father,brother-son-grandfather,"['brother', 'son', 'grandfather']","Rose:female,Alfred:male,Kenneth:male,Rudolph:male,Lisbeth:female",test
56bfdf8b-9ac6-4519-9724-e9277e115264,"('James', 'Sandra')",mother,brother-son-grandmother,"['brother', 'son', 'grandmother']","James:male,Alfred:male,Francisco:male,Sandra:female,Victoria:female",test
77e546c2-1314-4948-a835-6456970e3602,"('Peter', 'Sandra')",mother,daughter-mother-mother,"['daughter', 'mother', 'mother']","Peter:male,Danita:female,Lisa:female,Sandra:female,Michelle:female",test
05ef5f9c-ae47-4912-93fb-8f390d250a32,"('Alfred', 'Sandra')",mother,son-uncle-mother,"['son', 'uncle', 'mother']","Alfred:male,Francisco:male,Peter:male,Sandra:female,Ellen:female",test
c179ae90-6941-4730-97ac-789e83dfb8bc,"('Lisbeth', 'Sandra')",mother,son-uncle-mother,"['son', 'uncle', 'mother']","Lisbeth:female,Francisco:male,Peter:male,Sandra:female,Kenneth:male",test
eadbe38e-d1e5-4f1c-8ce8-010fb373ddec,"('Alfred', 'Sandra')",mother,brother-son-grandmother,"['brother', 'son', 'grandmother']","Alfred:male,Peter:male,Erik:male,Sandra:female,Michelle:female",test
e409164a-b777-4dee-9075-2b51f1efcf1a,"('Lisbeth', 'Rudolph')",father,daughter-father-father,"['daughter', 'father', 'father']","Lisbeth:female,Anita:female,Alfred:male,Rudolph:male,Victoria:female",test
77eceede-56b2-4835-8916-c8c9152c18fd,"('Carol', 'Sandra')",mother,son-uncle-mother,"['son', 'uncle', 'mother']","Carol:female,David:male,James:male,Sandra:female,Mark:male",test
55ca75d7-1ada-4467-942f-19b66626ee16,"('Lisbeth', 'Rudolph')",father,daughter-father-father,"['daughter', 'father', 'father']","Lisbeth:female,Louise:female,Alfred:male,Rudolph:male,Anita:female",test
2c28e3c7-7c42-4cc4-ac46-4c1f0a9cc8b7,"('Carol', 'Sandra')",mother-in-law,husband-daughter-grandmother,"['husband', 'daughter', 'grandmother']","Carol:female,Mark:male,Carmen:female,Sandra:female,Mary:female",test
1e5db82a-7f81-4644-aa8d-8ea501c8d6e3,"('Lisbeth', 'Sandra')",mother,brother-son-grandmother,"['brother', 'son', 'grandmother']","Lisbeth:female,Peter:male,Stacy:male,Sandra:female,James:male",test
235e0cf5-3ba5-4b3c-a4be-0ca41682cad1,"('James', 'Rudolph')",father,brother-son-grandfather,"['brother', 'son', 'grandfather']","James:male,Alfred:male,Johnny:male,Rudolph:male,Scott:male",test
bb6d16f9-0570-4fd5-a0a4-38e59292d7b6,"('Lisa', 'Sandra')",mother,son-uncle-mother,"['son', 'uncle', 'mother']","Lisa:female,Lawrence:male,James:male,Sandra:female,Diana:female",test
23d11493-55f8-4f8b-832b-002f22e20626,"('James', 'Sandra')",mother,son-mother-mother,"['son', 'mother', 'mother']","James:male,Casey:male,Rose:female,Sandra:female,Carol:female",test
9fc67aa0-4247-4922-a154-0eafe8d123e7,"('James', 'Sandra')",mother,daughter-mother-mother,"['daughter', 'mother', 'mother']","James:male,Jennifer:female,Rose:female,Sandra:female,Diana:female",test
453f77e6-0a19-4287-a96d-b25b62d11711,"('Lisa', 'Rudolph')",father,daughter-father-father,"['daughter', 'father', 'father']","Lisa:female,Danita:female,Peter:male,Rudolph:male,George:male",test
dae164dd-e7ac-4a30-aea3-5cb7481a3d6f,"('James', 'Sandra')",mother,daughter-mother-mother,"['daughter', 'mother', 'mother']","James:male,Jeannette:female,Rose:female,Sandra:female,Mark:male",test
6b653ba2-b175-490b-84b5-82d13ed2ccdc,"('Alfred', 'Sandra')",mother,son-mother-mother,"['son', 'mother', 'mother']","Alfred:male,Johnny:male,Lisbeth:female,Sandra:female,Victoria:female",test
dace88aa-7d23-424e-b9a4-2de52fde43c5,"('Alfred', 'Rudolph')",father,brother-son-grandfather,"['brother', 'son', 'grandfather']","Alfred:male,Peter:male,Erik:male,Rudolph:male,Michelle:female",test
b1ea4fec-e122-4616-9251-99d81c202192,"('Christina', 'Angela')",mother,son-uncle-mother,"['son', 'uncle', 'mother']","Christina:female,George:male,Eugene:male,Angela:female,Sharon:female,Dixie:female",test
f542755f-0451-46f1-84bd-121f19d26b1a,"('Amanda', 'Michelle')",grandmother,brother-grandmother,"['brother', 'grandmother']","Amanda:female,Thomas:male,Michelle:female,Glenna:female",test
4ca039e4-d558-4730-b0cf-d580345c60b0,"('Adam', 'Tammy')",granddaughter,granddaughter-sister,"['granddaughter', 'sister']","Adam:male,Rebbeca:female,Tammy:female,Otto:male",test
0ea280ef-9015-4c7f-8f0d-aca698661e35,"('Rose', 'Sandra')",mother,brother-son-grandmother,"['brother', 'son', 'grandmother']","Rose:female,Peter:male,George:male,Sandra:female,Mark:male",test
750ff3c9-d9b4-4b54-b98e-7b05f07f91ac,"('Lisbeth', 'Rudolph')",father,brother-son-grandfather,"['brother', 'son', 'grandfather']","Lisbeth:female,James:male,Edward:male,Rudolph:male,Errol:male",test
efd08ab5-72bd-4c25-97a0-006f5039e86a,"('Carol', 'Sandra')",mother-in-law,husband-daughter-grandmother,"['husband', 'daughter', 'grandmother']","Carol:female,Mark:male,Anna:female,Sandra:female,Jacklyn:female",test
868c64c9-59eb-4bb6-9873-bfaaaf8cf121,"('Alfred', 'Sandra')",mother,daughter-mother-mother,"['daughter', 'mother', 'mother']","Alfred:male,Victoria:female,Lisbeth:female,Sandra:female,Anita:female",test
faa0f012-2334-4aa1-8eae-2723cf137324,"('Alfred', 'Sandra')",mother,daughter-mother-mother,"['daughter', 'mother', 'mother']","Alfred:male,Anita:female,Lisbeth:female,Sandra:female,Johnny:male",test
c42d6146-95d7-4d63-af7c-6319418aa47c,"('Lisa', 'Rudolph')",father,brother-son-grandfather,"['brother', 'son', 'grandfather']","Lisa:female,Alfred:male,Johnny:male,Rudolph:male,Lisbeth:female",test
f1884327-6437-4481-9e6b-574ed6927ed2,"('Carol', 'Sandra')",mother-in-law,husband-daughter-grandmother,"['husband', 'daughter', 'grandmother']","Carol:female,Mark:male,Jacklyn:female,Sandra:female,Carmen:female",test
82ac120d-af6f-4bad-a832-0c9dc3463692,"('James', 'Sandra')",mother,son-uncle-mother,"['son', 'uncle', 'mother']","James:male,Edward:male,Peter:male,Sandra:female,Jeannette:female",test
259a52e4-49ad-4430-a872-35886a067a93,"('Stacy', 'Michelle')",grandmother,brother-grandmother,"['brother', 'grandmother']","Stacy:female,Edward:male,Michelle:female,Karen:female",test
2de40292-8145-48ef-aa3d-bac307c8a143,"('Adam', 'Amanda')",granddaughter,granddaughter-sister,"['granddaughter', 'sister']","Adam:male,Mary:female,Amanda:female,Glenna:female",test
8b98c6fa-3a52-4f70-a5f5-18d2970a53d1,"('James', 'Sandra')",mother,brother-son-grandmother,"['brother', 'son', 'grandmother']","James:male,Alfred:male,Kenneth:male,Sandra:female,Anita:female",test
a88c8e8f-63e1-4b8a-96ce-703bc6182ccb,"('Mary', 'Michelle')",grandmother,brother-grandmother,"['brother', 'grandmother']","Mary:female,Mark:male,Michelle:female,James:male",test
01e3e64c-f3a7-4a0d-b642-348b157f814d,"('Lisa', 'Rudolph')",father,brother-son-grandfather,"['brother', 'son', 'grandfather']","Lisa:female,Mark:male,David:male,Rudolph:male,Danita:female",test
96af2048-992f-43bd-946f-95129c2ca988,"('Lisa', 'Sandra')",mother-in-law,husband-daughter-grandmother,"['husband', 'daughter', 'grandmother']","Lisa:female,Peter:male,Yvonne:female,Sandra:female,Lawrence:male",test
d438b9c7-1837-4368-9588-55897d318108,"('Sharon', 'Angela')",mother,husband-daughter-grandmother,"['husband', 'daughter', 'grandmother']","Sharon:female,John:male,Ruth:female,Angela:female,Mary:female,Fidel:male",test
f24eeb93-578f-4afe-8c2c-968cf7feba96,"('Bonnie', 'Joseph')",father,daughter-father-father,"['daughter', 'father', 'father']","Bonnie:female,Rebekah:female,Eugene:male,Joseph:male,Angela:female,Ruth:female",test
1eddbf3e-cc07-462c-9465-8dfacdbaa9ef,"('Marvin', 'Angela')",mother,son-mother-mother,"['son', 'mother', 'mother']","Marvin:male,Mario:male,Tracy:female,Angela:female,Joseph:male,Andrew:male",test
28bf942d-4233-4729-b530-13c24e88ede7,"('Marvin', 'Angela')",mother,daughter-mother-mother,"['daughter', 'mother', 'mother']","Marvin:male,Billie:female,Tracy:female,Angela:female,Joseph:male,Mark:male",test
413a812b-7749-4ff1-b804-3c381f0078e0,"('Bonnie', 'Angela')",mother,husband-daughter-grandmother,"['husband', 'daughter', 'grandmother']","Bonnie:female,Eugene:male,Tera:female,Angela:female,Wilbert:male,Marvin:male",test
c0f5399d-54d3-49bb-83b3-7e50c754a4bf,"('Tracy', 'Joseph')",father,brother-son-grandfather,"['brother', 'son', 'grandfather']","Tracy:female,John:male,Patrick:male,Joseph:male,Bonnie:female,Ronald:male",test
9dcd2bcd-b777-4ab8-bd2f-8db8bf183942,"('Tracy', 'Angela')",mother,brother-son-grandmother,"['brother', 'son', 'grandmother']","Tracy:female,Eugene:male,Glenn:male,Angela:female,Patrick:male,Christina:female",test
2d913509-aa91-4a3a-8e2e-b5dc93ade83a,"('Tracy', 'Angela')",mother,son-uncle-mother,"['son', 'uncle', 'mother']","Tracy:female,Mike:male,Eugene:male,Angela:female,Bonnie:female,Rebekah:female",test
79e6df88-b640-427d-8f62-f065a67ca128,"('Eugene', 'Angela')",mother,son-mother-mother,"['son', 'mother', 'mother']","Eugene:male,Noe:male,Bonnie:female,Angela:female,John:male,Mark:male",test
109838c2-d10b-4a31-a06b-6e12d545e18d,"('Sharon', 'Joseph')",father,brother-son-grandfather,"['brother', 'son', 'grandfather']","Sharon:female,Eugene:male,Glenn:male,Joseph:male,Randall:male,Noe:male",test
b5aa072f-c5c0-4dde-a2cc-a747e69d7842,"('Randall', 'Angela')",mother,brother-son-grandmother,"['brother', 'son', 'grandmother']","Randall:male,Marvin:male,Lester:male,Angela:female,George:male,Paul:male",test
8c68b9fb-e8c3-4443-860c-3eefda6e8b41,"('Sharon', 'Angela')",mother,husband-daughter-grandmother,"['husband', 'daughter', 'grandmother']","Sharon:female,John:male,Ruth:female,Angela:female,Tracy:female,June:female",test
b113fb94-859a-41a2-8ad5-29908b3ffd29,"('Bonnie', 'Joseph')",father,daughter-father-father,"['daughter', 'father', 'father']","Bonnie:female,Rebekah:female,Eugene:male,Joseph:male,Tracy:female,Ruth:female",test
541aacbe-0f05-46fd-8c2d-4d6724ca25ea,"('Peter', 'Sandra')",mother,brother-son-grandmother,"['brother', 'son', 'grandmother']","Peter:male,James:male,Edward:male,Sandra:female,Alfred:male",test
5caea696-936d-4835-a80e-d5dae428ad74,"('Rebbeca', 'Michelle')",grandmother,brother-grandmother,"['brother', 'grandmother']","Rebbeca:female,John:male,Michelle:female,Tammy:female",test
1a11759a-d2fd-46eb-a946-543c884141b8,"('Peter', 'Sandra')",mother,son-mother-mother,"['son', 'mother', 'mother']","Peter:male,Lawrence:male,Lisa:female,Sandra:female,Mark:male",test
cbc9062d-6716-4fec-9827-41d92899e65d,"('James', 'Sandra')",mother,son-mother-mother,"['son', 'mother', 'mother']","James:male,Casey:male,Rose:female,Sandra:female,Diana:female",test
1d272250-c72b-43de-8ebd-1a813922c8e7,"('Karen', 'Michelle')",grandmother,brother-grandmother,"['brother', 'grandmother']","Karen:female,Brian:male,Michelle:female,Melissa:female",test
43e72f09-9425-479e-8cee-d0fb784e4db5,"('Michelle', 'Stacy')",granddaughter,granddaughter-sister,"['granddaughter', 'sister']","Michelle:female,Karen:female,Stacy:female,Edward:male",test
37356bfd-6281-488e-91cb-6c52ff7bae59,"('David', 'Michelle')",grandmother,brother-grandmother,"['brother', 'grandmother']","David:male,Bernard:male,Michelle:female,Amanda:female",test
0c7a4fc3-32a5-439c-b1fb-b2e56deae176,"('Michelle', 'Stacy')",granddaughter,granddaughter-sister,"['granddaughter', 'sister']","Michelle:female,Karen:female,Stacy:female,Edward:male",test
0c5f0b55-ff4a-4493-8c33-dfba4dc7a46a,"('David', 'Michelle')",grandmother,brother-grandmother,"['brother', 'grandmother']","David:male,Bernard:male,Michelle:female,Amanda:female",test
797c16ff-6b39-4150-b47a-28cc0bae8e6d,"('Adam', 'Tammy')",granddaughter,granddaughter-sister,"['granddaughter', 'sister']","Adam:male,Rebbeca:female,Tammy:female,Dana:male",test
3d6b9a57-d742-44d9-81ba-dd22cbca6cbd,"('Karen', 'Michelle')",grandmother,brother-grandmother,"['brother', 'grandmother']","Karen:female,Brian:male,Michelle:female,Preston:male",test
98c95c3b-e625-42f0-b8eb-30e2e93e175f,"('Michelle', 'Rebbeca')",granddaughter,granddaughter-sister,"['granddaughter', 'sister']","Michelle:female,Ellen:female,Rebbeca:female,Dana:male",test
e2b95280-a8df-46d6-8348-0b2b3d0b6311,"('Sabrina', 'Michelle')",grandmother,brother-grandmother,"['brother', 'grandmother']","Sabrina:female,Jess:male,Michelle:female,Paul:male",test
5b3c3d47-e1d4-4b62-bf87-2f8c0bf96d5c,"('Adam', 'Beatrice')",granddaughter,granddaughter-sister,"['granddaughter', 'sister']","Adam:male,Ellen:female,Beatrice:female,Michelle:female",test
8c0c2d31-f829-4287-8605-2909ff380afc,"('Michelle', 'Rebbeca')",granddaughter,granddaughter-sister,"['granddaughter', 'sister']","Michelle:female,Tammy:female,Rebbeca:female,John:male",test
58bdf807-40ba-4cfe-a4ab-b66de4fdf178,"('Adam', 'Mary')",granddaughter,granddaughter-sister,"['granddaughter', 'sister']","Adam:male,Glenna:female,Mary:female,Rosemary:female",test
9286816c-c4fc-4e0e-876e-31080989e97a,"('Adam', 'Karen')",granddaughter,granddaughter-sister,"['granddaughter', 'sister']","Adam:male,Stacy:female,Karen:female,Melissa:female",test
f116b77c-1c81-466b-a237-380950d4fafc,"('Karen', 'Michelle')",grandmother,brother-grandmother,"['brother', 'grandmother']","Karen:female,Edward:male,Michelle:female,Kerri:female",test
7b818b8f-e6f9-4493-8042-95b7f45ed335,"('Rose', 'Sandra')",mother,husband-daughter-grandmother,"['husband', 'daughter', 'grandmother']","Rose:female,James:male,Jeannette:female,Sandra:female,Casey:male",test
11e663bc-affe-4102-bc92-48f06d1ed332,"('Rose', 'Rudolph')",father,daughter-father-father,"['daughter', 'father', 'father']","Rose:female,Jennifer:female,James:male,Rudolph:male,Diana:female",test
5f78f5de-4f31-48b9-9abb-60bf80a75ab8,"('Rose', 'Sandra')",mother,son-uncle-mother,"['son', 'uncle', 'mother']","Rose:female,Scott:male,Peter:male,Sandra:female,Casey:male",test
9c17e5c6-6a11-4eef-bff5-30d88cb20289,"('Lisbeth', 'Sandra')",mother,brother-son-grandmother,"['brother', 'son', 'grandmother']","Lisbeth:female,James:male,Scott:male,Sandra:female,Casey:male",test
0995178d-d8f4-45ce-8457-615e7e8ce46e,"('Lisa', 'Rudolph')",father,daughter-father-father,"['daughter', 'father', 'father']","Lisa:female,Yvonne:female,Peter:male,Rudolph:male,Rose:female",test
c4d7329a-fe7e-49f2-9f12-866a999570e3,"('Lisa', 'Sandra')",mother,husband-daughter-grandmother,"['husband', 'daughter', 'grandmother']","Lisa:female,Peter:male,Eustolia:female,Sandra:female,Stacy:male",test
fa2c65a8-7979-4cb9-b422-325c5e39dc19,"('James', 'Sandra')",mother,daughter-mother-mother,"['daughter', 'mother', 'mother']","James:male,Jennifer:female,Rose:female,Sandra:female,Diana:female",test
a8eb665e-b618-4faa-982c-5f8730e5666c,"('Alfred', 'Sandra')",mother,son-mother-mother,"['son', 'mother', 'mother']","Alfred:male,Francisco:male,Lisbeth:female,Sandra:female,James:male",test
3c832a39-8a8a-4b27-9eec-867b02e33dd2,"('Lisa', 'Sandra')",mother,son-uncle-mother,"['son', 'uncle', 'mother']","Lisa:female,Erik:male,Alfred:male,Sandra:female,Stacy:male",test
87564b8a-517b-4a1c-b621-b83487ebdf9b,"('Lisbeth', 'Rudolph')",father,brother-son-grandfather,"['brother', 'son', 'grandfather']","Lisbeth:female,James:male,Casey:male,Rudolph:male,Rose:female",test
cf2aafc7-5941-475f-915f-1f9eccf343e9,"('Peter', 'Sandra')",mother,brother-son-grandmother,"['brother', 'son', 'grandmother']","Peter:male,James:male,Scott:male,Sandra:female,Casey:male",test
b6f6b3a3-f750-43e4-88e0-b4b581133e91,"('Rose', 'Rudolph')",father,daughter-father-father,"['daughter', 'father', 'father']","Rose:female,Sue:female,James:male,Rudolph:male,Edward:male",test
f170b014-2c0d-41a2-986f-c627355b7c0c,"('Lisbeth', 'Rudolph')",father,daughter-father-father,"['daughter', 'father', 'father']","Lisbeth:female,Victoria:female,Alfred:male,Rudolph:male,Kenneth:male",test
6a454d57-3a2b-44cb-8630-66e1205b349d,"('Lisa', 'Sandra')",mother,son-uncle-mother,"['son', 'uncle', 'mother']","Lisa:female,Lawrence:male,James:male,Sandra:female,Peter:male",test
4617a35d-7eaf-43cc-b170-ab3b5b7bd8c5,"('Marvin', 'Emily')",mother,brother-son-grandmother,"['brother', 'son', 'grandmother']","Marvin:male,William:male,Samuel:male,Emily:female",test
385478a8-3c4f-4b96-8968-54e173317e95,"('Marvin', 'Emily')",mother,daughter-mother-mother,"['daughter', 'mother', 'mother']","Marvin:male,Wendy:female,Margaret:female,Emily:female",test
db7463d4-5a83-41be-85df-183b95f5c7b7,"('Michelle', 'Emily')",mother,son-uncle-mother,"['son', 'uncle', 'mother']","Michelle:female,Jeffrey:male,David:male,Emily:female",test
238a7de9-5884-4d7e-8db0-fa0fa6191a34,"('Sarah', 'James')",father,daughter-father-father,"['daughter', 'father', 'father']","Sarah:female,Betty:female,Dennis:male,James:male,Cathy:female",test
dec9989c-61d3-4f1c-acda-8010a503568a,"('Giuseppe', 'Lisa')",mother,son-mother-mother,"['son', 'mother', 'mother']","Giuseppe:male,Ira:male,Gloria:female,Lisa:female,Helen:female",test
b3daa145-91b1-4e06-a197-15af22074a79,"('Mary', 'Lisa')",mother-in-law,husband-daughter-grandmother,"['husband', 'daughter', 'grandmother']","Mary:female,Leonard:male,Anita:female,Lisa:female,Margarita:female",test
0809879b-6922-48ca-8273-726846cb6c26,"('Melissa', 'Cristina')",aunt,sister-sister-sister-mother-sister,"['sister', 'sister', 'sister', 'mother', 'sister']","Melissa:female,Annie:female,Margaret:female,Lisa:female,Rosa:female,Cristina:female",test
d358e6d8-36f6-43a5-b006-8109532d420d,"('Dennis', 'Lisa')",mother,son-uncle-mother,"['son', 'uncle', 'mother']","Dennis:male,Willie:male,Leonard:male,Lisa:female,Rene:male",test
3e7637d7-27a5-4c72-a1f8-59a2b7b27cd1,"('Giuseppe', 'Lisa')",mother,daughter-mother-mother,"['daughter', 'mother', 'mother']","Giuseppe:male,Anna:female,Gloria:female,Lisa:female,Bridgett:female",test
e1988116-216c-4d40-b32e-ce569a381a39,"('Giuseppe', 'James')",father,brother-son-grandfather,"['brother', 'son', 'grandfather']","Giuseppe:male,Dennis:male,Willie:male,James:male,Sarah:female",test
1fd25095-3595-4b40-87a8-d8c39e5756c8,"('Dennis', 'Lisa')",mother,brother-son-grandmother,"['brother', 'son', 'grandmother']","Dennis:male,Elijah:male,Robert:male,Lisa:female,Willie:male",test
f7312fd9-aac4-4e18-89d8-a5bd54d6f9ad,"('Gloria', 'James')",father,daughter-father-father,"['daughter', 'father', 'father']","Gloria:female,Frances:female,Giuseppe:male,James:male,Anna:female",test
37de40d6-db24-45a9-9718-b7a75e740b8c,"('Gloria', 'James')",father,brother-son-grandfather,"['brother', 'son', 'grandfather']","Gloria:female,Dennis:male,Randall:male,James:male,Willie:male",test
49719dd0-cb9a-47d9-b2ca-8796a761edcc,"('Mary', 'Lisa')",mother-in-law,husband-daughter-grandmother,"['husband', 'daughter', 'grandmother']","Mary:female,Leonard:male,Tammy:female,Lisa:female,Anita:female",test
35681123-b6af-4be0-9b6f-ce0f0a82a0d2,"('Gloria', 'Lisa')",mother,brother-son-grandmother,"['brother', 'son', 'grandmother']","Gloria:female,Dennis:male,Randall:male,Lisa:female,Betty:female",test
565bfdbc-319c-4d91-bb01-08ba13abf414,"('Sarah', 'Lisa')",mother,son-uncle-mother,"['son', 'uncle', 'mother']","Sarah:female,Randall:male,Elijah:male,Lisa:female,Cathy:female",test
efe51453-5959-4e1a-b4e8-84dce3322b5b,"('Elijah', 'Lisa')",mother,daughter-mother-mother,"['daughter', 'mother', 'mother']","Elijah:male,Adeline:female,Michaele:female,Lisa:female,Mary:female",test
6af9c0cc-483f-464b-9674-434357177f6c,"('Michaele', 'Lisa')",mother,husband-daughter-grandmother,"['husband', 'daughter', 'grandmother']","Michaele:female,Elijah:male,Vivian:female,Lisa:female,Kimberly:female",test
370d72c2-f720-40bc-ab27-44e30d6b03d1,"('Gloria', 'Lisa')",mother,son-uncle-mother,"['son', 'uncle', 'mother']","Gloria:female,Ira:male,Dennis:male,Lisa:female,Bridgett:female",test
69f056f4-19f1-4993-876c-f056aaea41b7,"('William', 'Emily')",mother,brother-son-grandmother,"['brother', 'son', 'grandmother']","William:male,Marvin:male,Luis:male,Emily:female",test
2a61daaf-8230-4f19-855c-0f59d96d6efa,"('Margaret', 'Joseph')",father,brother-son-grandfather,"['brother', 'son', 'grandfather']","Margaret:female,Edwin:male,Lucas:male,Joseph:male",test
a19a86e3-e940-4541-8720-b3a42e2a1635,"('Elijah', 'Lisa')",mother,son-mother-mother,"['son', 'mother', 'mother']","Elijah:male,Raul:male,Michaele:female,Lisa:female,Kirk:male",test
1fea381e-0f34-435f-8e7d-ea31c6273793,"('Edwin', 'Emily')",mother,son-mother-mother,"['son', 'mother', 'mother']","Edwin:male,Jeremy:male,Marilyn:female,Emily:female",test
a9f2b127-eb5d-4d1e-b545-feb6b952671c,"('Margaret', 'Joseph')",father,daughter-father-father,"['daughter', 'father', 'father']","Margaret:female,Ignacia:female,Marvin:male,Joseph:male",test
620d7c59-f056-4705-bc7c-5f86b36a8cb0,"('Margaret', 'Emily')",mother-in-law,husband-daughter-grandmother,"['husband', 'daughter', 'grandmother']","Margaret:female,Marvin:male,Ignacia:female,Emily:female",test
f3523f6e-d8f1-4054-98e1-329d6ee41a7f,"('Marilyn', 'Emily')",mother,son-uncle-mother,"['son', 'uncle', 'mother']","Marilyn:female,Richard:male,William:male,Emily:female",test
67257678-d800-4ca0-bd8f-1fe1ee079336,"('Marvin', 'Emily')",mother,brother-son-grandmother,"['brother', 'son', 'grandmother']","Marvin:male,Edwin:male,Jeremy:male,Emily:female",test
12b57169-af7d-4405-afe4-2d12ecd5a859,"('Marilyn', 'Joseph')",father,brother-son-grandfather,"['brother', 'son', 'grandfather']","Marilyn:female,William:male,Paul:male,Joseph:male",test
677d2a50-f8ed-4bf1-90b5-bf258f0f92ff,"('Edwin', 'Emily')",mother,son-mother-mother,"['son', 'mother', 'mother']","Edwin:male,Richard:male,Marilyn:female,Emily:female",test
5243d363-0478-4666-a0ff-a08fd2a99198,"('William', 'Emily')",mother,daughter-mother-mother,"['daughter', 'mother', 'mother']","William:male,Darlene:female,Michelle:female,Emily:female",test
1c6cd5cd-0fa6-4d24-90db-756c73a30d74,"('Sarah', 'Lisa')",mother,husband-daughter-grandmother,"['husband', 'daughter', 'grandmother']","Sarah:female,Dennis:male,Cathy:female,Lisa:female,Betty:female",test
b45cb607-d363-4281-8ca2-b4d9931bf5b3,"('Margaret', 'Joseph')",father,brother-son-grandfather,"['brother', 'son', 'grandfather']","Margaret:female,David:male,Troy:male,Joseph:male",test
a32aa44d-8bac-4a5e-9509-6cbc5f21c006,"('Elijah', 'Lisa')",mother,brother-son-grandmother,"['brother', 'son', 'grandmother']","Elijah:male,Leonard:male,Richard:male,Lisa:female,Sarah:female",test
7520cdfe-6f2a-4c76-9fed-57a6ce93abf9,"('Giuseppe', 'Lisa')",mother,son-uncle-mother,"['son', 'uncle', 'mother']","Giuseppe:male,Tom:male,Elijah:male,Lisa:female,Gloria:female",test
63b15900-e106-470f-905d-f0a174a36551,"('Giuseppe', 'James')",father,brother-son-grandfather,"['brother', 'son', 'grandfather']","Giuseppe:male,Dennis:male,Rene:male,James:male,Randall:male",test
9f870806-c18c-482e-8bff-e4988aaadb90,"('Giuseppe', 'Lisa')",mother,daughter-mother-mother,"['daughter', 'mother', 'mother']","Giuseppe:male,Helen:female,Gloria:female,Lisa:female,Eric:male",test
fd8f14ab-5637-4f1c-b8e5-842dd8ce2f01,"('Elijah', 'James')",father,brother-son-grandfather,"['brother', 'son', 'grandfather']","Elijah:male,Giuseppe:male,Tom:male,James:male,Eric:male",test
63b5ff0c-528b-4bb7-8bcb-6388c0c7019f,"('Mary', 'James')",father,brother-son-grandfather,"['brother', 'son', 'grandfather']","Mary:female,Giuseppe:male,Ira:male,James:male,Luis:male",test
4fed4873-d6b1-4ddd-8185-91d8f972fd32,"('Giuseppe', 'Lisa')",mother,son-uncle-mother,"['son', 'uncle', 'mother']","Giuseppe:male,Tom:male,Dennis:male,Lisa:female,Rene:male",test
68a622d3-267a-4db7-8511-849dfa96c134,"('Michaele', 'Lisa')",mother,brother-son-grandmother,"['brother', 'son', 'grandmother']","Michaele:female,Dennis:male,Randall:male,Lisa:female,Sarah:female",test
c57fc697-c113-445c-b73b-ee7533861b5a,"('Glenna', 'Michelle')",grandmother,brother-grandmother,"['brother', 'grandmother']","Glenna:female,Mark:male,Michelle:female,James:male",test
f212e3e9-983d-4b42-8b79-eda473cd3674,"('Michelle', 'Stacy')",granddaughter,granddaughter-sister,"['granddaughter', 'sister']","Michelle:female,Kerri:female,Stacy:female,Melissa:female",test
88b9f872-b1ed-437c-8b94-dfa6f478ec51,"('Mary', 'Lisa')",mother,son-uncle-mother,"['son', 'uncle', 'mother']","Mary:female,Ray:male,Giuseppe:male,Lisa:female,Frances:female",test
50e5d846-59bb-4d34-bed2-ee6f992be8d4,"('Gloria', 'James')",father,daughter-father-father,"['daughter', 'father', 'father']","Gloria:female,Frances:female,Giuseppe:male,James:male,Dennis:male",test
d5f5a15c-4b46-45aa-9ab5-c80cf028c16d,"('Elijah', 'Lisa')",mother,daughter-mother-mother,"['daughter', 'mother', 'mother']","Elijah:male,Vivian:female,Michaele:female,Lisa:female,Josie:female",test
2514c281-721a-4b9d-bf0f-9beca080b9f2,"('Sarah', 'Lisa')",mother-in-law,husband-daughter-grandmother,"['husband', 'daughter', 'grandmother']","Sarah:female,Dennis:male,Cathy:female,Lisa:female,Rene:male",test
a67b5d7f-a2d6-4b89-a120-3b9d242c14ae,"('Gloria', 'James')",father,daughter-father-father,"['daughter', 'father', 'father']","Gloria:female,Anna:female,Giuseppe:male,James:male,Luis:male",test
8695e5e0-ddb9-4c6f-b04a-1bd7240722c9,"('Elijah', 'Lisa')",mother,son-mother-mother,"['son', 'mother', 'mother']","Elijah:male,Robert:male,Michaele:female,Lisa:female,Raul:male",test
6e957a7f-35ac-4dd0-9b5a-4028e8afbd7a,"('Gloria', 'Lisa')",mother,brother-son-grandmother,"['brother', 'son', 'grandmother']","Gloria:female,Elijah:male,Jay:male,Lisa:female,Helen:female",test
db8220b8-dd29-419b-a571-5a077f7e0029,"('Giuseppe', 'James')",father,brother-son-grandfather,"['brother', 'son', 'grandfather']","Giuseppe:male,Dennis:male,Mack:male,James:male,Helen:female",test
55d50d3e-0f97-4941-bef3-233d3cf24d9d,"('Michaele', 'Lisa')",mother,son-uncle-mother,"['son', 'uncle', 'mother']","Michaele:female,Raul:male,Leonard:male,Lisa:female,Elijah:male",test
d936cca8-1b63-4aea-8beb-83f1aa6ea60c,"('Michaele', 'Lisa')",mother,son-uncle-mother,"['son', 'uncle', 'mother']","Michaele:female,Kirk:male,Leonard:male,Lisa:female,Margarita:female",test
d5527566-bc19-4f6d-9385-7b125635bacb,"('Gloria', 'James')",father,daughter-father-father,"['daughter', 'father', 'father']","Gloria:female,Bridgett:female,Giuseppe:male,James:male,Ira:male",test
d02f2253-ffab-4c06-b061-5e345a60b666,"('Michaele', 'James')",father,brother-son-grandfather,"['brother', 'son', 'grandfather']","Michaele:female,Giuseppe:male,Ira:male,James:male,Eric:male",test
c9b07699-d2a3-4b84-9c62-285f20c507ef,"('Giuseppe', 'Lisa')",mother,daughter-mother-mother,"['daughter', 'mother', 'mother']","Giuseppe:male,Frances:female,Gloria:female,Lisa:female,Bridgett:female",test
4093122a-beb3-4967-b135-291d7da5ef2a,"('Michaele', 'Lisa')",mother,husband-daughter-grandmother,"['husband', 'daughter', 'grandmother']","Michaele:female,Elijah:male,Josie:female,Lisa:female,Kimberly:female",test
ec5a7e76-5c30-44a6-96f8-6b1dc9926286,"('Dennis', 'Lisa')",mother,brother-son-grandmother,"['brother', 'son', 'grandmother']","Dennis:male,Giuseppe:male,Ira:male,Lisa:female,Frances:female",test
bc1414b2-319d-4f28-9955-2ca7ab168bb9,"('Elijah', 'Lisa')",mother,son-mother-mother,"['son', 'mother', 'mother']","Elijah:male,Raul:male,Michaele:female,Lisa:female,Sarah:female",test
0b46865f-7871-435e-8164-af38c8f32a74,"('Michaele', 'James')",father,daughter-father-father,"['daughter', 'father', 'father']","Michaele:female,Vivian:female,Elijah:male,James:male,Kimberly:female",test
cfb6fc16-0328-4f26-b7e6-482b7683519f,"('Dennis', 'Lisa')",mother,daughter-mother-mother,"['daughter', 'mother', 'mother']","Dennis:male,Hester:female,Sarah:female,Lisa:female,Cathy:female",test
a7ffda53-efc0-440e-bc12-c741ee693f40,"('Elijah', 'Lisa')",mother,son-mother-mother,"['son', 'mother', 'mother']","Elijah:male,Robert:male,Michaele:female,Lisa:female,Jay:male",test
a546bbe6-9dcd-4df6-987c-aa5273f1c5fc,"('Dennis', 'James')",father,brother-son-grandfather,"['brother', 'son', 'grandfather']","Dennis:male,Leonard:male,Gary:male,James:male,Dawn:female",test
b8e00404-746d-4790-ac01-5a94fa0865b0,"('Elijah', 'Lisa')",mother,son-mother-mother,"['son', 'mother', 'mother']","Elijah:male,Raul:male,Michaele:female,Lisa:female,Sarah:female",test
0285e12a-c52f-4589-8186-af11cba470d4,"('Marilyn', 'Joseph')",father,daughter-father-father,"['daughter', 'father', 'father']","Marilyn:female,Rebecca:female,Edwin:male,Joseph:male",test
5b33d19f-cb34-45e1-8aab-44c943316adc,"('Marvin', 'Emily')",mother,brother-son-grandmother,"['brother', 'son', 'grandmother']","Marvin:male,William:male,Andrew:male,Emily:female",test
b8904e31-5f6f-4fb5-8de9-6739da3f99a6,"('Gloria', 'Lisa')",mother,brother-son-grandmother,"['brother', 'son', 'grandmother']","Gloria:female,Elijah:male,Raul:male,Lisa:female,James:male",test
4ec14801-49dc-42ce-96ff-cb3934455072,"('Giuseppe', 'Lisa')",mother,brother-son-grandmother,"['brother', 'son', 'grandmother']","Giuseppe:male,Leonard:male,Gary:male,Lisa:female,Anna:female",test
ac99bf23-4b61-4789-8404-dde3932965d3,"('Mark', 'Amanda')",niece,brother-father-son-daughter-mother-brother-sister-son-sister,"['brother', 'father', 'son', 'daughter', 'mother', 'brother', 'sister', 'son', 'sister']","Mark:male,John:male,Charles:male,Kyle:male,Maryann:female,Bonita:female,Ronald:male,Willie:female,Timothy:male,Amanda:female",test
3bf303a6-d2fd-46a7-8b4a-682a5f859ac0,"('Jeremy', 'Jeff')",brother,sister-sister-father-daughter-brother,"['sister', 'sister', 'father', 'daughter', 'brother']","Jeremy:male,Stephanie:female,Gloria:female,Jason:male,Jeff:male",test
827ab57a-4c2e-4656-a6f3-c054b4dd1648,"('Sheila', 'Diana')",sister,mother-husband-son-sister-sister,"['mother', 'husband', 'son', 'sister', 'sister']","Sheila:female,Cristina:female,Jonathan:male,William:male,Traci:female,Diana:female",test
df55fe92-857a-4f65-b444-0b2a1f24d527,"('Gary', 'Patricia')",grandmother,mother-sister-mother,"['mother', 'sister', 'mother']","Gary:male,Marissa:female,Elizabeth:female,Patricia:female,Dennis:male,Kathleen:female",test
aa312618-9975-4280-a46d-82c1e870aad5,"('Elizabeth', 'Patricia')",mother,son-father-mother,"['son', 'father', 'mother']","Elizabeth:female,Clarence:male,James:male,Patricia:female,Marissa:female,Rhonda:female",test
899d0f23-55d6-442e-83c5-661eeb21e199,"('Norman', 'Patricia')",mother,daughter-mother-mother,"['daughter', 'mother', 'mother']","Norman:male,Hilda:female,Dawn:female,Patricia:female,Jason:male,Elizabeth:female",test
203f2491-7ce5-47be-927e-a87acb2835eb,"('Fred', 'Patricia')",mother,wife-son-grandmother,"['wife', 'son', 'grandmother']","Fred:male,Marissa:female,Thomas:male,Patricia:female,Robert:male,Dawn:female",test
311cca5a-a790-42ae-a517-9feabb9e3046,"('Elizabeth', 'Antonio')",father,son-aunt-father,"['son', 'aunt', 'father']","Elizabeth:female,Frank:male,Dawn:female,Antonio:male,Fred:male,Marguerite:female",test
02fb29a9-08ea-49bd-a71c-367ccac3caf7,"('Norman', 'Patricia')",mother,sister-daughter-grandmother,"['sister', 'daughter', 'grandmother']","Norman:male,Alverta:female,Kathleen:female,Patricia:female,Marissa:female,Gary:male",test
3570e4ba-844b-4e51-9123-bbfbb2e31512,"('Blanca', 'Patricia')",grandmother,mother-sister-mother,"['mother', 'sister', 'mother']","Blanca:female,Elizabeth:female,Alverta:female,Patricia:female,Kelley:female,Marissa:female",test
b3c74077-bccb-47fc-9156-69f2a03a35d8,"('Elizabeth', 'Antonio')",father,son-father-father,"['son', 'father', 'father']","Elizabeth:female,Leroy:male,James:male,Antonio:male,Robert:male,Pablo:male",test
5561b257-dfe9-4564-bd37-3e62fcc0a6d4,"('Dawn', 'Patricia')",mother,son-father-mother,"['son', 'father', 'mother']","Dawn:female,Harold:male,Norman:male,Patricia:female,James:male,Marguerite:female",test
64b16350-e8b4-4b6f-b0b7-3e8004da6e09,"('Norman', 'Patricia')",mother,daughter-mother-mother,"['daughter', 'mother', 'mother']","Norman:male,Audry:female,Dawn:female,Patricia:female,Elizabeth:female,Leroy:male",test
4192a5af-a75a-4995-8a06-95f67362ea26,"('Fred', 'Patricia')",mother,sister-daughter-grandmother,"['sister', 'daughter', 'grandmother']","Fred:male,Elizabeth:female,Esther:female,Patricia:female,Robert:male,Ronald:male",test
53e9bd0b-3d3f-4860-aa9c-e418ecadaffb,"('Fred', 'Patricia')",mother,wife-son-grandmother,"['wife', 'son', 'grandmother']","Fred:male,Marissa:female,Thomas:male,Patricia:female,Dawn:female,Ronald:male",test
4779215a-b06f-4f5c-a406-39aab9fa26e4,"('Alverta', 'Antonio')",father,son-aunt-father,"['son', 'aunt', 'father']","Alverta:female,Todd:male,Marissa:female,Antonio:male,James:male,Jason:male",test
15f83f4b-ea3d-4394-b8d3-d39c07261cfb,"('Dawn', 'Antonio')",father,son-aunt-father,"['son', 'aunt', 'father']","Dawn:female,John:male,Alverta:female,Antonio:male,James:male,Marissa:female",test
24063f0f-39f6-4b66-9f4e-5b0880cd18ba,"('Alex', 'Patricia')",grandmother,mother-sister-mother,"['mother', 'sister', 'mother']","Alex:male,Alverta:female,Elizabeth:female,Patricia:female,Nancy:female,Dawn:female",test
528d8b34-11dc-4366-98f7-a3e4fa5ec02e,"('Marissa', 'Antonio')",father,son-father-father,"['son', 'father', 'father']","Marissa:female,Jason:male,Fred:male,Antonio:male,James:male,Blanca:female",test
636a354f-30b3-408e-97d5-4b5c012c7962,"('Norman', 'Patricia')",mother,wife-son-grandmother,"['wife', 'son', 'grandmother']","Norman:male,Dawn:female,Henry:male,Patricia:female,Antonio:male,Alverta:female",test
62712a3b-cfaf-4f9a-8f52-ae7fea702279,"('Dawn', 'Patricia')",mother,sister-daughter-grandmother,"['sister', 'daughter', 'grandmother']","Dawn:female,Marissa:female,Rhonda:female,Patricia:female,Todd:male,Kathleen:female",test
d014d7ff-29da-43b3-afd2-23faba53caff,"('Dawn', 'Patricia')",mother,son-father-mother,"['son', 'father', 'mother']","Dawn:female,Harold:male,Norman:male,Patricia:female,Elizabeth:female,Henry:male",test
494907ea-9ba7-4f7a-b3f6-9b04d3c583f5,"('Alverta', 'Antonio')",father,son-aunt-father,"['son', 'aunt', 'father']","Alverta:female,Dennis:male,Dawn:female,Antonio:male,Marissa:female,Harry:male",test
e8bac0ce-5739-4cd6-b0c1-56371835f082,"('Fred', 'Patricia')",mother,daughter-mother-mother,"['daughter', 'mother', 'mother']","Fred:male,Rhonda:female,Marissa:female,Patricia:female,Elizabeth:female,Robert:male",test
17983a2b-fe35-47ba-9f9a-5ca767f785f9,"('Henry', 'Patricia')",grandmother,mother-sister-mother,"['mother', 'sister', 'mother']","Henry:male,Dawn:female,Elizabeth:female,Patricia:female,Rhonda:female,Leslie:female",test
9eafd629-b3a9-4497-b6ff-7ca6e0bec384,"('Gloria', 'Lisa')",mother,husband-daughter-grandmother,"['husband', 'daughter', 'grandmother']","Gloria:female,Giuseppe:male,Frances:female,Lisa:female,Tom:male",test
e1e51782-d2ad-4e7e-bc25-ab03a0d6794a,"('Edwin', 'Emily')",mother,son-uncle-mother,"['son', 'uncle', 'mother']","Edwin:male,Victor:male,David:male,Emily:female",test
ecfa1577-db03-45dd-8cc7-4e7eda95bbab,"('Giuseppe', 'Lisa')",mother,son-mother-mother,"['son', 'mother', 'mother']","Giuseppe:male,Luis:male,Gloria:female,Lisa:female,Frances:female",test
248359c9-673f-4350-abde-a6669e2aabde,"('Giuseppe', 'Lisa')",mother,son-uncle-mother,"['son', 'uncle', 'mother']","Giuseppe:male,Tom:male,Leonard:male,Lisa:female,Tammy:female",test
7c82705d-2dd4-4619-81f5-ecbf0bd10052,"('Dawn', 'Emily')",mother-in-law,husband-daughter-grandmother,"['husband', 'daughter', 'grandmother']","Dawn:female,David:male,Vivian:female,Emily:female",test
73ce010a-b2c3-48b5-988f-474c7b4a94d8,"('Marvin', 'Emily')",mother,daughter-mother-mother,"['daughter', 'mother', 'mother']","Marvin:male,Ignacia:female,Margaret:female,Emily:female",test
1bb8a87c-db88-4f89-b022-88aec92ee71a,"('Sarah', 'James')",father,daughter-father-father,"['daughter', 'father', 'father']","Sarah:female,Betty:female,Dennis:male,James:male,Rene:male",test
7b0f678b-8ba7-4a9f-b41b-ba8682b74b2e,"('Giuseppe', 'Lisa')",mother,daughter-mother-mother,"['daughter', 'mother', 'mother']","Giuseppe:male,Bridgett:female,Gloria:female,Lisa:female,Helen:female",test
9f04a614-f317-4544-860c-c123b20e4c71,"('Elijah', 'Lisa')",mother,son-mother-mother,"['son', 'mother', 'mother']","Elijah:male,Raul:male,Michaele:female,Lisa:female,Robert:male",test
23ff13cc-31e0-4679-8cb9-7255546c8175,"('Michaele', 'Lisa')",mother,brother-son-grandmother,"['brother', 'son', 'grandmother']","Michaele:female,Dennis:male,Mack:male,Lisa:female,Sarah:female",test
19b52d5f-aca0-4f6b-8606-d84262e331b6,"('Elijah', 'Lisa')",mother,son-uncle-mother,"['son', 'uncle', 'mother']","Elijah:male,Jay:male,Leonard:male,Lisa:female,Gloria:female",test
f4208d31-5a41-414f-86fd-5d8ddc4b571d,"('Michaele', 'James')",father,daughter-father-father,"['daughter', 'father', 'father']","Michaele:female,Kimberly:female,Elijah:male,James:male,Jay:male",test
acd602a3-a5c1-4b2f-bf56-eaa1602ee3c4,"('Giuseppe', 'Lisa')",mother,son-mother-mother,"['son', 'mother', 'mother']","Giuseppe:male,Luis:male,Gloria:female,Lisa:female,Elijah:male",test
22d6e328-318e-40d2-bf51-66f2d704708f,"('Leonard', 'James')",father,brother-son-grandfather,"['brother', 'son', 'grandfather']","Leonard:male,Elijah:male,Raul:male,James:male,Dawn:female",test
bc33dc05-8285-4a43-8837-9e66f14ba328,"('Gloria', 'Lisa')",mother,husband-daughter-grandmother,"['husband', 'daughter', 'grandmother']","Gloria:female,Giuseppe:male,Frances:female,Lisa:female,Anna:female",test
8f8bd406-5867-4229-9d1f-8a47d32ba3d4,"('Mary', 'Lisa')",mother-in-law,husband-daughter-grandmother,"['husband', 'daughter', 'grandmother']","Mary:female,Leonard:male,Margarita:female,Lisa:female,Anita:female",test
57da9219-b00c-4602-bad7-969aa01c5143,"('Michaele', 'Lisa')",mother,brother-son-grandmother,"['brother', 'son', 'grandmother']","Michaele:female,Giuseppe:male,Luis:male,Lisa:female,Robert:male",test
72bc310a-73b3-4f63-9aff-0f0c04f52ec8,"('Michaele', 'James')",father,brother-son-grandfather,"['brother', 'son', 'grandfather']","Michaele:female,Giuseppe:male,Tom:male,James:male,Bridgett:female",test
2d84cbd4-f476-42c2-bb70-b8b59ecca425,"('Giuseppe', 'Lisa')",mother,daughter-mother-mother,"['daughter', 'mother', 'mother']","Giuseppe:male,Bridgett:female,Gloria:female,Lisa:female,Eric:male",test
39f73077-17da-4a49-bc20-577d630ad63d,"('Mary', 'Lisa')",mother,son-uncle-mother,"['son', 'uncle', 'mother']","Mary:female,Michael:male,Giuseppe:male,Lisa:female,Ray:male",test
cffe9fa0-889b-45b7-af2f-f10cb6b60600,"('Gloria', 'James')",father,daughter-father-father,"['daughter', 'father', 'father']","Gloria:female,Helen:female,Giuseppe:male,James:male,Eric:male",test
bd4f5f9d-eac0-4571-9b92-e835de4576c4,"('Dennis', 'Lisa')",mother,son-mother-mother,"['son', 'mother', 'mother']","Dennis:male,Rene:male,Sarah:female,Lisa:female,Betty:female",test
2a44bfd7-abc0-4989-a0fd-4b24e86d9c66,"('Giuseppe', 'Lisa')",mother,son-mother-mother,"['son', 'mother', 'mother']","Giuseppe:male,Luis:male,Gloria:female,Lisa:female,Helen:female",test
b1da6095-60f3-4c35-9ada-58c6fdff9181,"('Michaele', 'James')",father,daughter-father-father,"['daughter', 'father', 'father']","Michaele:female,Josie:female,Elijah:male,James:male,Gloria:female",test
15115ef7-0a39-4aba-9de1-98cd4f1f12df,"('Michaele', 'Lisa')",mother,brother-son-grandmother,"['brother', 'son', 'grandmother']","Michaele:female,Giuseppe:male,Eric:male,Lisa:female,Bridgett:female",test
77ba21fa-3183-4853-92bf-20a53d554383,"('Gloria', 'Lisa')",mother,son-uncle-mother,"['son', 'uncle', 'mother']","Gloria:female,Ira:male,Elijah:male,Lisa:female,Mary:female",test
7181800d-7038-4975-8307-92c9d40e746b,"('Giuseppe', 'James')",father,brother-son-grandfather,"['brother', 'son', 'grandfather']","Giuseppe:male,Elijah:male,Robert:male,James:male,Eric:male",test
f4bfd870-475f-4f13-95a3-c17cc1ab1c9d,"('Elijah', 'Lisa')",mother,daughter-mother-mother,"['daughter', 'mother', 'mother']","Elijah:male,Adeline:female,Michaele:female,Lisa:female,Jay:male",test
490b0281-56b8-406f-be6c-f4acbc706d58,"('Sarah', 'Lisa')",mother-in-law,husband-daughter-grandmother,"['husband', 'daughter', 'grandmother']","Sarah:female,Dennis:male,Hester:female,Lisa:female,Alberta:female",test
e8e30e17-f115-41cc-aef7-7fffc5a2344b,"('Giuseppe', 'Lisa')",mother,daughter-mother-mother,"['daughter', 'mother', 'mother']","Giuseppe:male,Anna:female,Gloria:female,Lisa:female,Frances:female",test
30fec49b-7669-43ae-976e-b76588635ec9,"('Gloria', 'James')",father,daughter-father-father,"['daughter', 'father', 'father']","Gloria:female,Anna:female,Giuseppe:male,James:male,Elijah:male",test
9c4aa91a-a647-480f-bb71-a75756195e67,"('Gloria', 'James')",father,brother-son-grandfather,"['brother', 'son', 'grandfather']","Gloria:female,Elijah:male,Jay:male,James:male,Dennis:male",test
a8adb784-edb6-42c1-8e07-407f09da30a4,"('Gloria', 'James')",father,daughter-father-father,"['daughter', 'father', 'father']","Gloria:female,Anna:female,Giuseppe:male,James:male,Helen:female",test
dd5ccc8a-8988-4ed3-aaeb-c019520b64a7,"('Mary', 'Lisa')",mother,son-uncle-mother,"['son', 'uncle', 'mother']","Mary:female,Ray:male,Elijah:male,Lisa:female,Richard:male",test
5372b50c-36ae-4970-8baa-9741ccad8b2b,"('Giuseppe', 'Lisa')",mother,daughter-mother-mother,"['daughter', 'mother', 'mother']","Giuseppe:male,Bridgett:female,Gloria:female,Lisa:female,Anna:female",test
0bf849ff-9528-4a9e-b60a-dbd263c0072e,"('Dawn', 'Emily')",mother-in-law,husband-daughter-grandmother,"['husband', 'daughter', 'grandmother']","Dawn:female,David:male,Delia:female,Emily:female",test
019f0e0f-6663-47bf-b9a4-24ec5136c1eb,"('William', 'Emily')",mother,son-mother-mother,"['son', 'mother', 'mother']","William:male,Andrew:male,Michelle:female,Emily:female",test
75546aa2-6453-463c-87d2-314023604cd5,"('Margaret', 'Emily')",mother,brother-son-grandmother,"['brother', 'son', 'grandmother']","Margaret:female,William:male,Samuel:male,Emily:female",test
3549d368-7b80-4856-9064-779869f95e5e,"('Edwin', 'Emily')",mother,son-mother-mother,"['son', 'mother', 'mother']","Edwin:male,Richard:male,Marilyn:female,Emily:female",test
98102f40-e6e3-4adf-8057-78b74926c5e4,"('Margaret', 'Emily')",mother-in-law,husband-daughter-grandmother,"['husband', 'daughter', 'grandmother']","Margaret:female,Marvin:male,Mary:female,Emily:female",test
6a4abed9-6cdd-4298-8e72-f35bd4b0dd3c,"('Michelle', 'Joseph')",father,daughter-father-father,"['daughter', 'father', 'father']","Michelle:female,Darlene:female,William:male,Joseph:male",test
5843b7df-eeef-40f7-9f1d-56743ffbda32,"('Margaret', 'Emily')",mother-in-law,husband-daughter-grandmother,"['husband', 'daughter', 'grandmother']","Margaret:female,Marvin:male,Adelia:female,Emily:female",test
41032645-11f6-4a20-b068-88a201262815,"('Margaret', 'Joseph')",father,daughter-father-father,"['daughter', 'father', 'father']","Margaret:female,Adelia:female,Marvin:male,Joseph:male",test
52f5f6ab-8b44-45aa-b134-64c05d004681,"('Michelle', 'Joseph')",father,daughter-father-father,"['daughter', 'father', 'father']","Michelle:female,Darlene:female,William:male,Joseph:male",test
b797f1ad-0a5a-4f7f-9d98-85efbb3ac3c4,"('William', 'Gordon')",nephew,sister-brother-daughter-brother-mother-son-sister-brother-brother,"['sister', 'brother', 'daughter', 'brother', 'mother', 'son', 'sister', 'brother', 'brother']","William:male,Michele:female,Larry:male,Leila:female,Martin:male,Ethel:female,Henry:male,Gordon:male",test
cec502b9-7003-4998-af0c-03439cb54d2a,"('Jami', 'William')",uncle,brother-father-son-brother-brother-brother-mother-brother-brother,"['brother', 'father', 'son', 'brother', 'brother', 'brother', 'mother', 'brother', 'brother']","Jami:female,Manuel:male,Kenneth:male,Charlie:male,Gino:male,Michele:female,Larry:male,William:male",test
8a429457-54c0-45f1-831a-f36f8c7f16c5,"('Kenneth', 'Oscar')",nephew,son-aunt-sister-sister-brother-daughter-sister-mother-son,"['son', 'aunt', 'sister', 'sister', 'brother', 'daughter', 'sister', 'mother', 'son']","Kenneth:male,Gino:male,Ethel:female,Judy:female,Michele:female,William:male,Beverly:female,Dannielle:female,Janice:female,Oscar:male",test
ec82e3ae-78c0-403f-9be8-e1a0c0537d4a,"('Kenneth', 'Joseph')",brother,son-sister-mother-sister-mother-daughter-son-aunt-brother,"['son', 'sister', 'mother', 'sister', 'mother', 'daughter', 'son', 'aunt', 'brother']","Kenneth:male,Charlie:male,Jami:female,Michele:female,Janice:female,Dana:female,Judy:female,Freddie:male,Ethel:female,Joseph:male",test
15f63646-0bc4-427d-8837-3643ac0af83b,"('Leila', 'Judy')",aunt,father-son-mother-son-grandmother-son-son-aunt-sister,"['father', 'son', 'mother', 'son', 'grandmother', 'son', 'son', 'aunt', 'sister']","Leila:female,Larry:male,Martin:male,Ethel:female,Dana:female,Joseph:male,Freddie:male,Michele:female,Judy:female",test
2a147b70-e662-4f74-9651-6e284d5147c7,"('Martin', 'Dana')",grandmother,sister-mother-son-brother-father-father-son-son-grandmother,"['sister', 'mother', 'son', 'brother', 'father', 'father', 'son', 'son', 'grandmother']","Martin:male,Leila:female,Ethel:female,Henry:male,Gordon:male,Larry:male,Timothy:male,Joseph:male,Freddie:male,Dana:female",test
3f74f418-1c38-454e-bfff-32025630941a,"('Fay', 'Kenneth')",uncle,sister-father-daughter-brother-sister-mother-son-aunt-brother,"['sister', 'father', 'daughter', 'brother', 'sister', 'mother', 'son', 'aunt', 'brother']","Fay:female,Dannielle:female,William:male,Beverly:female,Oscar:male,Janice:female,Judy:female,Kenneth:male",test
0c718146-94b6-4e3d-989d-bfde0faf19c5,"('Joseph', 'Charlie')",nephew,son-aunt-mother-daughter-brother-wife-son-sister-brother,"['son', 'aunt', 'mother', 'daughter', 'brother', 'wife', 'son', 'sister', 'brother']","Joseph:male,Lawrence:male,Ethel:female,Dana:female,Janice:female,Kenneth:male,Michele:female,Manuel:male,Jami:female,Charlie:male",test
37782460-b85e-44bc-b574-77817b176c29,"('Dana', 'Michele')",daughter,daughter-son-uncle-brother-daughter-uncle-son-uncle-sister,"['daughter', 'son', 'uncle', 'brother', 'daughter', 'uncle', 'son', 'uncle', 'sister']","Dana:female,Ethel:female,Martin:male,Joseph:male,William:male,Dannielle:female,Larry:male,Gordon:male,Michele:female",test
18834f7e-2c92-406e-b236-89507f67b5c6,"('Dannielle', 'Michele')",aunt,sister-father-son-aunt-husband-daughter-uncle-daughter-aunt,"['sister', 'father', 'son', 'aunt', 'husband', 'daughter', 'uncle', 'daughter', 'aunt']","Dannielle:female,Fay:female,William:male,Oscar:male,Ethel:female,Larry:male,Leila:female,Joseph:male,Alice:female,Michele:female",test
c1a2e049-f481-437c-af76-016565694b01,"('Gordon', 'Michele')",aunt,mother-son-brother-father-son-aunt-sister-daughter-aunt,"['mother', 'son', 'brother', 'father', 'son', 'aunt', 'sister', 'daughter', 'aunt']","Gordon:male,Ethel:female,Henry:male,Martin:male,Larry:male,Judy:female,Janice:female,Fay:female,Michele:female",test
c801fadd-8b7d-4880-a55e-54ea70fbd8f3,"('Joseph', 'Beverly')",niece,son-brother-sister-aunt-brother-daughter-mother-son-sister,"['son', 'brother', 'sister', 'aunt', 'brother', 'daughter', 'mother', 'son', 'sister']","Joseph:male,Gerald:male,Lawrence:male,Alice:female,Ethel:female,William:male,Fay:female,Janice:female,Oscar:male,Beverly:female",test
34e65b04-87bc-479e-80a7-98727f37c056,"('Alice', 'Dana')",grandmother,father-son-sister-brother-brother-aunt-daughter-sister-grandmother,"['father', 'son', 'sister', 'brother', 'brother', 'aunt', 'daughter', 'sister', 'grandmother']","Alice:female,Joseph:male,Freddie:male,Gerald:male,Lawrence:male,Janice:female,Beverly:female,Fay:female,Dana:female",test
472026a9-d1e7-4888-b3ff-3c3734df9698,"('Freddie', 'Ethel')",aunt,mother-son-brother-sister-uncle-son-uncle-daughter-aunt,"['mother', 'son', 'brother', 'sister', 'uncle', 'son', 'uncle', 'daughter', 'aunt']","Freddie:male,Judy:female,Lawrence:male,Gerald:male,Alice:female,Kenneth:male,Manuel:male,William:male,Beverly:female,Ethel:female",test
dbcf4eab-c290-412e-bbc1-ec3fb618744a,"('Leila', 'Michele')",aunt,brother-brother-father-son-brother-uncle-sister-father-daughter,"['brother', 'brother', 'father', 'son', 'brother', 'uncle', 'sister', 'father', 'daughter']","Leila:female,Gordon:male,Henry:male,Larry:male,Martin:male,Joseph:male,Michele:female,Timothy:male",test
990fde64-5d79-49b1-87f5-6fdc09f78026,"('Freddie', 'Janice')",aunt,sister-mother-brother-son-sister-uncle-brother-sister-sister,"['sister', 'mother', 'brother', 'son', 'sister', 'uncle', 'brother', 'sister', 'sister']","Freddie:male,Alice:female,Judy:female,William:male,Oscar:male,Beverly:female,Kenneth:male,Larry:male,Michele:female,Janice:female",test
c5522b4c-77b8-4103-9b3f-c3b09e470947,"('Timothy', 'Joseph')",son,wife-daughter-brother-daughter-brother-sister-mother-brother-brother,"['wife', 'daughter', 'brother', 'daughter', 'brother', 'sister', 'mother', 'brother', 'brother']","Timothy:male,Dana:female,Janice:female,Larry:male,Leila:female,Martin:male,Ethel:female,Kenneth:male,Joseph:male",test
12a59d74-06d6-4e70-b667-00441438617a,"('Judy', 'Beverly')",niece,sister-brother-brother-sister-daughter-brother-brother-uncle-daughter,"['sister', 'brother', 'brother', 'sister', 'daughter', 'brother', 'brother', 'uncle', 'daughter']","Judy:female,Janice:female,Joseph:male,Kenneth:male,Ethel:female,Leila:female,Gordon:male,Martin:male,William:male,Beverly:female",test
6113ed79-e8a6-48f2-901c-167c47fefcf8,"('Marvin', 'Emily')",mother,son-uncle-mother,"['son', 'uncle', 'mother']","Marvin:male,Luis:male,David:male,Emily:female",test
9f6ffdeb-47af-4aa4-8a06-040ed48c85e0,"('Larry', 'Fay')",niece,son-aunt-sister-brother-daughter-sister-brother-mother-daughter,"['son', 'aunt', 'sister', 'brother', 'daughter', 'sister', 'brother', 'mother', 'daughter']","Larry:male,Gordon:male,Michele:female,Judy:female,William:male,Dannielle:female,Beverly:female,Oscar:male,Janice:female,Fay:female",test
1628495f-3d68-447f-bbbf-88d790476f2f,"('Michelle', 'Joseph')",father,brother-son-grandfather,"['brother', 'son', 'grandfather']","Michelle:female,Edwin:male,Jeremy:male,Joseph:male",test
fa7d566a-8dcd-4e73-a3db-a775e0e3ab20,"('William', 'Emily')",mother,daughter-mother-mother,"['daughter', 'mother', 'mother']","William:male,Darlene:female,Michelle:female,Emily:female",test
3f67d2ab-f45d-42e7-8502-8642c6939495,"('William', 'Joseph')",father,brother-son-grandfather,"['brother', 'son', 'grandfather']","William:male,Edwin:male,Lucas:male,Joseph:male",test
1d975ab8-2c75-47fd-91fd-182002dce006,"('Margaret', 'Emily')",mother,husband-daughter-grandmother,"['husband', 'daughter', 'grandmother']","Margaret:female,Marvin:male,Ignacia:female,Emily:female",test
74dc6463-392d-4a3e-b316-a7b68349e003,"('Edwin', 'Emily')",mother,daughter-mother-mother,"['daughter', 'mother', 'mother']","Edwin:male,Rebecca:female,Marilyn:female,Emily:female",test
4aa8cc60-caba-481b-91b0-223cc3d500cb,"('Dawn', 'Joseph')",father,brother-son-grandfather,"['brother', 'son', 'grandfather']","Dawn:female,William:male,Paul:male,Joseph:male",test
c4518930-152f-4f36-9aa5-e80319ccdf7c,"('Edwin', 'Emily')",mother,son-mother-mother,"['son', 'mother', 'mother']","Edwin:male,Victor:male,Marilyn:female,Emily:female",test
e6cef742-2a92-465c-8fcd-915326cef5aa,"('David', 'Emily')",mother,son-uncle-mother,"['son', 'uncle', 'mother']","David:male,Troy:male,William:male,Emily:female",test
f1f05c4f-e251-4593-ab15-db533e331a1d,"('Dawn', 'Emily')",mother-in-law,husband-daughter-grandmother,"['husband', 'daughter', 'grandmother']","Dawn:female,David:male,Delia:female,Emily:female",test
6666926c-218a-4e98-8fe6-e32a9cf19457,"('Edwin', 'Emily')",mother,brother-son-grandmother,"['brother', 'son', 'grandmother']","Edwin:male,William:male,Paul:male,Emily:female",test
d330bbaf-4b97-449f-9ad6-68a8feec1dcc,"('Marvin', 'Emily')",mother,brother-son-grandmother,"['brother', 'son', 'grandmother']","Marvin:male,Edwin:male,Victor:male,Emily:female",test
7a3587a6-7301-4d34-9899-3e080304d1cd,"('Michelle', 'Joseph')",father,brother-son-grandfather,"['brother', 'son', 'grandfather']","Michelle:female,Marvin:male,Larry:male,Joseph:male",test
fae200aa-5d38-4bf8-8464-6f4bf12046e4,"('Margaret', 'Emily')",mother,husband-daughter-grandmother,"['husband', 'daughter', 'grandmother']","Margaret:female,Marvin:male,Ignacia:female,Emily:female",test
936d04b3-74cf-4086-b1b6-d5d064e4e239,"('Marvin', 'Joseph')",father,brother-son-grandfather,"['brother', 'son', 'grandfather']","Marvin:male,William:male,Paul:male,Joseph:male",test
ebbff14b-85e1-4616-ba4a-408f15a5eec2,"('Marilyn', 'Joseph')",father,daughter-father-father,"['daughter', 'father', 'father']","Marilyn:female,Erica:female,Edwin:male,Joseph:male",test
e4a1726f-24ba-4a0e-b784-e3424bf40110,"('Edwin', 'Emily')",mother,son-mother-mother,"['son', 'mother', 'mother']","Edwin:male,Jeremy:male,Marilyn:female,Emily:female",test
3c6847bc-8838-493b-8381-a061595c8083,"('Marvin', 'Emily')",mother,daughter-mother-mother,"['daughter', 'mother', 'mother']","Marvin:male,Mary:female,Margaret:female,Emily:female",test
6c9e2a8b-fea4-4651-90d9-f3dcc3d9f340,"('Marilyn', 'Emily')",mother,husband-daughter-grandmother,"['husband', 'daughter', 'grandmother']","Marilyn:female,Edwin:male,Amanda:female,Emily:female",test
13455010-7751-4e33-a496-4aea6e5a536b,"('Edwin', 'Emily')",mother,brother-son-grandmother,"['brother', 'son', 'grandmother']","Edwin:male,Marvin:male,Luis:male,Emily:female",test
94f9e8ea-3c26-4490-b73b-d741f099ea6d,"('William', 'Emily')",mother,son-uncle-mother,"['son', 'uncle', 'mother']","William:male,Andrew:male,Edwin:male,Emily:female",test
7c58cde9-9b10-4686-9954-b336fde2e126,"('Marilyn', 'Joseph')",father,daughter-father-father,"['daughter', 'father', 'father']","Marilyn:female,Amanda:female,Edwin:male,Joseph:male",test
057278c5-58f3-4009-8642-d7ba65867103,"('Marvin', 'Joseph')",father,brother-son-grandfather,"['brother', 'son', 'grandfather']","Marvin:male,William:male,Paul:male,Joseph:male",test
a09d0f05-5ac9-489e-b12c-46ab4edb6491,"('Margaret', 'Emily')",mother,husband-daughter-grandmother,"['husband', 'daughter', 'grandmother']","Margaret:female,Marvin:male,Adelia:female,Emily:female",test
1f698b81-9791-46dd-bbc9-f46e373ab68f,"('Marilyn', 'Emily')",mother,brother-son-grandmother,"['brother', 'son', 'grandmother']","Marilyn:female,William:male,Jeffrey:male,Emily:female",test
4fa20f67-7d75-4148-8b8b-09079ba87e1f,"('Marilyn', 'Joseph')",father,daughter-father-father,"['daughter', 'father', 'father']","Marilyn:female,Sybil:female,Edwin:male,Joseph:male",test
24530b58-63fa-4804-b6bb-7af78b801246,"('Marilyn', 'Emily')",mother,son-uncle-mother,"['son', 'uncle', 'mother']","Marilyn:female,Lucas:male,William:male,Emily:female",test
03ba0e6a-459e-48af-887f-b91ac73392e0,"('Edwin', 'Emily')",mother,son-mother-mother,"['son', 'mother', 'mother']","Edwin:male,Jeremy:male,Marilyn:female,Emily:female",test
54052b03-d799-42b9-b705-4619dd0734ac,"('Marvin', 'Joseph')",father,brother-son-grandfather,"['brother', 'son', 'grandfather']","Marvin:male,Edwin:male,Victor:male,Joseph:male",test
495fcf37-0ace-46b0-9d1e-f4c32e444a78,"('Edwin', 'Emily')",mother,daughter-mother-mother,"['daughter', 'mother', 'mother']","Edwin:male,Rebecca:female,Marilyn:female,Emily:female",test
9a43b799-ddf2-4d50-ade5-8ab09afe78ec,"('Michelle', 'Joseph')",father,daughter-father-father,"['daughter', 'father', 'father']","Michelle:female,Lois:female,William:male,Joseph:male",test
2eaeb3d0-a761-4772-9bf9-0f6e34f9eaba,"('Ethel', 'Gino')",nephew,son-brother-father-brother-son-brother-sister-brother-brother,"['son', 'brother', 'father', 'brother', 'son', 'brother', 'sister', 'brother', 'brother']","Ethel:female,Henry:male,Martin:male,Larry:male,Kenneth:male,Manuel:male,Charlie:male,Jami:female,Gino:male",test
4e7677ce-ce61-43cc-ba8f-ede75a3581ee,"('Kenneth', 'Gordon')",nephew,brother-mother-daughter-son-aunt-son-sister-brother-brother,"['brother', 'mother', 'daughter', 'son', 'aunt', 'son', 'sister', 'brother', 'brother']","Kenneth:male,Larry:male,Dana:female,Judy:female,Freddie:male,Ethel:female,Henry:male,Leila:female,Martin:male,Gordon:male",test
d8439b6e-127e-4abb-9c20-83dd5ce5c694,"('Michele', 'Freddie')",nephew,son-sister-brother-uncle-son-sister-brother-brother-brother,"['son', 'sister', 'brother', 'uncle', 'son', 'sister', 'brother', 'brother', 'brother']","Michele:female,Gino:male,Jami:female,Manuel:male,Joseph:male,Gerald:male,Alice:female,Lawrence:male,Freddie:male",test
710a32c2-3771-44cd-913d-8eae23649087,"('Jami', 'Michele')",mother,brother-brother-sister-father-daughter-brother-sister-brother-mother,"['brother', 'brother', 'sister', 'father', 'daughter', 'brother', 'sister', 'brother', 'mother']","Jami:female,Manuel:male,Charlie:male,Kenneth:male,Gino:male,Michele:female",test
d2a7f220-c7d5-4ecf-86c4-f2bf55651df5,"('Beverly', 'Michele')",aunt,sister-sister-brother-father-son-sister-sister-mother-sister,"['sister', 'sister', 'brother', 'father', 'son', 'sister', 'sister', 'mother', 'sister']","Beverly:female,Fay:female,Dannielle:female,Oscar:male,William:male,Janice:female,Michele:female",test
b9bd24df-44f4-4a28-baf1-f1deb0ae0c91,"('Ethel', 'Judy')",sister,husband-son-sister-brother-brother-father-brother-brother-sister,"['husband', 'son', 'sister', 'brother', 'brother', 'father', 'brother', 'brother', 'sister']","Ethel:female,Larry:male,Gordon:male,Leila:female,Martin:male,William:male,Kenneth:male,Judy:female",test
2e0fda6a-0abd-451d-a00b-fecc32710bb8,"('Michelle', 'Emily')",mother,brother-son-grandmother,"['brother', 'son', 'grandmother']","Michelle:female,Marvin:male,Mark:male,Emily:female",test
44a08cdd-b353-47b8-9e14-0f9074148032,"('Marvin', 'Emily')",mother,daughter-mother-mother,"['daughter', 'mother', 'mother']","Marvin:male,Ignacia:female,Margaret:female,Emily:female",test
b3665d9a-97c7-4d84-9e0d-06d0f49a09ab,"('William', 'Emily')",mother,son-uncle-mother,"['son', 'uncle', 'mother']","William:male,Samuel:male,David:male,Emily:female",test
7d49efc4-8813-4db3-9ffc-65eaed1acfec,"('Edwin', 'Emily')",mother,son-mother-mother,"['son', 'mother', 'mother']","Edwin:male,Victor:male,Marilyn:female,Emily:female",test
47370d8f-3b93-40bc-9ac3-3b407cdfa87c,"('Dennis', 'Lisa')",mother,daughter-mother-mother,"['daughter', 'mother', 'mother']","Dennis:male,Cathy:female,Sarah:female,Lisa:female,Randall:male",test
769ad61f-7030-48ee-ab1a-8b2f0ed79001,"('Elijah', 'Lisa')",mother,son-mother-mother,"['son', 'mother', 'mother']","Elijah:male,Raul:male,Michaele:female,Lisa:female,Vivian:female",test
06ae3f69-11b7-446b-996c-9723a2792ce9,"('Giuseppe', 'Lisa')",mother,daughter-mother-mother,"['daughter', 'mother', 'mother']","Giuseppe:male,Anna:female,Gloria:female,Lisa:female,Tom:male",test
b4165852-27b9-4927-b211-0d8413aeec75,"('Sarah', 'James')",father,daughter-father-father,"['daughter', 'father', 'father']","Sarah:female,Hester:female,Dennis:male,James:male,Gloria:female",test
69bec84e-8bd1-46b3-81fe-7738c1810a2f,"('Mary', 'Lisa')",mother-in-law,husband-daughter-grandmother,"['husband', 'daughter', 'grandmother']","Mary:female,Leonard:male,Tammy:female,Lisa:female,Margarita:female",test
329a1183-f1f7-4704-b9d8-e94daa6f0e05,"('Elijah', 'Lisa')",mother,son-uncle-mother,"['son', 'uncle', 'mother']","Elijah:male,Jay:male,Leonard:male,Lisa:female,Robert:male",test
7b7a8ce5-d1c1-4778-876e-6b1a6a9df309,"('Michaele', 'James')",father,brother-son-grandfather,"['brother', 'son', 'grandfather']","Michaele:female,Leonard:male,Ray:male,James:male,Margarita:female",test
952cbe0f-51bf-4a4f-9f60-ed64debf0f07,"('Michaele', 'Lisa')",mother,brother-son-grandmother,"['brother', 'son', 'grandmother']","Michaele:female,Dennis:male,Randall:male,Lisa:female,Jay:male",test
34efdefc-cc2c-42b8-8fc3-20b2c3b24020,"('Giuseppe', 'Lisa')",mother,daughter-mother-mother,"['daughter', 'mother', 'mother']","Giuseppe:male,Helen:female,Gloria:female,Lisa:female,Bridgett:female",test
ae549bdc-77f4-4240-bb7e-97deebfdeef9,"('Giuseppe', 'Lisa')",mother,son-mother-mother,"['son', 'mother', 'mother']","Giuseppe:male,Ira:male,Gloria:female,Lisa:female,Bridgett:female",test
77932249-187b-40ce-9b67-41f0336d88b7,"('Michaele', 'James')",father,daughter-father-father,"['daughter', 'father', 'father']","Michaele:female,Vivian:female,Elijah:male,James:male,Kirk:male",test
c7489422-3959-4c5c-8eaf-45047c84dd54,"('Mary', 'Lisa')",mother-in-law,husband-daughter-grandmother,"['husband', 'daughter', 'grandmother']","Mary:female,Leonard:male,Margarita:female,Lisa:female,Dawn:female",test
903d424f-6b19-49ea-b7a9-df1aee780feb,"('Gloria', 'Lisa')",mother,husband-daughter-grandmother,"['husband', 'daughter', 'grandmother']","Gloria:female,Giuseppe:male,Frances:female,Lisa:female,Ira:male",test
b66c7fe6-13e3-4289-8bfb-3a22a21bb93a,"('Gloria', 'Lisa')",mother,brother-son-grandmother,"['brother', 'son', 'grandmother']","Gloria:female,Elijah:male,Robert:male,Lisa:female,Michaele:female",test
12b2e1a4-e516-4488-b811-8dd25f35d08e,"('Michaele', 'Lisa')",mother,son-uncle-mother,"['son', 'uncle', 'mother']","Michaele:female,Robert:male,Giuseppe:male,Lisa:female,Luis:male",test
9c72d6d4-50fb-4be6-944b-31760152901e,"('Elijah', 'Lisa')",mother,son-mother-mother,"['son', 'mother', 'mother']","Elijah:male,Jay:male,Michaele:female,Lisa:female,Kimberly:female",test
50394920-66f8-49e5-a9c2-93a49de553ea,"('Sarah', 'Lisa')",mother-in-law,husband-daughter-grandmother,"['husband', 'daughter', 'grandmother']","Sarah:female,Dennis:male,Hester:female,Lisa:female,Mack:male",test
bab966f9-7f93-4ca9-90fc-eef9e6a059f6,"('Michaele', 'James')",father,brother-son-grandfather,"['brother', 'son', 'grandfather']","Michaele:female,Giuseppe:male,Ira:male,James:male,Helen:female",test
97459dbf-9aed-4996-9f3f-2deada541266,"('Michaele', 'James')",father,daughter-father-father,"['daughter', 'father', 'father']","Michaele:female,Josie:female,Elijah:male,James:male,Kimberly:female",test
ccd41b2a-628b-496e-87f6-0fd851c4335c,"('Mary', 'Lisa')",mother,brother-son-grandmother,"['brother', 'son', 'grandmother']","Mary:female,Dennis:male,Randall:male,Lisa:female,Gloria:female",test
7a1cee1c-f303-4e93-a1b8-b81af5276ef6,"('Michele', 'Timothy')",father,sister-husband-son-father-brother-son-mother-daughter-grandfather,"['sister', 'husband', 'son', 'father', 'brother', 'son', 'mother', 'daughter', 'grandfather']","Michele:female,Judy:female,Joseph:male,Gerald:male,Larry:male,Henry:male,Ethel:female,Leila:female,Timothy:male",test
324ca3ea-cd96-4a25-8c62-c1d332bd453d,"('Oscar', 'Kenneth')",uncle,sister-mother-daughter-sister-brother-grandmother-son-son-uncle,"['sister', 'mother', 'daughter', 'sister', 'brother', 'grandmother', 'son', 'son', 'uncle']","Oscar:male,Dannielle:female,Janice:female,Beverly:female,Dana:female,Larry:male,Martin:male,Kenneth:male",test
aa0db5aa-2f34-43eb-8a25-c98f1d812498,"('Judy', 'Dannielle')",niece,brother-son-sister-mother-son-aunt-brother-son-sister,"['brother', 'son', 'sister', 'mother', 'son', 'aunt', 'brother', 'son', 'sister']","Judy:female,Larry:male,Martin:male,Leila:female,Ethel:female,Gordon:male,Michele:female,William:male,Oscar:male,Dannielle:female",test
41e9c27e-f83c-42fd-9654-9d3e073275a2,"('Gino', 'Joseph')",uncle,brother-father-son-brother-brother-brother-mother-father-son,"['brother', 'father', 'son', 'brother', 'brother', 'brother', 'mother', 'father', 'son']","Gino:male,Manuel:male,Kenneth:male,Charlie:male,Michele:female,Timothy:male,Joseph:male",test
8689354d-8cab-4539-86a3-43340074df24,"('Larry', 'Joseph')",brother,son-brother-mother-son-father-daughter-aunt-son-uncle,"['son', 'brother', 'mother', 'son', 'father', 'daughter', 'aunt', 'son', 'uncle']","Larry:male,Henry:male,Martin:male,Ethel:female,Gordon:male,Leila:female,Michele:female,Charlie:male,Joseph:male",test
f8257334-1f10-4423-a940-50f7bf8ed9a5,"('Joseph', 'Kenneth')",brother,son-brother-uncle-brother-wife-daughter-mother-mother-son,"['son', 'brother', 'uncle', 'brother', 'wife', 'daughter', 'mother', 'mother', 'son']","Joseph:male,Gerald:male,Lawrence:male,William:male,Larry:male,Ethel:female,Leila:female,Dana:female,Kenneth:male",test
b7bad9ea-6ad9-427f-825f-1ab9aa9f0f95,"('William', 'Leila')",niece,daughter-aunt-son-father-father-daughter-sister-son-sister,"['daughter', 'aunt', 'son', 'father', 'father', 'daughter', 'sister', 'son', 'sister']","William:male,Fay:female,Michele:female,Charlie:male,Kenneth:male,Timothy:male,Judy:female,Ethel:female,Martin:male,Leila:female",test
11489bd0-ea53-47c4-9867-5862e02590bd,"('Ethel', 'Judy')",sister,daughter-father-son-uncle-son-uncle-wife-son-aunt,"['daughter', 'father', 'son', 'uncle', 'son', 'uncle', 'wife', 'son', 'aunt']","Ethel:female,Leila:female,Larry:male,Gordon:male,William:male,Oscar:male,Kenneth:male,Michele:female,Manuel:male,Judy:female",test
041dae7f-849c-41b5-b236-1fb687c7a4d2,"('Kenneth', 'Dana')",mother,sister-brother-son-sister-brother-sister-mother-sister-mother,"['sister', 'brother', 'son', 'sister', 'brother', 'sister', 'mother', 'sister', 'mother']","Kenneth:male,Janice:female,Joseph:male,Freddie:male,Alice:female,Lawrence:male,Judy:female,Dana:female",test
88b3f74a-23cc-4979-9f11-4b56be03c4d9,"('Freddie', 'Michele')",aunt,father-son-mother-sister-brother-mother-son-brother-sister,"['father', 'son', 'mother', 'sister', 'brother', 'mother', 'son', 'brother', 'sister']","Freddie:male,Joseph:male,Gerald:male,Judy:female,Janice:female,Larry:male,Dana:female,Kenneth:male,Michele:female",test
a3ad406b-2a18-4e2c-a2e5-16d63b38a70d,"('Gino', 'Judy')",aunt,father-son-brother-mother-brother-son-uncle-brother-sister,"['father', 'son', 'brother', 'mother', 'brother', 'son', 'uncle', 'brother', 'sister']","Gino:male,Kenneth:male,Charlie:male,Michele:female,Joseph:male,Lawrence:male,William:male,Larry:male,Judy:female",test
a04dd2cf-4148-41ad-8048-a4b44a6052ad,"('Michele', 'Fay')",niece,daughter-brother-brother-brother-sister-father-brother-son-sister,"['daughter', 'brother', 'brother', 'brother', 'sister', 'father', 'brother', 'son', 'sister']","Michele:female,Jami:female,Manuel:male,Charlie:male,Gino:male,Kenneth:male,William:male,Oscar:male,Fay:female",test
ee7d9d01-2c48-4917-a2d9-0355623a1838,"('Edwin', 'Emily')",mother,son-uncle-mother,"['son', 'uncle', 'mother']","Edwin:male,Richard:male,William:male,Emily:female",test
c92c0dbe-36c0-4510-b02b-9f3d9f59d022,"('Marvin', 'Emily')",mother,daughter-mother-mother,"['daughter', 'mother', 'mother']","Marvin:male,Mary:female,Margaret:female,Emily:female",test
3e3ce38f-57ab-47d0-9f89-925948399dc6,"('Margaret', 'Emily')",mother,husband-daughter-grandmother,"['husband', 'daughter', 'grandmother']","Margaret:female,Marvin:male,Ignacia:female,Emily:female",test
f3967ba5-298e-44da-9042-2a85a69fa043,"('Edwin', 'Emily')",mother,son-mother-mother,"['son', 'mother', 'mother']","Edwin:male,Victor:male,Marilyn:female,Emily:female",test
c60bb4e8-af65-48b2-809d-9578919fcca2,"('Edwin', 'Emily')",mother,brother-son-grandmother,"['brother', 'son', 'grandmother']","Edwin:male,Marvin:male,Mark:male,Emily:female",test
abcf5eac-3e25-4123-b29d-6570c43177b1,"('Peter', 'Rudolph')",father,brother-son-grandfather,"['brother', 'son', 'grandfather']","Peter:male,James:male,Errol:male,Rudolph:male,Danita:female",test
c66d22e2-e827-4b4b-b630-5e34d754872e,"('William', 'Joseph')",father,brother-son-grandfather,"['brother', 'son', 'grandfather']","William:male,Edwin:male,Jeremy:male,Joseph:male",test
8d6af5bc-4e9b-478b-8419-746b120cb327,"('Edwin', 'Emily')",mother,son-uncle-mother,"['son', 'uncle', 'mother']","Edwin:male,Richard:male,William:male,Emily:female",test
d7989312-2f5d-475f-a267-9a74ca6661e3,"('Edwin', 'Emily')",mother,daughter-mother-mother,"['daughter', 'mother', 'mother']","Edwin:male,Amanda:female,Marilyn:female,Emily:female",test
167db71d-34e4-4027-a5db-017508b201cc,"('Edwin', 'Emily')",mother,daughter-mother-mother,"['daughter', 'mother', 'mother']","Edwin:male,Sybil:female,Marilyn:female,Emily:female",test
49b12765-9421-405c-bca5-7bb524ad87e5,"('Michelle', 'Joseph')",father,daughter-father-father,"['daughter', 'father', 'father']","Michelle:female,Ruth:female,William:male,Joseph:male",test
58954400-830b-45ce-9dd5-ac2753e55575,"('Edwin', 'Joseph')",father,brother-son-grandfather,"['brother', 'son', 'grandfather']","Edwin:male,Marvin:male,Larry:male,Joseph:male",test
c69c449a-ebeb-4bb5-b643-c50b1370944d,"('Dawn', 'Emily')",mother-in-law,husband-daughter-grandmother,"['husband', 'daughter', 'grandmother']","Dawn:female,David:male,Vivian:female,Emily:female",test
4e6f6b3f-a13c-41b8-8238-9c835122ee6a,"('Margaret', 'Joseph')",father,daughter-father-father,"['daughter', 'father', 'father']","Margaret:female,Ignacia:female,Marvin:male,Joseph:male",test
27ef6d64-b402-4c08-96d4-04366987548d,"('Dawn', 'Emily')",mother,son-uncle-mother,"['son', 'uncle', 'mother']","Dawn:female,Robert:male,William:male,Emily:female",test
c555ccf3-ba64-4765-bc57-16618a49ee60,"('Edwin', 'Emily')",mother,brother-son-grandmother,"['brother', 'son', 'grandmother']","Edwin:male,William:male,Jeffrey:male,Emily:female",test
dfe75808-1e80-47e3-a8c8-404e9483e680,"('Dawn', 'Emily')",mother,brother-son-grandmother,"['brother', 'son', 'grandmother']","Dawn:female,Marvin:male,Mark:male,Emily:female",test
022c42fe-3e9c-4cd8-942c-489bb038d8e4,"('Edwin', 'Joseph')",father,brother-son-grandfather,"['brother', 'son', 'grandfather']","Edwin:male,Marvin:male,Maynard:male,Joseph:male",test
176dc8e0-f7c8-44b5-97ce-31eac5c34982,"('Marvin', 'Emily')",mother,son-mother-mother,"['son', 'mother', 'mother']","Marvin:male,Mark:male,Margaret:female,Emily:female",test
766399e2-2e71-40cc-9f85-b04292f6f95e,"('Marilyn', 'Emily')",mother,husband-daughter-grandmother,"['husband', 'daughter', 'grandmother']","Marilyn:female,Edwin:male,Sybil:female,Emily:female",test
8606133c-6642-44e3-adc3-a630a9cf69a9,"('William', 'Emily')",mother,son-mother-mother,"['son', 'mother', 'mother']","William:male,Paul:male,Michelle:female,Emily:female",test
22d9376d-e2ab-4253-8f7b-2c65a11a1627,"('Alfred', 'Sandra')",mother,daughter-mother-mother,"['daughter', 'mother', 'mother']","Alfred:male,Anita:female,Lisbeth:female,Sandra:female,Louise:female",test
81ea4baa-f01e-475b-9204-dc5e380a2a8c,"('James', 'Sandra')",mother,son-mother-mother,"['son', 'mother', 'mother']","James:male,Errol:male,Rose:female,Sandra:female,Casey:male",test
9ef95b36-c81a-4421-9606-75499742b808,"('Carol', 'Sandra')",mother,son-uncle-mother,"['son', 'uncle', 'mother']","Carol:female,Jason:male,James:male,Sandra:female,Anna:female",test
f5037c68-34fe-42b9-a7b3-bbe70e739c31,"('Ethel', 'William')",brother,father-daughter-son-sister-uncle-son-mother-daughter-uncle,"['father', 'daughter', 'son', 'sister', 'uncle', 'son', 'mother', 'daughter', 'uncle']","Ethel:female,Timothy:male,Janice:female,Oscar:male,Dannielle:female,Joseph:male,Gerald:male,Judy:female,Alice:female,William:male",test
5f885dbd-92ae-47c9-9eed-f2cabad40f7b,"('Gordon', 'Timothy')",grandfather,father-daughter-brother-mother-sister-mother-daughter-brother-father,"['father', 'daughter', 'brother', 'mother', 'sister', 'mother', 'daughter', 'brother', 'father']","Gordon:male,Larry:male,Leila:female,Martin:male,Ethel:female,Judy:female,Dana:female,Janice:female,Joseph:male,Timothy:male",test
9a6393eb-bb0f-4d30-a613-5afd3fccb6a2,"('Gerald', 'Larry')",uncle,brother-sister-father-son-aunt-mother-son-son-uncle,"['brother', 'sister', 'father', 'son', 'aunt', 'mother', 'son', 'son', 'uncle']","Gerald:male,Lawrence:male,Alice:female,Joseph:male,Michele:female,Dana:female,Kenneth:male,Charlie:male,Larry:male",test
a8ab3d1d-ab68-4d2f-83d0-3e4128d5ffe0,"('Judy', 'Martin')",nephew,son-brother-sister-brother-brother-father-sister-son-brother,"['son', 'brother', 'sister', 'brother', 'brother', 'father', 'sister', 'son', 'brother']","Judy:female,Lawrence:male,Freddie:male,Alice:female,Gerald:male,Joseph:male,Ethel:female,Henry:male,Martin:male",test
327f1337-0f78-4bb5-87fd-50eac7708f2a,"('Judy', 'Timothy')",father,husband-son-father-wife-son-father-son-sister-grandfather,"['husband', 'son', 'father', 'wife', 'son', 'father', 'son', 'sister', 'grandfather']","Judy:female,Joseph:male,Lawrence:male,Gerald:male,Freddie:male,Alice:female,Timothy:male",test
89812358-b53b-49df-bed3-462f441311f5,"('Joseph', 'Ethel')",sister,son-brother-grandfather-daughter-son-aunt-daughter-sister-aunt,"['son', 'brother', 'grandfather', 'daughter', 'son', 'aunt', 'daughter', 'sister', 'aunt']","Joseph:male,Lawrence:male,Freddie:male,Timothy:male,Judy:female,Gerald:male,Janice:female,Dannielle:female,Fay:female,Ethel:female",test
0e7b0ad3-a913-4771-a22a-4c83ea97f2be,"('Charlie', 'Larry')",uncle,brother-brother-mother-son-uncle-father-daughter-brother-brother,"['brother', 'brother', 'mother', 'son', 'uncle', 'father', 'daughter', 'brother', 'brother']","Charlie:male,Gino:male,Manuel:male,Michele:female,Joseph:male,Timothy:male,Ethel:female,Kenneth:male,Larry:male",test
b0c376c1-03ce-4c87-807e-5c64a45119d3,"('Dannielle', 'Kenneth')",uncle,brother-father-brother-son-father-daughter-brother-mother-brother,"['brother', 'father', 'brother', 'son', 'father', 'daughter', 'brother', 'mother', 'brother']","Dannielle:female,Oscar:male,William:male,Joseph:male,Lawrence:male,Alice:female,Gerald:male,Judy:female,Kenneth:male",test
4ffc122e-2c22-4a73-bb30-1e00ea04d07a,"('Kenneth', 'Larry')",brother,brother-son-brother-sister-grandfather-daughter-husband-son-uncle,"['brother', 'son', 'brother', 'sister', 'grandfather', 'daughter', 'husband', 'son', 'uncle']","Kenneth:male,Joseph:male,Gerald:male,Freddie:male,Alice:female,Timothy:male,Judy:female,Larry:male",test
51cc4be9-9461-44f0-bbf8-ac4c074e265b,"('Kenneth', 'Freddie')",nephew,sister-brother-daughter-uncle-son-brother-sister-brother-brother,"['sister', 'brother', 'daughter', 'uncle', 'son', 'brother', 'sister', 'brother', 'brother']","Kenneth:male,Ethel:female,William:male,Fay:female,Joseph:male,Gerald:male,Lawrence:male,Alice:female,Freddie:male",test
21d72fb8-86e9-4cb6-99ac-5c6d1e6b3ee8,"('Dannielle', 'Joseph')",uncle,sister-sister-sister-brother-mother-brother-sister-daughter-uncle,"['sister', 'sister', 'sister', 'brother', 'mother', 'brother', 'sister', 'daughter', 'uncle']","Dannielle:female,Fay:female,Beverly:female,Oscar:male,Janice:female,Larry:male,Michele:female,Jami:female,Joseph:male",test
08b4a63c-f339-4cdf-bf3b-d741f7300106,"('Larry', 'Fay')",niece,sister-brother-son-mother-son-grandmother-daughter-son-sister,"['sister', 'brother', 'son', 'mother', 'son', 'grandmother', 'daughter', 'son', 'sister']","Larry:male,Judy:female,Martin:male,Ethel:female,Henry:male,Dana:female,Janice:female,Oscar:male,Fay:female",test
669d79af-9da6-4f84-80df-af4398354b6f,"('Janice', 'Martin')",nephew,daughter-uncle-brother-sister-sister-son-sister-brother-brother,"['daughter', 'uncle', 'brother', 'sister', 'sister', 'son', 'sister', 'brother', 'brother']","Janice:female,Fay:female,Kenneth:male,Joseph:male,Michele:female,Ethel:female,Gordon:male,Leila:female,Martin:male",test
fce0d96d-89b6-474f-b45a-fdb033887e74,"('Manuel', 'Ethel')",aunt,sister-brother-brother-mother-sister-sister-brother-sister-sister,"['sister', 'brother', 'brother', 'mother', 'sister', 'sister', 'brother', 'sister', 'sister']","Manuel:male,Jami:female,Gino:male,Charlie:male,Michele:female,Janice:female,Judy:female,Kenneth:male,Ethel:female",test
f5037053-27b7-4909-a259-844aa891b051,"('Michele', 'Gerald')",nephew,mother-son-son-aunt-brother-sister-brother-daughter-brother,"['mother', 'son', 'son', 'aunt', 'brother', 'sister', 'brother', 'daughter', 'brother']","Michele:female,Dana:female,Larry:male,Gordon:male,Judy:female,Kenneth:male,Janice:female,Joseph:male,Alice:female,Gerald:male",test
b9916604-9d51-430b-aad7-5f35a31efe1e,"('Gerald', 'Dana')",grandmother,mother-son-mother-daughter-brother-father-son-brother-grandmother,"['mother', 'son', 'mother', 'daughter', 'brother', 'father', 'son', 'brother', 'grandmother']","Gerald:male,Judy:female,Lawrence:male,Alice:female,Freddie:male,Joseph:male,Dana:female",test
512fc32a-e66e-4295-aca7-30d0ae808324,"('William', 'Jami')",niece,daughter-sister-grandmother-son-sister-sister-son-brother-sister,"['daughter', 'sister', 'grandmother', 'son', 'sister', 'sister', 'son', 'brother', 'sister']","William:male,Beverly:female,Fay:female,Dana:female,Joseph:male,Ethel:female,Michele:female,Gino:male,Charlie:male,Jami:female",test
bc1701c4-990c-4faf-868d-297178078bde,"('Martin', 'Judy')",aunt,mother-son-father-son-sister-brother-sister-mother-sister,"['mother', 'son', 'father', 'son', 'sister', 'brother', 'sister', 'mother', 'sister']","Martin:male,Ethel:female,Gordon:male,Larry:male,Leila:female,Henry:male,Judy:female",test
057d0b01-5ec2-480b-9312-204ed73d7858,"('Dana', 'Gino')",grandson,son-brother-brother-daughter-sister-mother-sister-husband-son,"['son', 'brother', 'brother', 'daughter', 'sister', 'mother', 'sister', 'husband', 'son']","Dana:female,Joseph:male,Larry:male,William:male,Beverly:female,Fay:female,Janice:female,Michele:female,Kenneth:male,Gino:male",test
2b8f3d74-0f79-494a-a50f-1c189a324a2e,"('Leila', 'William')",uncle,father-son-brother-brother-brother-sister-grandmother-daughter-brother,"['father', 'son', 'brother', 'brother', 'brother', 'sister', 'grandmother', 'daughter', 'brother']","Leila:female,Larry:male,Martin:male,Henry:male,Gordon:male,Dana:female,Michele:female,William:male",test
13689a76-d3f0-4f1f-9d5f-bc01fd407d27,"('Lawrence', 'William')",uncle,father-son-uncle-wife-son-brother-brother-mother-brother,"['father', 'son', 'uncle', 'wife', 'son', 'brother', 'brother', 'mother', 'brother']","Lawrence:male,Joseph:male,Gerald:male,Larry:male,Ethel:female,Henry:male,Gordon:male,William:male",test
e6328748-0b6c-4c2f-8636-4cefdd04ca77,"('Freddie', 'Kenneth')",uncle,brother-brother-sister-brother-father-sister-sister-son-uncle,"['brother', 'brother', 'sister', 'brother', 'father', 'sister', 'sister', 'son', 'uncle']","Freddie:male,Gerald:male,Lawrence:male,Alice:female,Joseph:male,Janice:female,Ethel:female,Henry:male,Kenneth:male",test
803588b0-0ddc-4c86-9366-dfe9759068f2,"('Larry', 'Janice')",sister,son-mother-son-brother-sister-mother-sister-son-aunt,"['son', 'mother', 'son', 'brother', 'sister', 'mother', 'sister', 'son', 'aunt']","Larry:male,Gordon:male,Ethel:female,Henry:male,Martin:male,Leila:female,Michele:female,Gino:male,Janice:female",test
a7a58c82-53c4-4817-9d81-549a92c5a42d,"('Judy', 'Henry')",nephew,daughter-uncle-sister-daughter-brother-grandmother-daughter-son-brother,"['daughter', 'uncle', 'sister', 'daughter', 'brother', 'grandmother', 'daughter', 'son', 'brother']","Judy:female,Alice:female,William:male,Michele:female,Jami:female,Gino:male,Dana:female,Ethel:female,Martin:male,Henry:male",test
432129a3-4ec4-46ae-9664-0c0f9718293e,"('Michele', 'William')",brother,husband-son-sister-aunt-husband-son-father-son-uncle,"['husband', 'son', 'sister', 'aunt', 'husband', 'son', 'father', 'son', 'uncle']","Michele:female,Kenneth:male,Charlie:male,Jami:female,Judy:female,Joseph:male,Gerald:male,Lawrence:male,William:male",test
c3dc7607-7cdc-4699-a2f6-9ec3b269af38,"('Larry', 'Joseph')",brother,daughter-brother-mother-sister-son-father-son-father-brother,"['daughter', 'brother', 'mother', 'sister', 'son', 'father', 'son', 'father', 'brother']","Larry:male,Leila:female,Henry:male,Ethel:female,Michele:female,Manuel:male,Kenneth:male,Gino:male,Joseph:male",test
2066418d-969b-4a81-9f20-6da31daf5434,"('Floyd', 'Julie')",aunt,sister-brother-brother-mother-brother-sister-father-daughter,"['sister', 'brother', 'brother', 'mother', 'brother', 'sister', 'father', 'daughter']","Floyd:male,Ashley:female,Anthony:male,Brad:male,Mary:female,Gregory:male,Jamie:female,Carlos:male,Julie:female",test
a3d2a0d8-acfa-417d-9d55-d063cc720373,"('Kenneth', 'Dannielle')",niece,brother-mother-daughter-husband-wife-son-sister-sister-sister,"['brother', 'mother', 'daughter', 'husband', 'wife', 'son', 'sister', 'sister', 'sister']","Kenneth:male,Joseph:male,Dana:female,Janice:female,William:male,Oscar:male,Dannielle:female,Beverly:female",test
35f40783-7fff-4c56-a172-56aa6033a191,"('Robert', 'Jamie')",aunt,sister-brother-sister-sister-mother-father-son-sister,"['sister', 'brother', 'sister', 'sister', 'mother', 'father', 'son', 'sister']","Robert:male,Ellen:female,Lisa:female,Carolyn:female,Julie:female,Carlos:male,Roger:male,Jamie:female",test
f0fd2bfe-5d14-4b29-b36d-f9d9e4ef9eeb,"('Manuel', 'Judy')",aunt,sister-father-son-brother-brother-brother-mother-brother-sister,"['sister', 'father', 'son', 'brother', 'brother', 'brother', 'mother', 'brother', 'sister']","Manuel:male,Jami:female,Kenneth:male,Gino:male,Charlie:male,Michele:female,William:male,Judy:female",test
5354ce1c-a8f0-490e-85b5-f06d7d16cd57,"('Judy', 'Larry')",brother,son-sister-father-son-father-son-sister-uncle-brother,"['son', 'sister', 'father', 'son', 'father', 'son', 'sister', 'uncle', 'brother']","Judy:female,Lawrence:male,Alice:female,Joseph:male,Freddie:male,William:male,Larry:male",test
6e1b4c76-be13-47e7-aa93-e09bd6e85c3a,"('Michele', 'Oscar')",nephew,sister-daughter-uncle-son-uncle-son-aunt-daughter-brother,"['sister', 'daughter', 'uncle', 'son', 'uncle', 'son', 'aunt', 'daughter', 'brother']","Michele:female,Judy:female,Alice:female,Larry:male,Gordon:male,Joseph:male,Freddie:male,Janice:female,Beverly:female,Oscar:male",test
a3f2760b-b70c-472d-a66f-b089f7edf46f,"('Larry', 'Dannielle')",niece,daughter-brother-grandfather-son-sister-daughter-aunt-husband-daughter,"['daughter', 'brother', 'grandfather', 'son', 'sister', 'daughter', 'aunt', 'husband', 'daughter']","Larry:male,Leila:female,Henry:male,Timothy:male,Kenneth:male,Judy:female,Alice:female,Janice:female,William:male,Dannielle:female",test
6ca3db26-503a-4d00-988d-bed84086b2a3,"('Timothy', 'Ethel')",daughter,son-brother-brother-daughter-mother-son-aunt-brother-sister,"['son', 'brother', 'brother', 'daughter', 'mother', 'son', 'aunt', 'brother', 'sister']","Timothy:male,William:male,Joseph:male,Fay:female,Janice:female,Oscar:male,Ethel:female,Kenneth:male",test
9a1c457a-6a1d-43be-8d82-fd249edf88d1,"('Michele', 'Joseph')",brother,son-father-brother-brother-sister-father-wife-son-brother,"['son', 'father', 'brother', 'brother', 'sister', 'father', 'wife', 'son', 'brother']","Michele:female,Manuel:male,Kenneth:male,Larry:male,William:male,Judy:female,Timothy:male,Dana:female,Joseph:male",test
88584a00-dd6d-456c-873a-8f397726e135,"('Manuel', 'William')",uncle,mother-brother-mother-son-sister-son-brother-father-brother,"['mother', 'brother', 'mother', 'son', 'sister', 'son', 'brother', 'father', 'brother']","Manuel:male,Michele:female,Larry:male,Dana:female,Joseph:male,Ethel:female,Henry:male,Gordon:male,William:male",test
e9f0af8d-77f3-4a1b-9dea-47b1c8abfd35,"('Beverly', 'Michele')",aunt,sister-sister-sister-father-son-mother-sister-brother-sister,"['sister', 'sister', 'sister', 'father', 'son', 'mother', 'sister', 'brother', 'sister']","Beverly:female,Dannielle:female,Fay:female,William:male,Oscar:male,Janice:female,Ethel:female,Joseph:male,Michele:female",test
83f80230-a104-43b5-8a14-051c46559374,"('Charlie', 'Judy')",aunt,sister-brother-brother-brother-mother-sister-son-father-sister,"['sister', 'brother', 'brother', 'brother', 'mother', 'sister', 'son', 'father', 'sister']","Charlie:male,Jami:female,Manuel:male,Gino:male,Michele:female,Janice:female,Oscar:male,William:male,Judy:female",test
eeab39ca-2e53-443d-b263-2593ae453911,"('Gino', 'Larry')",uncle,sister-brother-brother-mother-son-father-brother-sister-brother,"['sister', 'brother', 'brother', 'mother', 'son', 'father', 'brother', 'sister', 'brother']","Gino:male,Jami:female,Manuel:male,Michele:female,Kenneth:male,William:male,Judy:female,Larry:male",test
9f0b16e0-e757-4d8a-a83b-fc85316c46d0,"('Judy', 'Gordon')",nephew,brother-brother-son-brother-aunt-brother-mother-son-son,"['brother', 'brother', 'son', 'brother', 'aunt', 'brother', 'mother', 'son', 'son']","Judy:female,William:male,Joseph:male,Lawrence:male,Freddie:male,Michele:female,Dana:female,Larry:male,Gordon:male",test
67fade4a-36f8-4372-b287-27fc8b171a89,"('Joseph', 'Fay')",niece,wife-son-brother-brother-aunt-daughter-sister-brother-sister,"['wife', 'son', 'brother', 'brother', 'aunt', 'daughter', 'sister', 'brother', 'sister']","Joseph:male,Judy:female,Freddie:male,Gerald:male,Lawrence:male,Janice:female,Beverly:female,Dannielle:female,Oscar:male,Fay:female",test
91c8f4a3-c89e-43f7-8e71-54cdbed7cdc6,"('Ethel', 'Dana')",mother,daughter-uncle-sister-sister-brother-brother-brother-sister-mother,"['daughter', 'uncle', 'sister', 'sister', 'brother', 'brother', 'brother', 'sister', 'mother']","Ethel:female,Leila:female,Kenneth:male,Janice:female,Judy:female,William:male,Larry:male,Joseph:male,Michele:female,Dana:female",test
4d9c83ea-ec4a-43cf-95d3-0b76aa38da0e,"('Kenneth', 'Freddie')",nephew,mother-husband-daughter-brother-father-son-sister-husband-son,"['mother', 'husband', 'daughter', 'brother', 'father', 'son', 'sister', 'husband', 'son']","Kenneth:male,Dana:female,Timothy:male,Ethel:female,William:male,Larry:male,Judy:female,Joseph:male,Freddie:male",test
00621847-4923-4b1b-bf47-8e36e9b028a2,"('Ethel', 'Jami')",niece,son-uncle-brother-brother-sister-son-father-son-sister,"['son', 'uncle', 'brother', 'brother', 'sister', 'son', 'father', 'son', 'sister']","Ethel:female,Gordon:male,Joseph:male,Larry:male,William:male,Michele:female,Manuel:male,Kenneth:male,Gino:male,Jami:female",test
51b0ecb0-6719-4988-a571-ea6c02b7e5bf,"('Leila', 'Kenneth')",uncle,brother-brother-sister-brother-father-son-uncle-sister-brother,"['brother', 'brother', 'sister', 'brother', 'father', 'son', 'uncle', 'sister', 'brother']","Leila:female,Gordon:male,Henry:male,Martin:male,Larry:male,Joseph:male,Janice:female,Kenneth:male",test
1c58cbb4-e6be-4965-bffa-499a542f7d73,"('Larry', 'William')",brother,son-brother-sister-brother-brother-brother-brother-mother-brother,"['son', 'brother', 'sister', 'brother', 'brother', 'brother', 'brother', 'mother', 'brother']","Larry:male,Martin:male,Gordon:male,Leila:female,Henry:male,Ethel:female,William:male",test
bb21c997-7daf-468e-9dfe-79bb54ebc5ba,"('Timothy', 'Henry')",grandson,wife-son-son-uncle-sister-brother-son-mother-son,"['wife', 'son', 'son', 'uncle', 'sister', 'brother', 'son', 'mother', 'son']","Timothy:male,Dana:female,William:male,Oscar:male,Kenneth:male,Janice:female,Larry:male,Martin:male,Ethel:female,Henry:male",test
053d69aa-53df-465e-a8db-a077602f3a7e,"('Ethel', 'Freddie')",nephew,brother-brother-mother-son-sister-husband-son-sister-brother,"['brother', 'brother', 'mother', 'son', 'sister', 'husband', 'son', 'sister', 'brother']","Ethel:female,Kenneth:male,Joseph:male,Dana:female,Larry:male,Judy:female,Freddie:male,Alice:female",test
c54cf336-f9de-4fe1-ad92-072be2268639,"('Lawrence', 'Ethel')",aunt,brother-sister-brother-mother-brother-son-mother-sister-sister,"['brother', 'sister', 'brother', 'mother', 'brother', 'son', 'mother', 'sister', 'sister']","Lawrence:male,Freddie:male,Alice:female,Gerald:male,Judy:female,Kenneth:male,Manuel:male,Michele:female,Janice:female,Ethel:female",test
6f337a62-4051-47da-bdb4-2f3198ec365b,"('Dana', 'Lawrence')",grandson,son-brother-son-aunt-son-sister-brother-aunt-son,"['son', 'brother', 'son', 'aunt', 'son', 'sister', 'brother', 'aunt', 'son']","Dana:female,Joseph:male,Larry:male,Gordon:male,Michele:female,Gino:male,Jami:female,Manuel:male,Judy:female,Lawrence:male",test
c5f3e906-2105-4c80-91b5-9ee39b793531,"('Ethel', 'Michele')",sister,son-brother-brother-father-son-sister-uncle-mother-daughter,"['son', 'brother', 'brother', 'father', 'son', 'sister', 'uncle', 'mother', 'daughter']","Ethel:female,Henry:male,Gordon:male,Martin:male,Larry:male,Leila:female,William:male,Dana:female,Michele:female",test
93ad5b90-b2ae-4291-8db3-b85bd8907d4c,"('Freddie', 'William')",uncle,sister-brother-brother-father-brother-sister-mother-daughter-brother,"['sister', 'brother', 'brother', 'father', 'brother', 'sister', 'mother', 'daughter', 'brother']","Freddie:male,Alice:female,Lawrence:male,Gerald:male,Joseph:male,Kenneth:male,Ethel:female,Dana:female,Judy:female,William:male",test
afe57aef-6618-47ff-922e-003f61cae895,"('Larry', 'Fay')",niece,son-brother-sister-mother-sister-daughter-sister-brother-sister,"['son', 'brother', 'sister', 'mother', 'sister', 'daughter', 'sister', 'brother', 'sister']","Larry:male,Gordon:male,Martin:male,Leila:female,Ethel:female,Janice:female,Beverly:female,Dannielle:female,Oscar:male,Fay:female",test
0ee622ea-0696-4349-b698-35b298f2419d,"('William', 'Timothy')",father,daughter-mother-daughter-uncle-son-mother-sister-daughter-grandfather,"['daughter', 'mother', 'daughter', 'uncle', 'son', 'mother', 'sister', 'daughter', 'grandfather']","William:male,Dannielle:female,Janice:female,Fay:female,Joseph:male,Gerald:male,Judy:female,Ethel:female,Leila:female,Timothy:male",test
632dd344-5d3c-4ca3-9792-4d76821ebeba,"('Henry', 'Kenneth')",uncle,brother-brother-father-father-daughter-son-sister-father-brother,"['brother', 'brother', 'father', 'father', 'daughter', 'son', 'sister', 'father', 'brother']","Henry:male,Martin:male,Gordon:male,Larry:male,Timothy:male,Judy:female,Freddie:male,Alice:female,Joseph:male,Kenneth:male",test
8288708d-76c2-42d7-80ad-1ce0529a407f,"('Michele', 'Leila')",niece,son-brother-father-brother-daughter-aunt-sister-son-sister,"['son', 'brother', 'father', 'brother', 'daughter', 'aunt', 'sister', 'son', 'sister']","Michele:female,Charlie:male,Gino:male,Kenneth:male,William:male,Dannielle:female,Judy:female,Ethel:female,Henry:male,Leila:female",test
95b34718-0e46-4ab1-8b71-2eb63100c1d6,"('Larry', 'Dana')",mother,son-aunt-son-brother-aunt-sister-daughter-aunt-mother,"['son', 'aunt', 'son', 'brother', 'aunt', 'sister', 'daughter', 'aunt', 'mother']","Larry:male,Henry:male,Michele:female,Charlie:male,Gino:male,Janice:female,Judy:female,Alice:female,Ethel:female,Dana:female",test
7c3e89f4-90cc-4b80-a14f-d4b51bf54c21,"('Henry', 'Judy')",aunt,sister-brother-mother-husband-son-sister-brother-father-sister,"['sister', 'brother', 'mother', 'husband', 'son', 'sister', 'brother', 'father', 'sister']","Henry:male,Leila:female,Gordon:male,Ethel:female,Larry:male,Martin:male,Judy:female",test
375e7999-a0ff-48b5-94c1-1a7676b419b4,"('Charlie', 'Joseph')",uncle,brother-sister-mother-son-brother-father-son-brother-uncle,"['brother', 'sister', 'mother', 'son', 'brother', 'father', 'son', 'brother', 'uncle']","Charlie:male,Gino:male,Jami:female,Michele:female,Manuel:male,Kenneth:male,Joseph:male",test
8dfa2746-b238-46b9-af9e-e476602c4dba,"('Jami', 'Janice')",aunt,brother-brother-father-son-mother-sister-daughter-brother-aunt,"['brother', 'brother', 'father', 'son', 'mother', 'sister', 'daughter', 'brother', 'aunt']","Jami:female,Charlie:male,Manuel:male,Kenneth:male,Gino:male,Michele:female,Judy:female,Alice:female,Freddie:male,Janice:female",test
dfc3195c-ff2c-4046-949e-81d76e17fbf9,"('Ashley', 'Gregory')",uncle,brother-father-son-brother-brother-brother-mother-brother,"['brother', 'father', 'son', 'brother', 'brother', 'brother', 'mother', 'brother']","Ashley:female,Floyd:male,Charles:male,Anthony:male,Brad:male,Mary:female,Gregory:male",test
daf6f67c-a4af-4a9c-88e7-98b50df01973,"('Daniel', 'Anthony')",nephew,wife-daughter-mother-father-daughter-sister-son-brother,"['wife', 'daughter', 'mother', 'father', 'daughter', 'sister', 'son', 'brother']","Daniel:male,Jamie:female,Nola:female,Carlos:male,Faye:female,Mary:female,Floyd:male,Anthony:male",test
3d7fcd1f-99e9-4515-b4b9-83d24c0ba9f4,"('Judy', 'Gino')",nephew,son-father-father-son-brother-wife-daughter-brother-brother,"['son', 'father', 'father', 'son', 'brother', 'wife', 'daughter', 'brother', 'brother']","Judy:female,Freddie:male,Joseph:male,Timothy:male,Kenneth:male,Michele:female,Jami:female,Charlie:male,Gino:male",test
decbabe1-9642-4632-b708-1c3774ef86bd,"('Larry', 'Lawrence')",nephew,brother-brother-sister-mother-son-brother-son-mother-son,"['brother', 'brother', 'sister', 'mother', 'son', 'brother', 'son', 'mother', 'son']","Larry:male,Kenneth:male,William:male,Michele:female,Dana:female,Joseph:male,Freddie:male,Judy:female,Lawrence:male",test
2c12736a-210e-4b5b-a5b9-e25db57da892,"('Timothy', 'Dannielle')",granddaughter,wife-son-brother-brother-daughter-mother-daughter-sister-sister,"['wife', 'son', 'brother', 'brother', 'daughter', 'mother', 'daughter', 'sister', 'sister']","Timothy:male,Dana:female,William:male,Joseph:male,Fay:female,Janice:female,Jennifer:female,Beverly:female,Dannielle:female",test
4381b264-5014-4fbe-b47a-b7e5d92209d4,"('Manuel', 'Dana')",grandmother,father-son-sister-mother-son-grandmother-son-brother-mother,"['father', 'son', 'sister', 'mother', 'son', 'grandmother', 'son', 'brother', 'mother']","Manuel:male,Kenneth:male,Jami:female,Michele:female,Charlie:male,Dana:female,Joseph:male,William:male",test
a8989356-4451-4bb2-aa98-939cfa9fe1dd,"('Lawrence', 'Michele')",aunt,brother-sister-brother-brother-father-brother-daughter-sister-aunt,"['brother', 'sister', 'brother', 'brother', 'father', 'brother', 'daughter', 'sister', 'aunt']","Lawrence:male,Freddie:male,Alice:female,Gerald:male,Joseph:male,William:male,Dannielle:female,Fay:female,Michele:female",test
a5a70923-b352-4122-adce-eb44a364d916,"('Joseph', 'Fay')",niece,mother-daughter-brother-daughter-sister-mother-daughter-sister-sister,"['mother', 'daughter', 'brother', 'daughter', 'sister', 'mother', 'daughter', 'sister', 'sister']","Joseph:male,Dana:female,Michele:female,William:male,Jennifer:female,Fay:female,Janice:female,Dannielle:female,Beverly:female",test
7914f072-1728-4c50-a048-55670155f9af,"('Larry', 'Dannielle')",niece,son-brother-sister-mother-brother-wife-daughter-sister-sister,"['son', 'brother', 'sister', 'mother', 'brother', 'wife', 'daughter', 'sister', 'sister']","Larry:male,Martin:male,Gordon:male,Leila:female,Ethel:female,William:male,Janice:female,Fay:female,Jennifer:female,Dannielle:female",test
47cead8f-fb62-4ce7-9514-5044c4d87f09,"('Judy', 'Jennifer')",niece,father-wife-son-wife-husband-daughter-sister-sister-sister,"['father', 'wife', 'son', 'wife', 'husband', 'daughter', 'sister', 'sister', 'sister']","Judy:female,Timothy:male,Dana:female,William:male,Janice:female,Dannielle:female,Jennifer:female,Beverly:female",test
593cfafc-87c5-4318-851f-9dbdd1e0df43,"('Judy', 'Gordon')",nephew,son-brother-mother-daughter-father-son-grandfather-daughter-son,"['son', 'brother', 'mother', 'daughter', 'father', 'son', 'grandfather', 'daughter', 'son']","Judy:female,Lawrence:male,Gerald:male,Alice:female,Joseph:male,Freddie:male,Timothy:male,Ethel:female,Gordon:male",test
2c27ba6f-1876-4c28-ac22-558d0c70f706,"('Janice', 'Gino')",nephew,daughter-sister-sister-father-daughter-uncle-wife-son-brother,"['daughter', 'sister', 'sister', 'father', 'daughter', 'uncle', 'wife', 'son', 'brother']","Janice:female,Jennifer:female,Beverly:female,Fay:female,William:male,Dannielle:female,Kenneth:male,Michele:female,Manuel:male,Gino:male",test
b4df81ae-2d6c-45ca-994c-34f525835612,"('Ethel', 'Fay')",niece,husband-son-sister-brother-brother-uncle-wife-daughter-sister,"['husband', 'son', 'sister', 'brother', 'brother', 'uncle', 'wife', 'daughter', 'sister']","Ethel:female,Larry:male,Gordon:male,Leila:female,Martin:male,Henry:male,William:male,Janice:female,Dannielle:female,Fay:female",test
117f8d79-e3de-4b35-9c0b-217922188574,"('Kenneth', 'Gerald')",nephew,son-sister-brother-uncle-son-sister-mother-son-brother,"['son', 'sister', 'brother', 'uncle', 'son', 'sister', 'mother', 'son', 'brother']","Kenneth:male,Charlie:male,Jami:female,Gino:male,Joseph:male,Freddie:male,Alice:female,Judy:female,Lawrence:male,Gerald:male",test
ad70aae9-df17-4f61-8a30-641e7fa5207e,"('Gregory', 'Ellen')",niece,sister-son-grandfather-daughter-daughter-father-daughter-sister,"['sister', 'son', 'grandfather', 'daughter', 'daughter', 'father', 'daughter', 'sister']","Gregory:male,Mary:female,Brad:male,Carlos:male,Julie:female,Lisa:female,Roger:male,Carolyn:female,Ellen:female",test
a5d53b9a-22f5-4bdd-9cb6-c136e5cfd442,"('Daniel', 'Mary')",sister,son-brother-sister-uncle-mother-daughter-sister-sister,"['son', 'brother', 'sister', 'uncle', 'mother', 'daughter', 'sister', 'sister']","Daniel:male,Oscar:male,Joel:male,Nola:female,Charles:male,Sarah:female,Julie:female,Faye:female,Mary:female",test
34cc874b-adb5-40ca-ae7e-1e862c2101cc,"('Charles', 'Christine')",niece,son-brother-brother-mother-son-aunt-son-sister,"['son', 'brother', 'brother', 'mother', 'son', 'aunt', 'son', 'sister']","Charles:male,Brad:male,Anthony:male,Mary:female,Faye:female,Christopher:male,Christine:female",test
955d086d-ae75-4c86-abb8-4d858dc75cac,"('Ashley', 'Faye')",aunt,brother-brother-brother-father-wife-son-mother-sister,"['brother', 'brother', 'brother', 'father', 'wife', 'son', 'mother', 'sister']","Ashley:female,Anthony:male,Floyd:male,Brad:male,Charles:male,Mary:female,Faye:female",test
787616de-f54f-4883-ada2-cf63dd1890dd,"('Christopher', 'Julie')",aunt,sister-mother-son-sister-sister-father-daughter-aunt,"['sister', 'mother', 'son', 'sister', 'sister', 'father', 'daughter', 'aunt']","Christopher:male,Christine:female,Faye:female,Thomas:male,Cecil:female,Gregory:male,Julie:female",test
7195a453-3b58-48e9-8529-f724b0fca494,"('Gregory', 'Joel')",nephew,sister-brother-mother-son-brother-sister-husband-son,"['sister', 'brother', 'mother', 'son', 'brother', 'sister', 'husband', 'son']","Gregory:male,Julie:female,Charles:male,Sarah:female,Roger:male,Jamie:female,Daniel:male,Joel:male",test
c358f1d4-39e0-4882-8741-07709873db75,"('Robert', 'Charles')",uncle,sister-sister-mother-sister-son-grandmother-daughter-brother,"['sister', 'sister', 'mother', 'sister', 'son', 'grandmother', 'daughter', 'brother']","Robert:male,Lisa:female,Carolyn:female,Julie:female,Jamie:female,Oscar:male,Sarah:female,Faye:female,Charles:male",test
d25cfca1-163a-4ef7-86a2-78bb74e4b060,"('Richard', 'Roger')",uncle,brother-brother-father-daughter-brother-brother-mother-brother,"['brother', 'brother', 'father', 'daughter', 'brother', 'brother', 'mother', 'brother']","Richard:male,Joel:male,Oscar:male,Daniel:male,Nola:female,Jamie:female,Roger:male",test
506a9e37-312a-457b-b492-a60f90da71cc,"('Joel', 'Carlos')",grandfather,sister-brother-sister-mother-son-father-daughter-grandfather,"['sister', 'brother', 'sister', 'mother', 'son', 'father', 'daughter', 'grandfather']","Joel:male,Nola:female,Oscar:male,Jamie:female,Richard:male,Daniel:male,Carlos:male",test
5d4ee931-896e-4280-b029-50e20174cb8d,"('Christopher', 'Carlos')",grandfather,mother-daughter-mother-daughter-brother-mother-sister-father,"['mother', 'daughter', 'mother', 'daughter', 'brother', 'mother', 'sister', 'father']","Christopher:male,Faye:female,Cecil:female,Christine:female,Thomas:male,Jamie:female,Carlos:male",test
0ae0c495-0e59-4703-b2e3-0e8bd2ca2026,"('Judy', 'Kenneth')",brother,son-brother-brother-father-brother-sister-sister-son-uncle,"['son', 'brother', 'brother', 'father', 'brother', 'sister', 'sister', 'son', 'uncle']","Judy:female,Gerald:male,Lawrence:male,Freddie:male,Joseph:male,Larry:male,Janice:female,Ethel:female,Gordon:male,Kenneth:male",test
46f2b9d4-7c66-4509-b847-d223d9f49ed9,"('Chuck', 'Reynaldo')",brother,daughter-aunt-son-brother-father-mother-son,"['daughter', 'aunt', 'son', 'brother', 'father', 'mother', 'son']","Chuck:male,Sara:female,Judy:female,David:male,Larry:male,George:male,Carmelita:female,Reynaldo:male",test
225a74f9-f232-407e-b35c-4d85c40da75a,"('Reynaldo', 'Larry')",nephew,father-daughter-daughter-uncle-son-brother-brother,"['father', 'daughter', 'daughter', 'uncle', 'son', 'brother', 'brother']","Reynaldo:male,Tommy:male,Martha:female,Brandi:female,George:male,Craig:male,David:male,Larry:male",test
94b0ff1f-8fb9-4fb6-963c-985588e3e53b,"('Kent', 'Leo')",nephew,brother-son-uncle-sister-husband-son,"['brother', 'son', 'uncle', 'sister', 'husband', 'son']","Kent:male,Thomas:male,Matthew:male,Norman:male,Helen:female,Johnny:male,Leo:male",test
08817019-25d7-4315-97fd-7749ce9d8880,"('Thomas', 'Gene')",nephew,sister-sister-sister-husband-daughter-brother,"['sister', 'sister', 'sister', 'husband', 'daughter', 'brother']","Thomas:male,Florence:female,Sharon:female,Helen:female,Johnny:male,Joanne:female,Gene:male",test
8e3aa994-2e73-4fb0-a80c-13dadd6a890c,"('Alice', 'Kenneth')",uncle,mother-son-brother-brother-father-son-uncle-brother-brother,"['mother', 'son', 'brother', 'brother', 'father', 'son', 'uncle', 'brother', 'brother']","Alice:female,Judy:female,Freddie:male,Lawrence:male,Gerald:male,Joseph:male,Larry:male,William:male,Kenneth:male",test
a8cc09f9-f3a6-4f57-a585-538e135e34cd,"('Anthony', 'Gregory')",uncle,sister-father-daughter-brother-mother-son-uncle-brother,"['sister', 'father', 'daughter', 'brother', 'mother', 'son', 'uncle', 'brother']","Anthony:male,Ashley:female,Charles:male,Brad:male,Mary:female,Daniel:male,Gregory:male",test
0e579815-8c66-4f5b-a473-2e3e7814623b,"('Gino', 'William')",uncle,brother-mother-son-sister-brother-aunt-brother-daughter-uncle,"['brother', 'mother', 'son', 'sister', 'brother', 'aunt', 'brother', 'daughter', 'uncle']","Gino:male,Manuel:male,Michele:female,Jami:female,Charlie:male,Ethel:female,Joseph:male,Alice:female,William:male",test
9c29e72f-b084-48cf-9608-dee1661cf4e0,"('Timothy', 'Gerald')",grandson,son-brother-sister-daughter-uncle-daughter-mother-son-brother,"['son', 'brother', 'sister', 'daughter', 'uncle', 'daughter', 'mother', 'son', 'brother']","Timothy:male,Larry:male,Kenneth:male,Janice:female,Fay:female,Joseph:male,Alice:female,Judy:female,Lawrence:male,Gerald:male",test
6d94dd12-9428-40c6-8289-cfa24881abef,"('Julie', 'Brad')",nephew,mother-son-sister-brother-sister-son-sister-brother,"['mother', 'son', 'sister', 'brother', 'sister', 'son', 'sister', 'brother']","Julie:female,Sarah:female,Charles:male,Gregory:male,Mary:female,Anthony:male,Ashley:female,Brad:male",test
7a79dd30-ed97-4e48-90dd-bd4ae4806c9c,"('Daniel', 'Robert')",nephew,sister-brother-sister-daughter-sister-sister-father-son,"['sister', 'brother', 'sister', 'daughter', 'sister', 'sister', 'father', 'son']","Daniel:male,Faye:female,Charles:male,Julie:female,Ellen:female,Lisa:female,Carolyn:female,Roger:male,Robert:male",test
8fdcf5d4-6c99-453f-b4bb-10dacef02a1f,"('Charles', 'Oscar')",nephew,wife-son-brother-mother-mother-daughter-son-brother,"['wife', 'son', 'brother', 'mother', 'mother', 'daughter', 'son', 'brother']","Charles:male,Mary:female,Floyd:male,Brad:male,Sarah:female,Jamie:female,Joel:male,Oscar:male",test
5a4cdf85-3266-4bc1-9d93-e3af2271f293,"('Roger', 'Joel')",nephew,mother-daughter-father-daughter-sister-son-brother-brother,"['mother', 'daughter', 'father', 'daughter', 'sister', 'son', 'brother', 'brother']","Roger:male,Sarah:female,Faye:female,Carlos:male,Julie:female,Jamie:female,Richard:male,Oscar:male,Joel:male",test
66128e88-d306-4c0b-b0f3-938254f507e8,"('Jamie', 'Sarah')",mother,son-sister-brother-uncle-daughter-mother-brother-mother,"['son', 'sister', 'brother', 'uncle', 'daughter', 'mother', 'brother', 'mother']","Jamie:female,Joel:male,Nola:female,Oscar:male,Roger:male,Carolyn:female,Julie:female,Gregory:male,Sarah:female",test
1cca5557-9efd-4f0b-81f8-c763d340c01f,"('Oscar', 'Gregory')",uncle,father-son-brother-aunt-sister-brother-brother-brother,"['father', 'son', 'brother', 'aunt', 'sister', 'brother', 'brother', 'brother']","Oscar:male,Daniel:male,Joel:male,Faye:female,Julie:female,Charles:male,Roger:male,Gregory:male",test
a9da7c70-5522-4357-b078-3617f3a86741,"('Roger', 'Daniel')",brother,daughter-sister-sister-mother-son-sister-mother-brother,"['daughter', 'sister', 'sister', 'mother', 'son', 'sister', 'mother', 'brother']","Roger:male,Lisa:female,Ellen:female,Carolyn:female,Julie:female,Robert:male,Daniel:male",test
25deab5d-ff06-4d30-ac78-3a407a54d0b0,"('Roger', 'Mary')",sister,son-sister-sister-mother-brother-mother-daughter-sister,"['son', 'sister', 'sister', 'mother', 'brother', 'mother', 'daughter', 'sister']","Roger:male,Robert:male,Lisa:female,Ellen:female,Julie:female,Gregory:male,Sarah:female,Jamie:female,Mary:female",test
bd87e63d-6913-454a-901f-94444a83af94,"('Anthony', 'Jamie')",aunt,father-son-brother-brother-sister-mother-son-aunt,"['father', 'son', 'brother', 'brother', 'sister', 'mother', 'son', 'aunt']","Anthony:male,Charles:male,Brad:male,Floyd:male,Ashley:female,Mary:female,Jamie:female",test
c70011b0-8da0-42f2-822c-58abeac4f231,"('Richard', 'Charles')",uncle,brother-brother-sister-father-sister-sister-daughter-uncle,"['brother', 'brother', 'sister', 'father', 'sister', 'sister', 'daughter', 'uncle']","Richard:male,Joel:male,Oscar:male,Nola:female,Daniel:male,Mary:female,Julie:female,Ellen:female,Charles:male",test
211b0ab3-4eb4-4012-904c-6f33f4c5a6ea,"('Floyd', 'Carlos')",grandfather,brother-father-daughter-brother-mother-brother-daughter-grandfather,"['brother', 'father', 'daughter', 'brother', 'mother', 'brother', 'daughter', 'grandfather']","Floyd:male,Brad:male,Charles:male,Ashley:female,Mary:female,Roger:male,Carolyn:female,Carlos:male",test
c5f2fbc1-d782-4c3b-b661-162b4df09abc,"('Julie', 'Thomas')",nephew,daughter-sister-father-brother-brother-brother-sister-son,"['daughter', 'sister', 'father', 'brother', 'brother', 'brother', 'sister', 'son']","Julie:female,Lisa:female,Carolyn:female,Roger:male,Daniel:male,Charles:male,Faye:female,Thomas:male",test
2ce0c549-ced4-438a-ab61-b09454438c77,"('Carlos', 'Jamie')",daughter,wife-daughter-sister-sister-brother-brother-sister-sister,"['wife', 'daughter', 'sister', 'sister', 'brother', 'brother', 'sister', 'sister']","Carlos:male,Sarah:female,Mary:female,Julie:female,Gregory:male,Roger:male,Jamie:female",test
47b301df-6799-47aa-9383-ccdad8d5edf2,"('Gregory', 'Charles')",brother,wife-son-sister-uncle-son-aunt-daughter-uncle,"['wife', 'son', 'sister', 'uncle', 'son', 'aunt', 'daughter', 'uncle']","Gregory:male,Faye:female,Thomas:male,Cecil:female,Daniel:male,Oscar:male,Julie:female,Carolyn:female,Charles:male",test
4df28e84-80b5-4bc0-8c7e-e4c65f743e46,"('Lisa', 'Sarah')",grandmother,mother-son-sister-brother-sister-father-brother-mother,"['mother', 'son', 'sister', 'brother', 'sister', 'father', 'brother', 'mother']","Lisa:female,Julie:female,Robert:male,Carolyn:female,Roger:male,Charles:male,Sarah:female",test
04a47cf3-67e5-40a5-a638-8147115d749a,"('Brad', 'Roger')",uncle,mother-son-sister-aunt-son-father-sister-brother,"['mother', 'son', 'sister', 'aunt', 'son', 'father', 'sister', 'brother']","Brad:male,Mary:female,Anthony:male,Ashley:female,Jamie:female,Richard:male,Daniel:male,Faye:female,Roger:male",test
3599458a-5648-4da2-b890-a1799d2eabb4,"('Charles', 'Joel')",nephew,son-brother-brother-sister-aunt-husband-daughter-brother,"['son', 'brother', 'brother', 'sister', 'aunt', 'husband', 'daughter', 'brother']","Charles:male,Anthony:male,Brad:male,Floyd:male,Ashley:female,Jamie:female,Daniel:male,Nola:female,Joel:male",test
60622c1c-3c6d-4eb1-93b4-9520e45fd73f,"('Nola', 'Gregory')",uncle,brother-father-wife-son-brother-mother-sister-brother,"['brother', 'father', 'wife', 'son', 'brother', 'mother', 'sister', 'brother']","Nola:female,Richard:male,Daniel:male,Jamie:female,Joel:male,Oscar:male,Mary:female,Gregory:male",test
b014c7bc-f6b4-45a8-bac6-4620ac2edf52,"('Daniel', 'Roger')",brother,sister-brother-sister-father-son-wife-son-uncle,"['sister', 'brother', 'sister', 'father', 'son', 'wife', 'son', 'uncle']","Daniel:male,Mary:female,Gregory:male,Jamie:female,Carlos:male,Faye:female,Christopher:male,Roger:male",test
9a4d2fb4-f559-4e7a-aadb-963d71101331,"('Ellen', 'Mary')",aunt,father-son-father-daughter-sister-sister-mother-sister,"['father', 'son', 'father', 'daughter', 'sister', 'sister', 'mother', 'sister']","Ellen:female,Roger:male,Robert:male,Carolyn:female,Lisa:female,Julie:female,Mary:female",test
86050265-98c7-41ad-84e1-c3ad0dae4be1,"('Brad', 'Julie')",aunt,sister-brother-father-brother-son-sister-mother-sister,"['sister', 'brother', 'father', 'brother', 'son', 'sister', 'mother', 'sister']","Brad:male,Ashley:female,Floyd:male,Charles:male,Daniel:male,Joel:male,Nola:female,Jamie:female,Julie:female",test
48ac9823-bc51-45f0-9631-7c3ab1cd6bf9,"('Joel', 'Sarah')",grandmother,father-son-sister-brother-brother-mother-brother-mother,"['father', 'son', 'sister', 'brother', 'brother', 'mother', 'brother', 'mother']","Joel:male,Daniel:male,Oscar:male,Nola:female,Jamie:female,Roger:male,Sarah:female",test
0c7e95fe-92be-47bf-b440-5ac37d28665c,"('Lisa', 'Jamie')",aunt,brother-mother-daughter-aunt-sister-sister-brother-sister,"['brother', 'mother', 'daughter', 'aunt', 'sister', 'sister', 'brother', 'sister']","Lisa:female,Robert:male,Julie:female,Ellen:female,Faye:female,Mary:female,Roger:male,Jamie:female",test
dc368a72-23f6-4de1-b013-8d3d9ea5ccf3,"('Julie', 'Gregory')",brother,daughter-father-son-sister-sister-father-father-son,"['daughter', 'father', 'son', 'sister', 'sister', 'father', 'father', 'son']","Julie:female,Ellen:female,Roger:male,Robert:male,Carolyn:female,Lisa:female,Carlos:male,Gregory:male",test
88bbc245-240f-4339-88d9-c2b9f36c53d5,"('Richard', 'Mary')",aunt,father-son-brother-mother-son-brother-grandmother-daughter,"['father', 'son', 'brother', 'mother', 'son', 'brother', 'grandmother', 'daughter']","Richard:male,Daniel:male,Joel:male,Jamie:female,Sarah:female,Mary:female",test
eea55a17-00be-4612-827b-b01f0dbf4f3d,"('Dana', 'Jennifer')",granddaughter,daughter-sister-brother-brother-son-brother-mother-brother-daughter,"['daughter', 'sister', 'brother', 'brother', 'son', 'brother', 'mother', 'brother', 'daughter']","Dana:female,Judy:female,Michele:female,Larry:male,Joseph:male,Lawrence:male,Freddie:male,William:male,Jennifer:female",test
7e8e1c79-e5dd-4ad1-94bf-398a71f95837,"('Timothy', 'Gino')",grandson,daughter-sister-sister-sister-brother-daughter-uncle-daughter-brother,"['daughter', 'sister', 'sister', 'sister', 'brother', 'daughter', 'uncle', 'daughter', 'brother']","Timothy:male,Ethel:female,Judy:female,Michele:female,William:male,Beverly:female,Kenneth:male,Jami:female,Gino:male",test
7350d43f-6510-458f-af2a-19aec9ca6dd6,"('Henry', 'William')",uncle,brother-brother-mother-daughter-father-son-aunt-brother-brother,"['brother', 'brother', 'mother', 'daughter', 'father', 'son', 'aunt', 'brother', 'brother']","Henry:male,Gordon:male,Martin:male,Ethel:female,Leila:female,Larry:male,Janice:female,Joseph:male,William:male",test
1b52a677-9171-4384-94dd-c417837b9fc1,"('Kenneth', 'Joseph')",brother,sister-mother-son-son-aunt-son-aunt-father-son,"['sister', 'mother', 'son', 'son', 'aunt', 'son', 'aunt', 'father', 'son']","Kenneth:male,Judy:female,Dana:female,Larry:male,Martin:male,Michele:female,Charlie:male,Ethel:female,Timothy:male,Joseph:male",test
9400c7f6-b514-496b-98ed-3e815eae6cbf,"('Ethel', 'Janice')",sister,son-sister-father-sister-daughter-brother-brother-brother-aunt,"['son', 'sister', 'father', 'sister', 'daughter', 'brother', 'brother', 'brother', 'aunt']","Ethel:female,Henry:male,Leila:female,Larry:male,Judy:female,Alice:female,Lawrence:male,Gerald:male,Janice:female",test
562a84c1-6570-4373-9397-3965185c4499,"('Ashley', 'Sarah')",grandmother,brother-brother-brother-father-son-brother-mother-mother,"['brother', 'brother', 'brother', 'father', 'son', 'brother', 'mother', 'mother']","Ashley:female,Floyd:male,Brad:male,Anthony:male,Charles:male,Mary:female,Sarah:female",test
be879ff1-b6f4-4f3e-952d-5c7cf898162f,"('Roger', 'Christine')",niece,daughter-sister-mother-daughter-aunt-sister-daughter-sister,"['daughter', 'sister', 'mother', 'daughter', 'aunt', 'sister', 'daughter', 'sister']","Roger:male,Ellen:female,Carolyn:female,Julie:female,Lisa:female,Mary:female,Faye:female,Cecil:female,Christine:female",test
ea9a3a3e-d4c9-4264-846e-d53adf0a4ef5,"('Lisa', 'Mary')",aunt,sister-sister-father-daughter-sister-sister-mother-sister,"['sister', 'sister', 'father', 'daughter', 'sister', 'sister', 'mother', 'sister']","Lisa:female,Ellen:female,Carolyn:female,Roger:male,Julie:female,Mary:female",test
e0854a36-5370-4824-9d32-60c4d058b317,"('Julie', 'Nola')",niece,husband-daughter-sister-aunt-husband-son-brother-sister,"['husband', 'daughter', 'sister', 'aunt', 'husband', 'son', 'brother', 'sister']","Julie:female,Roger:male,Ellen:female,Lisa:female,Jamie:female,Daniel:male,Joel:male,Richard:male,Nola:female",test
6c9fbe05-9009-413a-a4b3-c40be10f3c66,"('Christine', 'Roger')",uncle,sister-mother-brother-son-brother-mother-son-uncle,"['sister', 'mother', 'brother', 'son', 'brother', 'mother', 'son', 'uncle']","Christine:female,Cecil:female,Faye:female,Charles:male,Floyd:male,Anthony:male,Mary:female,Roger:male",test
7a00c241-13d7-480d-9993-6845ac0874df,"('Cecil', 'Julie')",aunt,mother-son-sister-brother-father-son-grandfather-daughter,"['mother', 'son', 'sister', 'brother', 'father', 'son', 'grandfather', 'daughter']","Cecil:female,Faye:female,Christopher:male,Christine:female,Thomas:male,Gregory:male,Carlos:male,Julie:female",test
ebb9b709-9bf3-445f-b499-c84c249b0acf,"('Charles', 'Ellen')",niece,mother-husband-daughter-sister-daughter-sister-brother-sister,"['mother', 'husband', 'daughter', 'sister', 'daughter', 'sister', 'brother', 'sister']","Charles:male,Sarah:female,Carlos:male,Faye:female,Julie:female,Lisa:female,Ellen:female,Robert:male",test
7f1e3179-ddb4-434f-aafd-4e335b8eca45,"('Mary', 'Thomas')",nephew,daughter-brother-brother-aunt-daughter-sister-brother-brother,"['daughter', 'brother', 'brother', 'aunt', 'daughter', 'sister', 'brother', 'brother']","Mary:female,Ashley:female,Anthony:male,Floyd:male,Faye:female,Cecil:female,Christine:female,Christopher:male,Thomas:male",test
c2c61033-c8e9-47bf-b376-0cbdacad6553,"('Faye', 'Joel')",nephew,sister-brother-son-brother-brother-uncle-sister-son,"['sister', 'brother', 'son', 'brother', 'brother', 'uncle', 'sister', 'son']","Faye:female,Julie:female,Daniel:male,Joel:male,Oscar:male,Richard:male,Roger:male,Jamie:female",test
cee17dd1-e3d1-448f-959c-0e817de21440,"('Gregory', 'Richard')",nephew,daughter-father-wife-son-mother-sister-sister-son,"['daughter', 'father', 'wife', 'son', 'mother', 'sister', 'sister', 'son']","Gregory:male,Christine:female,Faye:female,Thomas:male,Julie:female,Jamie:female,Richard:male",test
55dbeaa7-2a25-4416-9a3b-185b4659acce,"('Robert', 'Gregory')",uncle,sister-mother-sister-mother-daughter-daughter-grandfather-son,"['sister', 'mother', 'sister', 'mother', 'daughter', 'daughter', 'grandfather', 'son']","Robert:male,Ellen:female,Julie:female,Jamie:female,Sarah:female,Faye:female,Cecil:female,Carlos:male,Gregory:male",test
ec3422e8-d314-429f-a8f2-ab629de4602f,"('Daniel', 'Floyd')",nephew,sister-sister-brother-sister-husband-son-sister-brother,"['sister', 'sister', 'brother', 'sister', 'husband', 'son', 'sister', 'brother']","Daniel:male,Faye:female,Julie:female,Gregory:male,Mary:female,Charles:male,Anthony:male,Ashley:female,Floyd:male",test
45e2cf8b-06f6-4c52-ad7c-b5f1b308f134,"('Mary', 'Lisa')",niece,son-father-daughter-uncle-brother-sister-sister-daughter,"['son', 'father', 'daughter', 'uncle', 'brother', 'sister', 'sister', 'daughter']","Mary:female,Floyd:male,Charles:male,Ashley:female,Roger:male,Jamie:female,Julie:female,Lisa:female",test
3810c84c-3fe4-4552-a1e5-c44158457038,"('Ashley', 'Gregory')",uncle,brother-brother-brother-brother-brother-father-son-uncle,"['brother', 'brother', 'brother', 'brother', 'brother', 'father', 'son', 'uncle']","Ashley:female,Floyd:male,Anthony:male,Brad:male,Charles:male,Gregory:male",test
efa4839f-ebd9-473e-8568-78320b029b76,"('Oscar', 'Carlos')",grandfather,sister-brother-mother-brother-daughter-brother-sister-grandfather,"['sister', 'brother', 'mother', 'brother', 'daughter', 'brother', 'sister', 'grandfather']","Oscar:male,Nola:female,Joel:male,Jamie:female,Gregory:male,Cecil:female,Thomas:male,Carlos:male",test
1b2e9463-2fa0-459c-8928-fe674eae9330,"('Julie', 'Christopher')",nephew,son-sister-father-brother-brother-daughter-brother-brother,"['son', 'sister', 'father', 'brother', 'brother', 'daughter', 'brother', 'brother']","Julie:female,Robert:male,Lisa:female,Roger:male,Charles:male,Gregory:male,Cecil:female,Thomas:male,Christopher:male",test
de3b43d3-af3a-41ae-bede-18afff48129c,"('Julie', 'Oscar')",nephew,daughter-brother-father-sister-daughter-uncle-wife-son,"['daughter', 'brother', 'father', 'sister', 'daughter', 'uncle', 'wife', 'son']","Julie:female,Carolyn:female,Robert:male,Roger:male,Faye:female,Christine:female,Daniel:male,Jamie:female,Oscar:male",test
04fe8dc7-7365-4ef6-a844-5f0fdd8624a4,"('Joel', 'Gregory')",uncle,brother-father-wife-daughter-brother-brother-mother-brother,"['brother', 'father', 'wife', 'daughter', 'brother', 'brother', 'mother', 'brother']","Joel:male,Richard:male,Daniel:male,Jamie:female,Nola:female,Oscar:male,Gregory:male",test
933137c7-b285-45f2-a875-5d7c6ed381ad,"('Julie', 'Jamie')",sister,brother-daughter-sister-mother-son-sister-brother-aunt,"['brother', 'daughter', 'sister', 'mother', 'son', 'sister', 'brother', 'aunt']","Julie:female,Gregory:male,Cecil:female,Christine:female,Faye:female,Christopher:male,Thomas:male,Jamie:female",test
de0f3a4f-1756-46a9-98c7-eae45283926e,"('Mary', 'Oscar')",nephew,son-sister-uncle-daughter-brother-mother-son-brother,"['son', 'sister', 'uncle', 'daughter', 'brother', 'mother', 'son', 'brother']","Mary:female,Floyd:male,Ashley:female,Daniel:male,Nola:female,Richard:male,Jamie:female,Joel:male,Oscar:male",test
392ace45-abea-40ef-a7d1-59a5738d58c3,"('Dustin', 'Jamie')",aunt,mother-son-father-mother-son-brother-brother-sister,"['mother', 'son', 'father', 'mother', 'son', 'brother', 'brother', 'sister']","Dustin:male,Julie:female,Robert:male,Roger:male,Sarah:female,Charles:male,Gregory:male,Jamie:female",test
02cdb364-14a1-4669-801b-8567c670993b,"('Daniel', 'Julie')",sister,son-aunt-daughter-brother-sister-grandfather-son-sister,"['son', 'aunt', 'daughter', 'brother', 'sister', 'grandfather', 'son', 'sister']","Daniel:male,Richard:male,Mary:female,Ashley:female,Floyd:male,Carlos:male,Gregory:male,Julie:female",test
ec9b1eb4-b3aa-405e-9410-5f295f98444a,"('Ashley', 'Jamie')",aunt,father-son-brother-mother-sister-brother-mother-daughter,"['father', 'son', 'brother', 'mother', 'sister', 'brother', 'mother', 'daughter']","Ashley:female,Charles:male,Anthony:male,Floyd:male,Mary:female,Julie:female,Sarah:female,Jamie:female",test
a40bb597-31b1-439e-967e-3161f2d608a5,"('Jamie', 'Lisa')",niece,sister-son-brother-grandmother-son-son-sister-sister,"['sister', 'son', 'brother', 'grandmother', 'son', 'son', 'sister', 'sister']","Jamie:female,Julie:female,Robert:male,Dustin:male,Sarah:female,Roger:male,Carolyn:female,Lisa:female",test
eba28c70-7177-46fc-8f16-0820ec655a85,"('Lisa', 'Jamie')",aunt,brother-father-sister-daughter-brother-brother-grandfather-daughter,"['brother', 'father', 'sister', 'daughter', 'brother', 'brother', 'grandfather', 'daughter']","Lisa:female,Robert:male,Roger:male,Faye:female,Christine:female,Christopher:male,Thomas:male,Carlos:male,Jamie:female",test
5673bd61-543a-4a10-9385-1effe7a54396,"('Jamie', 'Thomas')",nephew,husband-son-sister-mother-son-brother-uncle-son,"['husband', 'son', 'sister', 'mother', 'son', 'brother', 'uncle', 'son']","Jamie:female,Daniel:male,Richard:male,Nola:female,Joel:male,Oscar:male,Gregory:male,Thomas:male",test
b5a8f696-b2e2-480a-aed6-a0f548c7a993,"('Sarah', 'Lisa')",granddaughter,daughter-son-uncle-brother-brother-son-sister-sister,"['daughter', 'son', 'uncle', 'brother', 'brother', 'son', 'sister', 'sister']","Sarah:female,Jamie:female,Joel:male,Charles:male,Daniel:male,Roger:male,Robert:male,Carolyn:female,Lisa:female",test
a16ecd50-1909-4848-a712-2bb1fc145d59,"('Roger', 'Oscar')",nephew,wife-daughter-brother-mother-sister-mother-daughter-son,"['wife', 'daughter', 'brother', 'mother', 'sister', 'mother', 'daughter', 'son']","Roger:male,Julie:female,Lisa:female,Robert:male,Faye:female,Sarah:female,Jamie:female,Oscar:male",test
e7d75dbd-a1cd-4e0e-83bd-46ddbe727e81,"('Daniel', 'Dustin')",nephew,brother-brother-daughter-sister-mother-son-sister-brother,"['brother', 'brother', 'daughter', 'sister', 'mother', 'son', 'sister', 'brother']","Daniel:male,Gregory:male,Roger:male,Lisa:female,Carolyn:female,Julie:female,Robert:male,Dustin:male",test
c2bfdfc2-4b34-408d-a028-2d4e9d474de9,"('Joel', 'Faye')",aunt,brother-father-wife-son-sister-brother-mother-sister,"['brother', 'father', 'wife', 'son', 'sister', 'brother', 'mother', 'sister']","Joel:male,Richard:male,Daniel:male,Jamie:female,Oscar:male,Nola:female,Faye:female",test
ec1988b6-90f8-4fd8-b189-103f53187094,"('Faye', 'Dustin')",nephew,son-sister-sister-sister-brother-father-brother-son,"['son', 'sister', 'sister', 'sister', 'brother', 'father', 'brother', 'son']","Faye:female,Thomas:male,Cecil:female,Christine:female,Christopher:male,Gregory:male,Roger:male,Dustin:male",test
45faf06e-9aee-4fd7-87b3-3f6a7d04c76c,"('Roger', 'Thomas')",nephew,sister-mother-daughter-brother-son-sister-sister-brother,"['sister', 'mother', 'daughter', 'brother', 'son', 'sister', 'sister', 'brother']","Roger:male,Mary:female,Sarah:female,Jamie:female,Gregory:male,Christopher:male,Christine:female,Cecil:female,Thomas:male",test
41e81015-3893-48c4-90a1-0e48724bf267,"('Antonia', 'Hattie')",granddaughter,daughter-sister-brother-daughter-sister,"['daughter', 'sister', 'brother', 'daughter', 'sister']","Antonia:female,Victoria:female,Guadalupe:female,Samuel:male,Adeline:female,Hattie:female",test
df8d2428-56db-4a49-b765-31b2b240766e,"('Anthony', 'Gregory')",uncle,mother-daughter-brother-brother-father-son-brother-uncle,"['mother', 'daughter', 'brother', 'brother', 'father', 'son', 'brother', 'uncle']","Anthony:male,Mary:female,Ashley:female,Floyd:male,Brad:male,Charles:male,Gregory:male",test
addf2ae1-07d5-4fc3-85c6-d187f102e349,"('Mary', 'Roger')",brother,brother-brother-sister-daughter-brother-sister-father-brother,"['brother', 'brother', 'sister', 'daughter', 'brother', 'sister', 'father', 'brother']","Mary:female,Gregory:male,Daniel:male,Faye:female,Cecil:female,Christopher:male,Christine:female,Roger:male",test
cdec3545-0371-4445-bf4f-066232f8b9a5,"('Jamie', 'Dustin')",nephew,son-brother-father-brother-daughter-mother-daughter-brother,"['son', 'brother', 'father', 'brother', 'daughter', 'mother', 'daughter', 'brother']","Jamie:female,Joel:male,Oscar:male,Daniel:male,Roger:male,Lisa:female,Julie:female,Carolyn:female,Dustin:male",test
3b6934a0-59f5-424c-a99e-58c5b80e5e45,"('Daniel', 'Robert')",nephew,son-aunt-son-father-son-uncle-brother-son,"['son', 'aunt', 'son', 'father', 'son', 'uncle', 'brother', 'son']","Daniel:male,Joel:male,Faye:female,Christopher:male,Gregory:male,Charles:male,Roger:male,Robert:male",test
b5d6e85f-f6e0-41ad-abb1-ac7e96e4b16e,"('Julie', 'Daniel')",brother,son-sister-grandmother-son-sister-sister-brother-brother,"['son', 'sister', 'grandmother', 'son', 'sister', 'sister', 'brother', 'brother']","Julie:female,Dustin:male,Carolyn:female,Sarah:female,Gregory:male,Mary:female,Jamie:female,Roger:male,Daniel:male",test
b3f144a6-2e8f-407e-b374-9ff6b84aa5a0,"('Mary', 'Christopher')",nephew,father-son-son-aunt-brother-son-sister-brother,"['father', 'son', 'son', 'aunt', 'brother', 'son', 'sister', 'brother']","Mary:female,Carlos:male,Roger:male,Dustin:male,Jamie:female,Gregory:male,Thomas:male,Cecil:female,Christopher:male",test
26d8a552-009d-4621-81ff-042666cb661e,"('Faye', 'Charles')",brother,mother-husband-daughter-sister-daughter-aunt-brother-brother,"['mother', 'husband', 'daughter', 'sister', 'daughter', 'aunt', 'brother', 'brother']","Faye:female,Sarah:female,Carlos:male,Mary:female,Ashley:female,Julie:female,Gregory:male,Charles:male",test
3b37ff8f-effd-4ad3-8622-51783d2c3c2f,"('Julie', 'Joel')",nephew,daughter-father-son-father-brother-son-brother-brother,"['daughter', 'father', 'son', 'father', 'brother', 'son', 'brother', 'brother']","Julie:female,Carolyn:female,Roger:male,Robert:male,Daniel:male,Oscar:male,Richard:male,Joel:male",test
0c195821-c6ea-4c26-a84a-b8b02243cde3,"('Sarah', 'Thomas')",grandson,son-brother-wife-daughter-sister-father-son-brother,"['son', 'brother', 'wife', 'daughter', 'sister', 'father', 'son', 'brother']","Sarah:female,Roger:male,Gregory:male,Faye:female,Cecil:female,Christine:female,Christopher:male,Thomas:male",test
8858e244-2b55-4c92-a646-9de4c5fa1151,"('Carlos', 'Roger')",son,son-mother-son-son-mother-sister-daughter-uncle,"['son', 'mother', 'son', 'son', 'mother', 'sister', 'daughter', 'uncle']","Carlos:male,Gregory:male,Sarah:female,Charles:male,Floyd:male,Mary:female,Jamie:female,Nola:female,Roger:male",test
a623e290-2498-4c63-9f07-5821683d7ebb,"('Faye', 'Brad')",nephew,daughter-sister-father-brother-sister-brother-brother-son,"['daughter', 'sister', 'father', 'brother', 'sister', 'brother', 'brother', 'son']","Faye:female,Christine:female,Cecil:female,Gregory:male,Roger:male,Mary:female,Daniel:male,Charles:male,Brad:male",test
16192f80-f187-46f5-ae6c-b0dc51bbd5cb,"('Roger', 'Brad')",nephew,sister-daughter-brother-father-brother-son-brother-brother,"['sister', 'daughter', 'brother', 'father', 'brother', 'son', 'brother', 'brother']","Roger:male,Faye:female,Christine:female,Thomas:male,Gregory:male,Charles:male,Floyd:male,Anthony:male,Brad:male",test
d258bf23-aea4-4736-9067-733d6d6cc8fd,"('Brad', 'Faye')",aunt,brother-brother-father-daughter-mother-brother-brother-sister,"['brother', 'brother', 'father', 'daughter', 'mother', 'brother', 'brother', 'sister']","Brad:male,Floyd:male,Anthony:male,Charles:male,Ashley:female,Mary:female,Gregory:male,Roger:male,Faye:female",test
e5472486-125c-4b1c-af94-dc96355a37b8,"('Christine', 'Charles')",uncle,brother-mother-brother-daughter-brother-sister-aunt-brother,"['brother', 'mother', 'brother', 'daughter', 'brother', 'sister', 'aunt', 'brother']","Christine:female,Thomas:male,Faye:female,Roger:male,Lisa:female,Robert:male,Carolyn:female,Jamie:female,Charles:male",test
e22c470c-fbbf-4b88-82a0-85615f0efcf6,"('Faye', 'Carolyn')",niece,son-father-mother-daughter-brother-daughter-brother-sister,"['son', 'father', 'mother', 'daughter', 'brother', 'daughter', 'brother', 'sister']","Faye:female,Christopher:male,Gregory:male,Sarah:female,Jamie:female,Roger:male,Lisa:female,Robert:male,Carolyn:female",test
46feb5c1-d96a-41b6-bad2-9681f6f44f53,"('Faye', 'Anthony')",nephew,brother-son-aunt-daughter-uncle-wife-daughter-brother,"['brother', 'son', 'aunt', 'daughter', 'uncle', 'wife', 'daughter', 'brother']","Faye:female,Daniel:male,Richard:male,Julie:female,Lisa:female,Charles:male,Mary:female,Ashley:female,Anthony:male",test
ca1843ac-090b-462b-b8c4-c83158fe5c93,"('Thomas', 'Jamie')",aunt,brother-father-daughter-aunt-sister-father-son-sister,"['brother', 'father', 'daughter', 'aunt', 'sister', 'father', 'son', 'sister']","Thomas:male,Christopher:male,Gregory:male,Christine:female,Mary:female,Julie:female,Carlos:male,Roger:male,Jamie:female",test
97acab15-7c3c-4793-9c1b-fd44c9fda70e,"('Roger', 'Jamie')",sister,son-uncle-daughter-sister-mother-daughter-brother-aunt,"['son', 'uncle', 'daughter', 'sister', 'mother', 'daughter', 'brother', 'aunt']","Roger:male,Robert:male,Gregory:male,Christine:female,Cecil:female,Faye:female,Thomas:male,Jamie:female",test
9e8db15e-6335-4408-8969-a5bc055bfdf5,"('Mary', 'Julie')",sister,son-brother-father-son-aunt-father-wife-daughter,"['son', 'brother', 'father', 'son', 'aunt', 'father', 'wife', 'daughter']","Mary:female,Brad:male,Anthony:male,Charles:male,Faye:female,Carlos:male,Sarah:female,Julie:female",test
2e292971-0df2-430e-87e0-4b5b6186116c,"('Julie', 'Charles')",brother,father-son-son-sister-aunt-sister-brother-brother,"['father', 'son', 'son', 'sister', 'aunt', 'sister', 'brother', 'brother']","Julie:female,Carlos:male,Roger:male,Dustin:male,Lisa:female,Faye:female,Jamie:female,Charles:male",test
c627b48a-3914-4bc9-8aba-f31ffe4023aa,"('Daniel', 'Floyd')",nephew,son-brother-uncle-wife-son-sister-brother-brother,"['son', 'brother', 'uncle', 'wife', 'son', 'sister', 'brother', 'brother']","Daniel:male,Oscar:male,Joel:male,Charles:male,Mary:female,Anthony:male,Ashley:female,Brad:male,Floyd:male",test
a1e49aa3-fb3b-44b0-9ce4-a8e2200bb64a,"('Sarah', 'Anthony')",grandson,daughter-son-aunt-son-sister-aunt-brother-son,"['daughter', 'son', 'aunt', 'son', 'sister', 'aunt', 'brother', 'son']","Sarah:female,Mary:female,Anthony:male,Jamie:female,Richard:male,Nola:female,Julie:female,Charles:male",test
1447f2ed-1ec3-452d-b4b5-a8c17ae8697d,"('Jamie', 'Carolyn')",niece,son-father-son-aunt-brother-daughter-brother-sister,"['son', 'father', 'son', 'aunt', 'brother', 'daughter', 'brother', 'sister']","Jamie:female,Richard:male,Daniel:male,Oscar:male,Mary:female,Roger:male,Lisa:female,Dustin:male,Carolyn:female",test
d018364a-3aae-4856-bd05-58d26ac45264,"('Gregory', 'Anthony')",nephew,wife-son-sister-sister-brother-uncle-son-brother,"['wife', 'son', 'sister', 'sister', 'brother', 'uncle', 'son', 'brother']","Gregory:male,Faye:female,Thomas:male,Cecil:female,Christine:female,Christopher:male,Charles:male,Brad:male,Anthony:male",test
67954ef9-3803-426b-a464-34d72bf0b4ff,"('Richard', 'Faye')",aunt,mother-son-brother-sister-brother-father-brother-sister,"['mother', 'son', 'brother', 'sister', 'brother', 'father', 'brother', 'sister']","Richard:male,Jamie:female,Oscar:male,Joel:male,Nola:female,Daniel:male,Charles:male,Faye:female",test
8e456241-69ed-4a90-9b2c-a33dfea53f8b,"('Gregory', 'Daniel')",brother,son-sister-sister-brother-mother-sister-son-uncle,"['son', 'sister', 'sister', 'brother', 'mother', 'sister', 'son', 'uncle']","Gregory:male,Christopher:male,Christine:female,Cecil:female,Faye:female,Mary:female,Floyd:male,Daniel:male",test
dc345f8f-c87d-46b2-8b1e-961c87d65e6d,"('Christine', 'Carlos')",grandfather,brother-sister-sister-mother-daughter-aunt-daughter-grandfather,"['brother', 'sister', 'sister', 'mother', 'daughter', 'aunt', 'daughter', 'grandfather']","Christine:female,Thomas:male,Cecil:female,Faye:female,Jamie:female,Nola:female,Carlos:male",test
0da54112-9984-4680-8d41-f5bd34d0265b,"('Charles', 'Jamie')",sister,wife-son-aunt-son-brother-father-brother-sister,"['wife', 'son', 'aunt', 'son', 'brother', 'father', 'brother', 'sister']","Charles:male,Mary:female,Brad:male,Faye:female,Christopher:male,Thomas:male,Gregory:male,Roger:male,Jamie:female",test
a7ec9bc9-28f3-4c00-b2ac-06da6e31c3ea,"('Joel', 'Charles')",uncle,sister-father-daughter-brother-brother-mother-mother-son,"['sister', 'father', 'daughter', 'brother', 'brother', 'mother', 'mother', 'son']","Joel:male,Nola:female,Daniel:male,Oscar:male,Jamie:female,Sarah:female,Charles:male",test
e373517c-b784-47a6-86d4-0916253da88b,"('Nola', 'Charles')",uncle,mother-son-brother-mother-son-father-son-uncle,"['mother', 'son', 'brother', 'mother', 'son', 'father', 'son', 'uncle']","Nola:female,Jamie:female,Joel:male,Oscar:male,Daniel:male,Richard:male,Charles:male",test
7b4ccd8d-f05c-449f-8b64-194d614191b5,"('Dustin', 'Jamie')",aunt,sister-brother-sister-sister-mother-sister-brother-sister,"['sister', 'brother', 'sister', 'sister', 'mother', 'sister', 'brother', 'sister']","Dustin:male,Lisa:female,Robert:male,Carolyn:female,Julie:female,Faye:female,Charles:male,Jamie:female",test
956e68a4-f930-4778-a9ae-0589f713e89a,"('Roger', 'Christopher')",nephew,son-sister-brother-sister-grandfather-son-daughter-brother,"['son', 'sister', 'brother', 'sister', 'grandfather', 'son', 'daughter', 'brother']","Roger:male,Dustin:male,Carolyn:female,Lisa:female,Carlos:male,Gregory:male,Christine:female,Christopher:male",test
14831182-71af-4ca5-a6a2-c4ef101d21fc,"('Julie', 'Anthony')",nephew,son-aunt-brother-sister-husband-son-sister-brother,"['son', 'aunt', 'brother', 'sister', 'husband', 'son', 'sister', 'brother']","Julie:female,Dustin:male,Faye:female,Daniel:male,Mary:female,Charles:male,Floyd:male,Ashley:female,Anthony:male",test
105fc0a3-ccfa-452a-a001-603d7a55f65b,"('Jamie', 'Lisa')",niece,father-daughter-sister-son-brother-father-daughter-sister,"['father', 'daughter', 'sister', 'son', 'brother', 'father', 'daughter', 'sister']","Jamie:female,Carlos:male,Faye:female,Julie:female,Robert:male,Dustin:male,Roger:male,Carolyn:female,Lisa:female",test
680cbef4-0ab8-4991-b518-d930e11ca20d,"('Thomas', 'Mary')",aunt,brother-father-daughter-mother-sister-sister-brother-sister,"['brother', 'father', 'daughter', 'mother', 'sister', 'sister', 'brother', 'sister']","Thomas:male,Christopher:male,Gregory:male,Cecil:female,Faye:female,Jamie:female,Julie:female,Daniel:male,Mary:female",test
307df256-50f0-4449-8087-3ad92271079a,"('Faye', 'Ashley')",niece,sister-son-uncle-sister-son-father-son-sister,"['sister', 'son', 'uncle', 'sister', 'son', 'father', 'son', 'sister']","Faye:female,Jamie:female,Joel:male,Roger:male,Mary:female,Anthony:male,Charles:male,Brad:male,Ashley:female",test
1b8bda9d-4be6-41f1-9a94-7cb785f7dbf5,"('Mary', 'Nola')",niece,son-uncle-sister-husband-son-brother-brother-sister,"['son', 'uncle', 'sister', 'husband', 'son', 'brother', 'brother', 'sister']","Mary:female,Anthony:male,Roger:male,Jamie:female,Daniel:male,Oscar:male,Richard:male,Nola:female",test
5cbe9490-2c24-4e18-97ac-bfdd09f8817f,"('Carlos', 'Joel')",grandson,daughter-brother-brother-brother-sister-son-father-son,"['daughter', 'brother', 'brother', 'brother', 'sister', 'son', 'father', 'son']","Carlos:male,Mary:female,Roger:male,Gregory:male,Charles:male,Jamie:female,Richard:male,Daniel:male,Joel:male",test
06637644-dc9e-4b27-9f12-ea0b80136520,"('Sarah', 'Lisa')",granddaughter,daughter-brother-brother-sister-sister-brother-sister-daughter,"['daughter', 'brother', 'brother', 'sister', 'sister', 'brother', 'sister', 'daughter']","Sarah:female,Jamie:female,Charles:male,Daniel:male,Mary:female,Julie:female,Gregory:male,Lisa:female",test
7ad06490-69fa-47d1-87a1-e8f98ca30d0a,"('Robert', 'Jamie')",aunt,mother-brother-daughter-sister-grandmother-daughter-sister-sister,"['mother', 'brother', 'daughter', 'sister', 'grandmother', 'daughter', 'sister', 'sister']","Robert:male,Julie:female,Gregory:male,Christine:female,Cecil:female,Sarah:female,Faye:female,Mary:female,Jamie:female",test
c5986c2a-5ec6-49c0-9684-4266837097cc,"('Sarah', 'Christine')",granddaughter,husband-son-son-uncle-son-brother-brother-sister,"['husband', 'son', 'son', 'uncle', 'son', 'brother', 'brother', 'sister']","Sarah:female,Carlos:male,Roger:male,Dustin:male,Gregory:male,Thomas:male,Christopher:male,Christine:female",test
cc9967a1-c06b-4bd5-9852-805228609ce5,"('Richard', 'Sarah')",grandmother,brother-sister-mother-brother-son-brother-mother-mother,"['brother', 'sister', 'mother', 'brother', 'son', 'brother', 'mother', 'mother']","Richard:male,Joel:male,Nola:female,Jamie:female,Charles:male,Anthony:male,Brad:male,Mary:female,Sarah:female",test
628b8ff2-de51-4085-8d7a-502bafc9c49c,"('Gregory', 'Oscar')",nephew,father-daughter-sister-sister-mother-daughter-husband-son,"['father', 'daughter', 'sister', 'sister', 'mother', 'daughter', 'husband', 'son']","Gregory:male,Carlos:male,Mary:female,Julie:female,Sarah:female,Jamie:female,Daniel:male,Oscar:male",test
ab48f904-eeb6-4ff1-8466-7c239cc57f5e,"('Sarah', 'Nola')",granddaughter,daughter-son-uncle-brother-sister-sister-husband-daughter,"['daughter', 'son', 'uncle', 'brother', 'sister', 'sister', 'husband', 'daughter']","Sarah:female,Julie:female,Dustin:male,Charles:male,Roger:male,Mary:female,Jamie:female,Daniel:male,Nola:female",test
9b7d2988-8e10-41a7-86ef-191d42c41ff0,"('Ashley', 'Carlos')",grandfather,mother-son-father-son-father-wife-son-grandfather,"['mother', 'son', 'father', 'son', 'father', 'wife', 'son', 'grandfather']","Ashley:female,Mary:female,Anthony:male,Charles:male,Floyd:male,Brad:male,Carlos:male",test
bd80f736-0acc-470c-981e-ebc43ca71644,"('Charles', 'Nola')",niece,mother-daughter-son-aunt-sister-sister-son-sister,"['mother', 'daughter', 'son', 'aunt', 'sister', 'sister', 'son', 'sister']","Charles:male,Sarah:female,Mary:female,Anthony:male,Faye:female,Julie:female,Jamie:female,Joel:male,Nola:female",test
dec86392-5927-4444-88ef-a793972218ba,"('Mary', 'Joel')",nephew,husband-son-grandmother-son-sister-son-sister-brother,"['husband', 'son', 'grandmother', 'son', 'sister', 'son', 'sister', 'brother']","Mary:female,Charles:male,Floyd:male,Sarah:female,Jamie:female,Oscar:male,Nola:female,Joel:male",test
01f4eb8d-ceff-4b0e-b62d-89c0b7b96681,"('Sarah', 'Robert')",grandson,son-sister-son-father-brother-sister-son-brother,"['son', 'sister', 'son', 'father', 'brother', 'sister', 'son', 'brother']","Sarah:female,Gregory:male,Jamie:female,Richard:male,Daniel:male,Charles:male,Julie:female,Dustin:male,Robert:male",test
954ea398-da97-4864-b17e-b373fd5907f5,"('Daniel', 'Robert')",nephew,son-sister-brother-brother-brother-mother-sister-son,"['son', 'sister', 'brother', 'brother', 'brother', 'mother', 'sister', 'son']","Daniel:male,Richard:male,Nola:female,Oscar:male,Joel:male,Jamie:female,Julie:female,Robert:male",test
a589b6f7-13b8-4d1f-b9c8-c0a059277841,"('Carlos', 'Richard')",grandson,son-sister-husband-daughter-brother-brother-brother-brother,"['son', 'sister', 'husband', 'daughter', 'brother', 'brother', 'brother', 'brother']","Carlos:male,Roger:male,Jamie:female,Daniel:male,Nola:female,Oscar:male,Joel:male,Richard:male",test
860a5a16-dcbb-4a76-b8dd-fef382f812ae,"('Carlos', 'Brad')",grandson,son-daughter-brother-mother-sister-husband-son-brother,"['son', 'daughter', 'brother', 'mother', 'sister', 'husband', 'son', 'brother']","Carlos:male,Roger:male,Carolyn:female,Dustin:male,Julie:female,Mary:female,Charles:male,Anthony:male,Brad:male",test
9ec4b179-8313-4a1a-b868-e072d4c97354,"('Sarah', 'Thomas')",grandson,son-son-uncle-daughter-sister-brother-sister-brother,"['son', 'son', 'uncle', 'daughter', 'sister', 'brother', 'sister', 'brother']","Sarah:female,Charles:male,Anthony:male,Gregory:male,Christine:female,Cecil:female,Christopher:male,Thomas:male",test
abca90b1-c4e9-415c-b259-c77293b9d5ca,"('Anthony', 'Gregory')",uncle,sister-brother-mother-husband-son-sister-grandfather-son,"['sister', 'brother', 'mother', 'husband', 'son', 'sister', 'grandfather', 'son']","Anthony:male,Ashley:female,Floyd:male,Mary:female,Charles:male,Carlos:male,Gregory:male",test
fae4dab2-6c16-49d8-90f1-9e1db53b94b5,"('Charles', 'Christopher')",nephew,son-uncle-daughter-sister-brother-mother-daughter-brother,"['son', 'uncle', 'daughter', 'sister', 'brother', 'mother', 'daughter', 'brother']","Charles:male,Floyd:male,Gregory:male,Cecil:female,Christine:female,Thomas:male,Faye:female,Christopher:male",test
1d0362cd-696e-450d-8727-667eb5c48fd0,"('Mary', 'Ellen')",niece,brother-son-uncle-sister-daughter-brother-sister-sister,"['brother', 'son', 'uncle', 'sister', 'daughter', 'brother', 'sister', 'sister']","Mary:female,Daniel:male,Joel:male,Gregory:male,Julie:female,Lisa:female,Robert:male,Carolyn:female,Ellen:female",test
56cd1c53-c8a6-4ab7-98aa-4423744c0a1e,"('Philip', 'Elizabeth')",aunt,sister-brother-sister-mother-sister-sister-sister,"['sister', 'brother', 'sister', 'mother', 'sister', 'sister', 'sister']","Philip:male,Diane:female,Rufus:male,Joyce:female,Maxine:female,Martha:female,Judy:female,Elizabeth:female",test
22d61317-52c5-4e75-ac7a-be90625931ee,"('Carolyn', 'Mary')",aunt,brother-mother-son-sister-sister-father-son-aunt,"['brother', 'mother', 'son', 'sister', 'sister', 'father', 'son', 'aunt']","Carolyn:female,Robert:male,Julie:female,Ellen:female,Roger:male,Mary:female",test
e0fc8d89-8d6f-4cc7-8a47-6587eff52cbc,"('Mary', 'Carlos')",father,husband-son-brother-aunt-brother-mother-daughter-father,"['husband', 'son', 'brother', 'aunt', 'brother', 'mother', 'daughter', 'father']","Mary:female,Charles:male,Floyd:male,Brad:male,Jamie:female,Roger:male,Sarah:female,Faye:female,Carlos:male",test
449809d0-a735-496e-a57c-7dd4d96011bf,"('Sarah', 'Christopher')",grandson,son-sister-husband-daughter-father-brother-wife-son,"['son', 'sister', 'husband', 'daughter', 'father', 'brother', 'wife', 'son']","Sarah:female,Roger:male,Jamie:female,Daniel:male,Nola:female,Gregory:male,Faye:female,Christopher:male",test
cc78e3f2-2049-4e15-9b2c-02b9e2810fd3,"('Sarah', 'Oscar')",grandson,daughter-father-daughter-son-uncle-sister-son-brother,"['daughter', 'father', 'daughter', 'son', 'uncle', 'sister', 'son', 'brother']","Sarah:female,Julie:female,Carlos:male,Faye:female,Christopher:male,Roger:male,Jamie:female,Richard:male,Oscar:male",test
70f804f3-07ae-4111-8bd3-bca6b6574fa2,"('Faye', 'Nola')",niece,son-sister-father-mother-daughter-sister-sister-daughter,"['son', 'sister', 'father', 'mother', 'daughter', 'sister', 'sister', 'daughter']","Faye:female,Thomas:male,Christine:female,Gregory:male,Sarah:female,Julie:female,Mary:female,Jamie:female,Nola:female",test
04a950b2-b277-4c2c-a102-ff48c4c2c7be,"('Mary', 'Faye')",sister,son-father-son-father-son-sister-father-sister,"['son', 'father', 'son', 'father', 'son', 'sister', 'father', 'sister']","Mary:female,Anthony:male,Charles:male,Brad:male,Floyd:male,Ashley:female,Faye:female",test
edd83a2a-dc2d-45d4-8c31-c59527d326a3,"('Carolyn', 'Daniel')",uncle,father-son-sister-brother-mother-son-father-brother,"['father', 'son', 'sister', 'brother', 'mother', 'son', 'father', 'brother']","Carolyn:female,Roger:male,Dustin:male,Lisa:female,Robert:male,Julie:female,Daniel:male",test
c62790c9-419a-417b-a7a3-65347e2d73c8,"('Gregory', 'Julie')",sister,wife-son-brother-mother-son-grandfather-daughter-sister,"['wife', 'son', 'brother', 'mother', 'son', 'grandfather', 'daughter', 'sister']","Gregory:male,Faye:female,Christopher:male,Thomas:male,Carlos:male,Julie:female",test
06bd368f-0325-45be-9815-8281941e90e6,"('Sarah', 'Joel')",grandson,son-son-aunt-son-father-son-sister-brother,"['son', 'son', 'aunt', 'son', 'father', 'son', 'sister', 'brother']","Sarah:female,Charles:male,Floyd:male,Jamie:female,Oscar:male,Daniel:male,Richard:male,Nola:female,Joel:male",test
c16168a0-3f4c-4552-8365-1fc4d8cb2e76,"('Sarah', 'Roger')",son,daughter-son-uncle-sister-son-father-son-uncle,"['daughter', 'son', 'uncle', 'sister', 'son', 'father', 'son', 'uncle']","Sarah:female,Mary:female,Anthony:male,Gregory:male,Jamie:female,Richard:male,Daniel:male,Oscar:male,Roger:male",test
debc37e9-4fe0-4278-827e-4139c824edd9,"('Charles', 'Joel')",nephew,wife-son-brother-brother-brother-aunt-son-brother,"['wife', 'son', 'brother', 'brother', 'brother', 'aunt', 'son', 'brother']","Charles:male,Mary:female,Brad:male,Floyd:male,Anthony:male,Jamie:female,Richard:male,Joel:male",test
99e1eb45-af3c-4a1a-903d-95f283f84704,"('Oscar', 'Julie')",aunt,sister-brother-brother-father-wife-son-mother-sister,"['sister', 'brother', 'brother', 'father', 'wife', 'son', 'mother', 'sister']","Oscar:male,Nola:female,Richard:male,Joel:male,Daniel:male,Jamie:female,Julie:female",test
08143e0d-6f29-403a-86e8-f0496167320f,"('Nola', 'Faye')",aunt,brother-brother-brother-brother-father-son-mother-sister,"['brother', 'brother', 'brother', 'brother', 'father', 'son', 'mother', 'sister']","Nola:female,Oscar:male,Joel:male,Richard:male,Daniel:male,Jamie:female,Faye:female",test
cdbc74ef-7a78-4365-a704-f7225cf33f1a,"('Daniel', 'Cecil')",niece,wife-daughter-brother-brother-mother-brother-son-sister,"['wife', 'daughter', 'brother', 'brother', 'mother', 'brother', 'son', 'sister']","Daniel:male,Jamie:female,Nola:female,Joel:male,Richard:male,Gregory:male,Christopher:male,Cecil:female",test
6b117ea4-be13-4a0d-84a3-d1eed485444e,"('Gregory', 'Carolyn')",niece,wife-son-sister-aunt-son-father-daughter-sister,"['wife', 'son', 'sister', 'aunt', 'son', 'father', 'daughter', 'sister']","Gregory:male,Faye:female,Thomas:male,Cecil:female,Julie:female,Robert:male,Roger:male,Lisa:female,Carolyn:female",test
f7a97fe5-dd69-47dd-b2ea-8c81dc2cc01d,"('Gregory', 'Anthony')",nephew,son-mother-daughter-aunt-son-brother-father-son,"['son', 'mother', 'daughter', 'aunt', 'son', 'brother', 'father', 'son']","Gregory:male,Christopher:male,Faye:female,Christine:female,Mary:female,Brad:male,Floyd:male,Charles:male,Anthony:male",test
75661e81-09cb-4116-9052-f82baf77a3eb,"('Sarah', 'Julie')",daughter,daughter-husband-daughter-brother-grandfather-daughter-sister-sister,"['daughter', 'husband', 'daughter', 'brother', 'grandfather', 'daughter', 'sister', 'sister']","Sarah:female,Faye:female,Gregory:male,Cecil:female,Christopher:male,Carlos:male,Mary:female,Jamie:female,Julie:female",test
17a4123f-c1e3-4573-87be-d615b86bda9e,"('Charles', 'Richard')",nephew,daughter-aunt-husband-daughter-mother-son-brother-brother,"['daughter', 'aunt', 'husband', 'daughter', 'mother', 'son', 'brother', 'brother']","Charles:male,Ashley:female,Jamie:female,Daniel:male,Nola:female,Joel:male,Oscar:male,Richard:male",test
78b7ef95-61e4-4875-8086-1d8150d60337,"('Sharon', 'Helen')",sister,husband-son-brother-brother-grandmother-daughter,"['husband', 'son', 'brother', 'brother', 'grandmother', 'daughter']","Sharon:female,Kent:male,Brian:male,Rick:male,Oliver:male,Dorothy:female,Helen:female",test
9bd72a3f-82fc-45c7-ae18-3a9f62cda1a4,"('Faye', 'Anthony')",nephew,son-brother-sister-father-sister-son-sister-brother,"['son', 'brother', 'sister', 'father', 'sister', 'son', 'sister', 'brother']","Faye:female,Thomas:male,Christopher:male,Christine:female,Gregory:male,Mary:female,Floyd:male,Ashley:female,Anthony:male",test
bae9da28-b393-414d-8200-1dbb769c5125,"('Peter', 'Chuck')",uncle,sister-brother-brother-mother-mother-son-brother,"['sister', 'brother', 'brother', 'mother', 'mother', 'son', 'brother']","Peter:male,Brandi:female,Michael:male,Mark:male,Martha:female,Carmelita:female,Reynaldo:male,Chuck:male",test
b44f88c3-4e9e-4dcf-a174-b79a43b4035e,"('Chuck', 'Judy')",sister,sister-sister-sister-sister-father-son-sister,"['sister', 'sister', 'sister', 'sister', 'father', 'son', 'sister']","Chuck:male,Maxine:female,Martha:female,Elizabeth:female,Judy:female,Tommy:male,Reynaldo:male",test
4501afd2-612a-44c3-aed6-28deea29fd6e,"('Reynaldo', 'Naomi')",niece,wife-daughter-mother-sister-brother-daughter-sister,"['wife', 'daughter', 'mother', 'sister', 'brother', 'daughter', 'sister']","Reynaldo:male,Maxine:female,Joyce:female,Judy:female,Chuck:male,Sara:female,Naomi:female",test
a71fafc8-cd00-46db-8058-099952045e75,"('Tommy', 'Judy')",daughter,daughter-husband-daughter-uncle-son-mother-sister,"['daughter', 'husband', 'daughter', 'uncle', 'son', 'mother', 'sister']","Tommy:male,Maxine:female,Reynaldo:male,Joyce:female,Chuck:male,Mickey:male,Elizabeth:female,Judy:female",test
392fd520-d47e-49d6-855c-7e9642c9a9e0,"('Brandi', 'Reynaldo')",uncle,brother-brother-brother-mother-son-father-brother,"['brother', 'brother', 'brother', 'mother', 'son', 'father', 'brother']","Brandi:female,Peter:male,Michael:male,Martha:female,Spencer:male,Reynaldo:male",test
d77c39ba-6a59-413e-aac7-2fed54b49c40,"('Elizabeth', 'Joyce')",niece,son-aunt-sister-son-sister-brother-sister,"['son', 'aunt', 'sister', 'son', 'sister', 'brother', 'sister']","Elizabeth:female,Mickey:male,Martha:female,Maxine:female,Philip:male,Diane:female,Rufus:male,Joyce:female",test
748807de-93a7-430d-ad8c-fd2918434606,"('Carmelita', 'Brandi')",granddaughter,son-son-uncle-son-brother-brother-sister,"['son', 'son', 'uncle', 'son', 'brother', 'brother', 'sister']","Carmelita:female,Reynaldo:male,Philip:male,Spencer:male,Mark:male,Peter:male,Brandi:female",test
fe4594e3-e775-4262-af20-13767da31096,"('Maxine', 'Jean')",niece,brother-brother-wife-husband-son-brother-sister,"['brother', 'brother', 'wife', 'husband', 'son', 'brother', 'sister']","Maxine:female,Chuck:male,George:male,Judy:female,Larry:male,David:male,Jean:female",test
514bacc2-2c92-4b59-a917-343e8fdd1fc1,"('Sara', 'Judy')",aunt,sister-brother-father-daughter-brother-mother-sister,"['sister', 'brother', 'father', 'daughter', 'brother', 'mother', 'sister']","Sara:female,Naomi:female,Leandro:male,Chuck:male,Mickey:male,Elizabeth:female,Judy:female",test
36211f2f-31de-4367-ae79-7b936d740d5b,"('Joyce', 'Martha')",aunt,sister-mother-daughter-father-son-father-sister,"['sister', 'mother', 'daughter', 'father', 'son', 'father', 'sister']","Joyce:female,Diane:female,Maxine:female,Reynaldo:male,Philip:male,Martha:female",test
a63d67dd-7d97-4251-b323-a7d0cdee37b2,"('Sarah', 'Cecil')",granddaughter,daughter-sister-daughter-father-son-father-brother-daughter,"['daughter', 'sister', 'daughter', 'father', 'son', 'father', 'brother', 'daughter']","Sarah:female,Mary:female,Jamie:female,Nola:female,Daniel:male,Richard:male,Gregory:male,Cecil:female",test
6d0c18c6-48b7-4805-8360-cfcb95910bbf,"('Daniel', 'Gregory')",brother,son-brother-brother-mother-son-grandmother-daughter-brother,"['son', 'brother', 'brother', 'mother', 'son', 'grandmother', 'daughter', 'brother']","Daniel:male,Richard:male,Oscar:male,Jamie:female,Sarah:female,Julie:female,Gregory:male",test
24000fda-9499-41b7-ad64-466dec32d7de,"('Roger', 'Richard')",nephew,mother-husband-wife-daughter-husband-daughter-aunt-son,"['mother', 'husband', 'wife', 'daughter', 'husband', 'daughter', 'aunt', 'son']","Roger:male,Sarah:female,Carlos:male,Julie:female,Lisa:female,Jamie:female,Richard:male",test
202138ec-36aa-4c13-b905-06e206d7e0a2,"('Carlos', 'Lisa')",granddaughter,daughter-sister-son-sister-aunt-son-father-daughter,"['daughter', 'sister', 'son', 'sister', 'aunt', 'son', 'father', 'daughter']","Carlos:male,Mary:female,Jamie:female,Oscar:male,Nola:female,Julie:female,Dustin:male,Roger:male,Lisa:female",test
fd259dc2-e1df-4bd2-86f7-f1e065332fc4,"('Dawn', 'Antonio')",father,son-father-father,"['son', 'father', 'father']","Dawn:female,Harry:male,Norman:male,Antonio:male,Patricia:female,Elizabeth:female",test
1d68032d-08d0-4d82-9cc4-9fc7c9ebe4f2,"('James', 'Chris')",grandson,daughter-sister-sister-husband-daughter-brother,"['daughter', 'sister', 'sister', 'husband', 'daughter', 'brother']","James:male,Sharon:female,Kecia:female,Florence:female,Norman:male,Janet:female,Chris:male",test
100de324-160b-4ea0-83e3-deed6c845ab3,"('Joanne', 'Kent')",uncle,mother-son-brother-brother-father-brother,"['mother', 'son', 'brother', 'brother', 'father', 'brother']","Joanne:female,Helen:female,Gene:male,Clyde:male,Leo:male,Johnny:male,Kent:male",test
c13d2017-3f97-4e05-ba18-088ba78a0e04,"('Maxine', 'Spencer')",brother,son-grandmother-son-daughter-mother-sister-brother,"['son', 'grandmother', 'son', 'daughter', 'mother', 'sister', 'brother']","Maxine:female,Rufus:male,Carmelita:female,Spencer:male,Brandi:female,Martha:female,Judy:female",test
887c4739-6834-40ca-9fbb-b0fc94609dd3,"('Spencer', 'Leandro')",nephew,sister-son-uncle-wife-daughter-mother-son,"['sister', 'son', 'uncle', 'wife', 'daughter', 'mother', 'son']","Spencer:male,Maxine:female,Rufus:male,Chuck:male,Elizabeth:female,Sara:female,Leandro:male",test
3ef50fa8-772a-4e1a-823a-d5c203b37087,"('Martha', 'Philip')",nephew,son-brother-grandmother-daughter-husband-daughter-brother,"['son', 'brother', 'grandmother', 'daughter', 'husband', 'daughter', 'brother']","Martha:female,Michael:male,Mark:male,Carmelita:female,Maxine:female,Reynaldo:male,Joyce:female,Philip:male",test
32151faf-d127-49a7-9038-aaeb617e6890,"('Judy', 'Maxine')",sister,son-uncle-mother-daughter-sister-father-daughter,"['son', 'uncle', 'mother', 'daughter', 'sister', 'father', 'daughter']","Judy:female,David:male,Spencer:male,Carmelita:female,Martha:female,Elizabeth:female,Tommy:male,Maxine:female",test
bb49500c-b897-4b67-8b03-caf446ec5a85,"('Elizabeth', 'David')",nephew,father-son-brother-wife-daughter-brother-brother,"['father', 'son', 'brother', 'wife', 'daughter', 'brother', 'brother']","Elizabeth:female,Tommy:male,Spencer:male,George:male,Judy:female,Jean:female,Craig:male,David:male",test
16eee4ec-e091-4e20-82e9-285fbab976e5,"('Carmelita', 'Jean')",granddaughter,daughter-sister-sister-brother-wife-son-sister,"['daughter', 'sister', 'sister', 'brother', 'wife', 'son', 'sister']","Carmelita:female,Judy:female,Maxine:female,Elizabeth:female,George:male,Larry:male,Jean:female",test
c78589a9-e5ad-4a4f-8711-e469e6cd53dd,"('Martha', 'Leandro')",nephew,father-son-sister-brother-daughter-sister-brother,"['father', 'son', 'sister', 'brother', 'daughter', 'sister', 'brother']","Martha:female,Tommy:male,Reynaldo:male,Judy:female,Chuck:male,Naomi:female,Sara:female,Leandro:male",test
d187dddc-0dae-45ab-8c2b-1af7a9c5e7f1,"('Elizabeth', 'Michael')",nephew,daughter-father-son-uncle-son-sister-brother,"['daughter', 'father', 'son', 'uncle', 'son', 'sister', 'brother']","Elizabeth:female,Sara:female,Chuck:male,Mickey:male,Spencer:male,Mark:male,Brandi:female,Michael:male",test
73b2ea9b-3293-4d6d-aba6-2378d4c256e2,"('Spencer', 'Diane')",niece,brother-brother-sister-son-father-son-sister,"['brother', 'brother', 'sister', 'son', 'father', 'son', 'sister']","Spencer:male,George:male,Chuck:male,Maxine:female,Philip:male,Reynaldo:male,Rufus:male,Diane:female",test
fef0ffd1-a426-4c73-900f-1cd2373ac6f9,"('Leandro', 'Martha')",aunt,sister-brother-father-brother-son-uncle-sister,"['sister', 'brother', 'father', 'brother', 'son', 'uncle', 'sister']","Leandro:male,Sara:female,Mickey:male,Chuck:male,Reynaldo:male,Philip:male,George:male,Martha:female",test
53d24558-6903-4a5a-8cf7-5fd7b96640ce,"('Judy', 'Brandi')",niece,sister-daughter-grandfather-daughter-sister-brother-daughter,"['sister', 'daughter', 'grandfather', 'daughter', 'sister', 'brother', 'daughter']","Judy:female,Elizabeth:female,Sara:female,Tommy:male,Maxine:female,Spencer:male,Brandi:female",test
c6bff903-4c8d-4072-99ea-6bf85d1eb31a,"('Reynaldo', 'Mickey')",nephew,wife-son-sister-uncle-wife-daughter-brother,"['wife', 'son', 'sister', 'uncle', 'wife', 'daughter', 'brother']","Reynaldo:male,Maxine:female,Rufus:male,Diane:female,Chuck:male,Elizabeth:female,Sara:female,Mickey:male",test
c9e733ff-2641-478c-aece-34a081f7a431,"('Mark', 'Chuck')",uncle,mother-son-mother-daughter-brother-father-brother,"['mother', 'son', 'mother', 'daughter', 'brother', 'father', 'brother']","Mark:male,Martha:female,Michael:male,Brandi:female,Peter:male,Spencer:male,Chuck:male",test
12a3cef5-7862-4076-a92b-99e6d8d16bc3,"('Judy', 'Sara')",niece,sister-brother-wife-son-father-son-sister,"['sister', 'brother', 'wife', 'son', 'father', 'son', 'sister']","Judy:female,Maxine:female,Chuck:male,Elizabeth:female,Leandro:male,Mickey:male,Sara:female",test
854a479c-2eb0-495a-9c48-5ff3a8e10aeb,"('Brandi', 'Maxine')",aunt,brother-father-son-mother-son-father-sister,"['brother', 'father', 'son', 'mother', 'son', 'father', 'sister']","Brandi:female,Mark:male,Spencer:male,Michael:male,Martha:female,Peter:male,Maxine:female",test
2a4240e6-9396-420a-8dbc-0e772e3de96c,"('Mickey', 'Maxine')",aunt,brother-mother-daughter-sister-sister-father-sister,"['brother', 'mother', 'daughter', 'sister', 'sister', 'father', 'sister']","Mickey:male,Leandro:male,Elizabeth:female,Naomi:female,Sara:female,Chuck:male,Maxine:female",test
58bb40c9-eead-4415-9d05-33f23a9f6c98,"('Leandro', 'Reynaldo')",uncle,father-son-father-daughter-mother-brother-brother,"['father', 'son', 'father', 'daughter', 'mother', 'brother', 'brother']","Leandro:male,Chuck:male,Mickey:male,Sara:female,Elizabeth:female,Spencer:male,Reynaldo:male",test
4e0867d6-7e09-415f-bd3a-d368113cf89f,"('Tommy', 'Martha')",daughter,daughter-sister-son-father-sister-sister-sister,"['daughter', 'sister', 'son', 'father', 'sister', 'sister', 'sister']","Tommy:male,Judy:female,Maxine:female,Philip:male,Reynaldo:male,Elizabeth:female,Martha:female",test
caa6adb8-497e-490d-be1e-47ba74591723,"('David', 'Chuck')",uncle,sister-brother-brother-father-daughter-mother-brother,"['sister', 'brother', 'brother', 'father', 'daughter', 'mother', 'brother']","David:male,Jean:female,Craig:male,Larry:male,George:male,Judy:female,Chuck:male",test
d0b2e004-5aee-4b0f-845d-b3ea40b7da05,"('Elizabeth', 'Michael')",nephew,mother-son-brother-sister-son-brother-brother,"['mother', 'son', 'brother', 'sister', 'son', 'brother', 'brother']","Elizabeth:female,Carmelita:female,George:male,Reynaldo:male,Martha:female,Peter:male,Mark:male,Michael:male",test
e9c0d9fa-fcbf-440c-a82a-4a4a0bffb256,"('Jean', 'Chuck')",uncle,father-son-father-son-brother-mother-brother,"['father', 'son', 'father', 'son', 'brother', 'mother', 'brother']","Jean:female,George:male,David:male,Larry:male,Craig:male,Judy:female,Chuck:male",test
c97c5065-2cb5-4785-956a-f763b4b1fdd7,"('Mickey', 'Reynaldo')",uncle,father-son-brother-mother-son-father-brother,"['father', 'son', 'brother', 'mother', 'son', 'father', 'brother']","Mickey:male,Chuck:male,Leandro:male,Donald:male,Elizabeth:female,Reynaldo:male",test
93637b19-cd9c-4a7f-9d13-24aebed746cd,"('George', 'Maxine')",sister,son-brother-mother-brother-daughter-grandfather-daughter,"['son', 'brother', 'mother', 'brother', 'daughter', 'grandfather', 'daughter']","George:male,Craig:male,David:male,Judy:female,Reynaldo:male,Diane:female,Tommy:male,Maxine:female",test
bebb342a-28c4-456c-bc76-13fbb4ffff61,"('Jean', 'Spencer')",uncle,brother-brother-brother-father-son-mother-brother,"['brother', 'brother', 'brother', 'father', 'son', 'mother', 'brother']","Jean:female,David:male,Larry:male,Craig:male,George:male,Judy:female,Spencer:male",test
0e820571-ab16-4ae0-8dcb-d8f681c439c0,"('Martha', 'George')",brother,son-sister-brother-sister-father-daughter-uncle,"['son', 'sister', 'brother', 'sister', 'father', 'daughter', 'uncle']","Martha:female,Mark:male,Brandi:female,Michael:male,Spencer:male,George:male",test
29db8991-1e7f-489e-8f7f-4e19735f07ed,"('Carmelita', 'Sara')",granddaughter,daughter-brother-brother-son-aunt-son-sister,"['daughter', 'brother', 'brother', 'son', 'aunt', 'son', 'sister']","Carmelita:female,Martha:female,Reynaldo:male,Spencer:male,Peter:male,Elizabeth:female,Mickey:male,Sara:female",test
b1ba79f3-6bac-4aeb-8e5a-dfd20b1dae52,"('Judy', 'Sara')",niece,son-brother-brother-sister-grandmother-daughter-daughter,"['son', 'brother', 'brother', 'sister', 'grandmother', 'daughter', 'daughter']","Judy:female,Larry:male,Craig:male,David:male,Jean:female,Carmelita:female,Elizabeth:female,Sara:female",test
12018088-d7af-45f4-ba0a-a3430d18f55a,"('Sara', 'Carmelita')",grandmother,brother-mother-son-sister-aunt-daughter-grandmother,"['brother', 'mother', 'son', 'sister', 'aunt', 'daughter', 'grandmother']","Sara:female,Mickey:male,Elizabeth:female,Martha:female,Brandi:female,Carmelita:female",test
3a9e148f-9ba7-4e44-bf65-6caf7e2a2523,"('Tommy', 'David')",grandson,daughter-mother-son-sister-daughter-brother-brother,"['daughter', 'mother', 'son', 'sister', 'daughter', 'brother', 'brother']","Tommy:male,Elizabeth:female,Carmelita:female,Reynaldo:male,Judy:female,Jean:female,Larry:male,David:male",test
2fa2a387-d47e-4856-b299-ca7a673b0894,"('George', 'Diane')",niece,son-mother-mother-daughter-sister-son-sister,"['son', 'mother', 'mother', 'daughter', 'sister', 'son', 'sister']","George:male,David:male,Judy:female,Carmelita:female,Elizabeth:female,Maxine:female,Rufus:male,Diane:female",test
a112d13f-1adf-4590-b295-2a94feea55ba,"('Reynaldo', 'Peter')",nephew,mother-son-brother-brother-son-brother-brother,"['mother', 'son', 'brother', 'brother', 'son', 'brother', 'brother']","Reynaldo:male,Carmelita:female,Spencer:male,George:male,Mark:male,Michael:male,Peter:male",test
2396e2df-4b5c-491b-9bfd-feab10bdb38e,"('Joyce', 'Reynaldo')",father,sister-mother-son-sister-sister-brother-father,"['sister', 'mother', 'son', 'sister', 'sister', 'brother', 'father']","Joyce:female,Diane:female,Maxine:female,Philip:male,Rufus:male,Reynaldo:male",test
de2f466c-a465-4257-ae00-9fbd6b466c6b,"('Martha', 'Diane')",niece,sister-son-brother-sister-father-son-sister,"['sister', 'son', 'brother', 'sister', 'father', 'son', 'sister']","Martha:female,Maxine:female,Rufus:male,Philip:male,Joyce:female,Reynaldo:male,Diane:female",test
4abc41e0-cf49-41cf-a5b8-86db1e991d20,"('Chuck', 'Martha')",sister,daughter-mother-daughter-mother-brother-son-aunt,"['daughter', 'mother', 'daughter', 'mother', 'brother', 'son', 'aunt']","Chuck:male,Naomi:female,Elizabeth:female,Sara:female,Reynaldo:male,Philip:male,Martha:female",test
5ebf6246-7210-4153-bff4-a3dd50f6bdab,"('Mark', 'Martha')",mother,father-son-sister-mother-husband-son-mother,"['father', 'son', 'sister', 'mother', 'husband', 'son', 'mother']","Mark:male,Spencer:male,Peter:male,Brandi:female,Martha:female,Michael:male",test
ef9fd11b-32ed-409d-a0cc-6aea28994bf0,"('Judy', 'Philip')",nephew,son-brother-father-mother-daughter-sister-son,"['son', 'brother', 'father', 'mother', 'daughter', 'sister', 'son']","Judy:female,Larry:male,Craig:male,George:male,Carmelita:female,Martha:female,Maxine:female,Philip:male",test
cf7f99d9-f7b0-4cc7-9f08-864ad835c168,"('Martha', 'Larry')",nephew,brother-son-brother-sister-brother-brother-brother,"['brother', 'son', 'brother', 'sister', 'brother', 'brother', 'brother']","Martha:female,George:male,Craig:male,David:male,Jean:female,Larry:male",test
537034d7-c4ea-48cc-8d07-115209eb077d,"('Carmelita', 'David')",grandson,daughter-sister-brother-brother-brother-brother-son,"['daughter', 'sister', 'brother', 'brother', 'brother', 'brother', 'son']","Carmelita:female,Martha:female,Judy:female,Spencer:male,Reynaldo:male,George:male,David:male",test
16b15820-db7a-4991-98aa-7aaf06482499,"('George', 'Carmelita')",mother,sister-son-brother-sister-aunt-sister-mother,"['sister', 'son', 'brother', 'sister', 'aunt', 'sister', 'mother']","George:male,Martha:female,Mark:male,Peter:male,Brandi:female,Maxine:female,Elizabeth:female,Carmelita:female",test
07575bfe-7fdd-4851-87b8-cc20a176b223,"('Mark', 'Elizabeth')",aunt,mother-son-sister-brother-brother-father-sister,"['mother', 'son', 'sister', 'brother', 'brother', 'father', 'sister']","Mark:male,Martha:female,Peter:male,Brandi:female,Michael:male,Spencer:male,Elizabeth:female",test
ce8f3a1b-b849-4d39-a00c-3d955cb894d3,"('Spencer', 'David')",nephew,sister-mother-son-wife-son-brother-brother,"['sister', 'mother', 'son', 'wife', 'son', 'brother', 'brother']","Spencer:male,Elizabeth:female,Carmelita:female,George:male,Judy:female,Craig:male,Larry:male,David:male",test
442459d6-014b-46ad-aea1-3137a9747507,"('Maxine', 'Michael')",nephew,daughter-sister-father-brother-son-sister-brother,"['daughter', 'sister', 'father', 'brother', 'son', 'sister', 'brother']","Maxine:female,Diane:female,Joyce:female,Reynaldo:male,Spencer:male,Peter:male,Brandi:female,Michael:male",test
3940f4b5-51c9-4aaa-9884-bced04a794aa,"('Leandro', 'Maxine')",aunt,sister-brother-sister-mother-brother-father-daughter,"['sister', 'brother', 'sister', 'mother', 'brother', 'father', 'daughter']","Leandro:male,Sara:female,Naomi:female,Elizabeth:female,Spencer:male,Tommy:male,Maxine:female",test
f2379dea-b0d5-498e-8bac-fbacff213f07,"('Chuck', 'Spencer')",brother,sister-sister-brother-sister-brother-mother-son,"['sister', 'sister', 'brother', 'sister', 'brother', 'mother', 'son']","Chuck:male,Maxine:female,Judy:female,Reynaldo:male,Martha:female,George:male,Carmelita:female,Spencer:male",test
a60b8e6e-cd44-415e-83ab-4cf54c50e932,"('Judy', 'Reynaldo')",brother,husband-son-sister-father-son-sister-uncle,"['husband', 'son', 'sister', 'father', 'son', 'sister', 'uncle']","Judy:female,George:male,David:male,Jean:female,Larry:male,Reynaldo:male",test
d0944b62-7766-49de-89e3-98a9788b0746,"('Carmelita', 'Diane')",granddaughter,son-sister-father-daughter-brother-sister-daughter,"['son', 'sister', 'father', 'daughter', 'brother', 'sister', 'daughter']","Carmelita:female,Reynaldo:male,Judy:female,Tommy:male,Maxine:female,Spencer:male,Diane:female",test
d3e02c84-ac47-4510-9468-2d556b191c04,"('Reynaldo', 'Michael')",nephew,daughter-sister-uncle-wife-husband-son-brother,"['daughter', 'sister', 'uncle', 'wife', 'husband', 'son', 'brother']","Reynaldo:male,Diane:female,Joyce:female,Spencer:male,Martha:female,Peter:male,Michael:male",test
30bddf4b-96ed-40f3-9da5-d99a9448eb42,"('Chuck', 'Craig')",nephew,son-mother-brother-son-brother-sister-brother,"['son', 'mother', 'brother', 'son', 'brother', 'sister', 'brother']","Chuck:male,Leandro:male,Elizabeth:female,George:male,David:male,Craig:male,Jean:female",test
f6589c3b-b755-49ba-8829-8a19ef9e43b1,"('Peter', 'Reynaldo')",uncle,brother-sister-mother-husband-son-father-brother,"['brother', 'sister', 'mother', 'husband', 'son', 'father', 'brother']","Peter:male,Mark:male,Brandi:female,Martha:female,Spencer:male,Reynaldo:male",test
ea103f37-d993-4722-852b-4eee8a612f78,"('Maxine', 'Sara')",niece,father-daughter-brother-brother-son-mother-daughter,"['father', 'daughter', 'brother', 'brother', 'son', 'mother', 'daughter']","Maxine:female,Tommy:male,Judy:female,Spencer:male,Chuck:male,Mickey:male,Elizabeth:female,Sara:female",test
e66eebb6-7676-4b2d-b86b-8b1bb9dc6f8e,"('Spencer', 'Irene')",daughter-in-law,daughter-brother-brother-brother-brother-brother-wife,"['daughter', 'brother', 'brother', 'brother', 'brother', 'brother', 'wife']","Spencer:male,Brandi:female,Mark:male,Peter:male,Michael:male,Irene:female",test
d54270d3-6375-4bbe-aecb-33c3dc00667e,"('Carmelita', 'Craig')",grandson,daughter-brother-brother-sister-brother-wife-son,"['daughter', 'brother', 'brother', 'sister', 'brother', 'wife', 'son']","Carmelita:female,Judy:female,Reynaldo:male,Spencer:male,Elizabeth:female,George:male,Craig:male",test
6a731b1d-1690-47a3-8c65-e53b88f9a5f4,"('Elizabeth', 'Rufus')",nephew,mother-son-sister-daughter-brother-father-son,"['mother', 'son', 'sister', 'daughter', 'brother', 'father', 'son']","Elizabeth:female,Carmelita:female,Spencer:male,Maxine:female,Diane:female,Philip:male,Reynaldo:male,Rufus:male",test
de6d7545-fc6c-41c8-b575-7966c917943d,"('Spencer', 'Craig')",nephew,brother-sister-brother-wife-son-mother-son,"['brother', 'sister', 'brother', 'wife', 'son', 'mother', 'son']","Spencer:male,Chuck:male,Martha:female,George:male,Judy:female,Larry:male,Craig:male",test
800a05c1-3724-4a5f-a9da-952ed3112dad,"('Rufus', 'Elizabeth')",aunt,sister-sister-brother-father-brother-son-aunt,"['sister', 'sister', 'brother', 'father', 'brother', 'son', 'aunt']","Rufus:male,Diane:female,Joyce:female,Philip:male,Reynaldo:male,George:male,David:male,Elizabeth:female",test
a9d4291f-e4fa-4248-ad32-c72694ef0230,"('Carmelita', 'George')",son,husband-daughter-sister-husband-son-brother-uncle,"['husband', 'daughter', 'sister', 'husband', 'son', 'brother', 'uncle']","Carmelita:female,Tommy:male,Judy:female,Elizabeth:female,Chuck:male,Mickey:male,Leandro:male,George:male",test
2bb1b37a-fba6-4b30-861e-ea4933f2aa8f,"('Tommy', 'Joyce')",granddaughter,daughter-sister-son-aunt-sister-sister-daughter,"['daughter', 'sister', 'son', 'aunt', 'sister', 'sister', 'daughter']","Tommy:male,Martha:female,Judy:female,David:male,Elizabeth:female,Maxine:female,Joyce:female",test
c8efdc4a-c832-449c-9db0-5b293c40b888,"('Spencer', 'Peter')",son,son-brother-brother-mother-son-sister-brother,"['son', 'brother', 'brother', 'mother', 'son', 'sister', 'brother']","Spencer:male,Michael:male,Mark:male,Martha:female,Brandi:female,Peter:male",test
52270ab3-12cc-44d6-8d4d-aac0536d256f,"('Carmelita', 'Michael')",grandson,daughter-father-son-son-mother-son-brother,"['daughter', 'father', 'son', 'son', 'mother', 'son', 'brother']","Carmelita:female,Judy:female,Tommy:male,Spencer:male,Peter:male,Martha:female,Mark:male,Michael:male",test
8545f234-b650-4155-8b7e-bb8e4a3f9da1,"('Naomi', 'Judy')",aunt,brother-brother-father-brother-mother-daughter-sister,"['brother', 'brother', 'father', 'brother', 'mother', 'daughter', 'sister']","Naomi:female,Mickey:male,Leandro:male,Chuck:male,Spencer:male,Carmelita:female,Maxine:female,Judy:female",test
e8263682-1afe-48d5-bfe1-129467d7a2af,"('Larry', 'Elizabeth')",aunt,mother-son-brother-brother-brother-grandfather-daughter,"['mother', 'son', 'brother', 'brother', 'brother', 'grandfather', 'daughter']","Larry:male,Judy:female,David:male,Craig:male,Tommy:male,Elizabeth:female",test
c7cb31d1-17ef-41e5-beb5-9fbbf467d538,"('Brandi', 'Maxine')",aunt,mother-son-grandmother-son-son-brother-aunt,"['mother', 'son', 'grandmother', 'son', 'son', 'brother', 'aunt']","Brandi:female,Martha:female,Peter:male,Carmelita:female,George:male,David:male,Craig:male,Maxine:female",test
d4c55f0b-ae52-4250-9bdb-18deeeff92a3,"('Maxine', 'Jean')",niece,sister-husband-son-brother-brother-father-daughter,"['sister', 'husband', 'son', 'brother', 'brother', 'father', 'daughter']","Maxine:female,Judy:female,George:male,Craig:male,David:male,Larry:male,Jean:female",test
c5273614-88b6-465f-adff-88e94b740d73,"('Philip', 'Elizabeth')",aunt,brother-sister-sister-mother-brother-brother-sister,"['brother', 'sister', 'sister', 'mother', 'brother', 'brother', 'sister']","Philip:male,Rufus:male,Diane:female,Joyce:female,Maxine:female,George:male,Reynaldo:male,Elizabeth:female",test
c8b2ec72-f3b0-4838-a1ef-eacf540f97d6,"('Peter', 'Tommy')",grandfather,mother-son-father-sister-brother-sister-father,"['mother', 'son', 'father', 'sister', 'brother', 'sister', 'father']","Peter:male,Martha:female,Mark:male,Spencer:male,Elizabeth:female,George:male,Tommy:male",test
c32a5c6f-a7b5-454b-b59d-39b79ce9d837,"('Tommy', 'Michael')",grandson,son-sister-son-grandmother-daughter-son-brother,"['son', 'sister', 'son', 'grandmother', 'daughter', 'son', 'brother']","Tommy:male,Spencer:male,Maxine:female,Philip:male,Carmelita:female,Martha:female,Peter:male,Michael:male",test
e604a45e-3fe5-4434-bb94-933137234de1,"('Craig', 'Elizabeth')",aunt,brother-father-son-grandmother-daughter-brother-sister,"['brother', 'father', 'son', 'grandmother', 'daughter', 'brother', 'sister']","Craig:male,David:male,George:male,Larry:male,Carmelita:female,Martha:female,Reynaldo:male,Elizabeth:female",test
2c993d24-fc3d-43ed-9630-dcc674580987,"('Sara', 'Spencer')",uncle,brother-mother-brother-sister-father-son-brother,"['brother', 'mother', 'brother', 'sister', 'father', 'son', 'brother']","Sara:female,Mickey:male,Elizabeth:female,Reynaldo:male,Judy:female,Tommy:male,Spencer:male",test
3ad8426f-3a6f-436a-8b29-072f8f2e7a3e,"('Spencer', 'Craig')",nephew,son-mother-mother-daughter-sister-son-brother,"['son', 'mother', 'mother', 'daughter', 'sister', 'son', 'brother']","Spencer:male,Mark:male,Martha:female,Carmelita:female,Maxine:female,Judy:female,David:male,Craig:male",test
6ef55791-4891-40b9-93ea-179eb503a8d5,"('Maxine', 'Peter')",nephew,father-son-sister-sister-son-father-son,"['father', 'son', 'sister', 'sister', 'son', 'father', 'son']","Maxine:female,Tommy:male,Reynaldo:male,Elizabeth:female,Martha:female,Mark:male,Spencer:male,Peter:male",test
82c91cfe-1531-47c1-b5c4-259944995734,"('Rufus', 'Elizabeth')",aunt,brother-sister-mother-brother-sister-daughter-aunt,"['brother', 'sister', 'mother', 'brother', 'sister', 'daughter', 'aunt']","Rufus:male,Philip:male,Joyce:female,Maxine:female,Spencer:male,Judy:female,Jean:female,Elizabeth:female",test
36630e5e-0b5d-422c-9206-d7679f003247,"('Maxine', 'Judy')",sister,daughter-uncle-daughter-mother-son-mother-sister,"['daughter', 'uncle', 'daughter', 'mother', 'son', 'mother', 'sister']","Maxine:female,Diane:female,Chuck:male,Sara:female,Elizabeth:female,Donald:male,Judy:female",test
9943e685-90f0-4ee1-8af2-ed1c9231bced,"('Tommy', 'Joyce')",granddaughter,wife-daughter-brother-wife-son-brother-sister,"['wife', 'daughter', 'brother', 'wife', 'son', 'brother', 'sister']","Tommy:male,Carmelita:female,Elizabeth:female,Reynaldo:male,Maxine:female,Philip:male,Rufus:male,Joyce:female",test
1ca7cb1e-b0e4-41a4-9ee8-beb16ad852b8,"('Donald', 'Martha')",aunt,brother-mother-daughter-father-sister-son-aunt,"['brother', 'mother', 'daughter', 'father', 'sister', 'son', 'aunt']","Donald:male,Leandro:male,Elizabeth:female,Sara:female,Chuck:male,Maxine:female,Philip:male,Martha:female",test
dd92b8f6-f977-4d43-a576-e3de310751c7,"('Spencer', 'Judy')",sister,son-mother-father-daughter-sister-sister-sister,"['son', 'mother', 'father', 'daughter', 'sister', 'sister', 'sister']","Spencer:male,Peter:male,Martha:female,Tommy:male,Maxine:female,Elizabeth:female,Judy:female",test
8c01c61b-0576-4021-a8d0-f477937e08cb,"('Elizabeth', 'Reynaldo')",brother,son-sister-mother-son-grandmother-husband-son,"['son', 'sister', 'mother', 'son', 'grandmother', 'husband', 'son']","Elizabeth:female,Mickey:male,Sara:female,Leandro:male,Carmelita:female,Tommy:male,Reynaldo:male",test
18f7ff63-06e1-4a15-842f-0486a4e7135c,"('Martha', 'Diane')",niece,mother-son-wife-son-sister-mother-daughter,"['mother', 'son', 'wife', 'son', 'sister', 'mother', 'daughter']","Martha:female,Carmelita:female,Reynaldo:male,Maxine:female,Philip:male,Joyce:female,Diane:female",test
80133ce7-81a9-4642-a452-8b8e9c9866ec,"('Dana', 'Michele')",daughter,son-sister-brother-brother-sister-sister-husband-daughter-aunt,"['son', 'sister', 'brother', 'brother', 'sister', 'sister', 'husband', 'daughter', 'aunt']","Dana:female,Kenneth:male,Ethel:female,William:male,Larry:male,Judy:female,Janice:female,Beverly:female,Michele:female",test
c971c750-f628-4168-ad76-9be67636baf3,"('Joseph', 'Jami')",niece,daughter-brother-brother-brother-mother-brother-brother-son-sister,"['daughter', 'brother', 'brother', 'brother', 'mother', 'brother', 'brother', 'son', 'sister']","Joseph:male,Alice:female,Gerald:male,Lawrence:male,Freddie:male,Judy:female,William:male,Kenneth:male,Manuel:male,Jami:female",test
d1121c8a-a9d0-47b6-b5ec-9e154cd98dfc,"('Rose', 'Rudolph')",father,daughter-father-father,"['daughter', 'father', 'father']","Rose:female,Jennifer:female,James:male,Rudolph:male,Scott:male",test
a397ebdc-c3c4-4b82-9eef-3f9a3da8e992,"('Mark', 'Sandra')",mother,brother-son-grandmother,"['brother', 'son', 'grandmother']","Mark:male,Peter:male,Lawrence:male,Sandra:female,Eustolia:female",test
e12d5e22-fd6d-49ab-9d19-31248681de95,"('James', 'Sandra')",mother,son-mother-mother,"['son', 'mother', 'mother']","James:male,Edward:male,Rose:female,Sandra:female,Jeannette:female",test
54e419ef-881f-4d2e-8791-7ef33dd542a5,"('Lisa', 'Sandra')",mother,husband-daughter-grandmother,"['husband', 'daughter', 'grandmother']","Lisa:female,Peter:male,Danita:female,Sandra:female,George:male",test
2caa58f6-ac42-4a52-af18-00eb327cf98f,"('Rose', 'Sandra')",mother,son-uncle-mother,"['son', 'uncle', 'mother']","Rose:female,Errol:male,Mark:male,Sandra:female,Sue:female",test
7816ba57-801a-4a98-af18-ad710337a1ba,"('Mark', 'Rudolph')",father,brother-son-grandfather,"['brother', 'son', 'grandfather']","Mark:male,Peter:male,George:male,Rudolph:male,Danita:female",test
121a2205-ad2b-4830-ba3c-9a9f62942505,"('Lisbeth', 'Rudolph')",father,daughter-father-father,"['daughter', 'father', 'father']","Lisbeth:female,Ellen:female,Alfred:male,Rudolph:male,Anita:female",test
786a9cbf-7950-4ebb-a0a3-a53d319693ed,"('Lisa', 'Sandra')",mother,husband-daughter-grandmother,"['husband', 'daughter', 'grandmother']","Lisa:female,Peter:male,Eustolia:female,Sandra:female,Erik:male",test
7fec79a2-6ef3-4339-b035-dc84c6a7483a,"('Lisbeth', 'Sandra')",mother,brother-son-grandmother,"['brother', 'son', 'grandmother']","Lisbeth:female,James:male,Scott:male,Sandra:female,Rose:female",test
8f1b3e7e-1133-4737-9103-13d315bbd963,"('Peter', 'Sandra')",mother,daughter-mother-mother,"['daughter', 'mother', 'mother']","Peter:male,Danita:female,Lisa:female,Sandra:female,Lawrence:male",test
ea30b20c-fc1d-4793-8d5d-63cc42da9b3f,"('Carmelita', 'Brandi')",granddaughter,husband-son-brother-sister-sister-son-sister,"['husband', 'son', 'brother', 'sister', 'sister', 'son', 'sister']","Carmelita:female,Tommy:male,Spencer:male,Reynaldo:male,Judy:female,Martha:female,Peter:male,Brandi:female",test
39ac1f5e-56dc-4b03-adb4-5acee03e0bff,"('Tommy', 'Brandi')",granddaughter,wife-daughter-son-brother-father-son-sister,"['wife', 'daughter', 'son', 'brother', 'father', 'son', 'sister']","Tommy:male,Carmelita:female,Martha:female,Michael:male,Mark:male,Spencer:male,Brandi:female",test
efb867c4-a113-4ba7-976e-02ccfc887771,"('Martha', 'Judy')",sister,sister-sister-son-brother-sister-father-sister,"['sister', 'sister', 'son', 'brother', 'sister', 'father', 'sister']","Martha:female,Elizabeth:female,Maxine:female,Philip:male,Rufus:male,Diane:female,Reynaldo:male,Judy:female",test
67516ef9-c813-4faf-8ea9-516810cbafed,"('Rufus', 'Tommy')",grandfather,sister-brother-brother-sister-sister-mother-father,"['sister', 'brother', 'brother', 'sister', 'sister', 'mother', 'father']","Rufus:male,Diane:female,Philip:male,Joyce:female,Maxine:female,Tommy:male",test
89e871de-4dd4-45d8-ab15-3c1b7a40b426,"('Chuck', 'Joyce')",niece,wife-son-brother-uncle-son-brother-sister,"['wife', 'son', 'brother', 'uncle', 'son', 'brother', 'sister']","Chuck:male,Elizabeth:female,Leandro:male,Mickey:male,Reynaldo:male,Philip:male,Rufus:male,Joyce:female",test
5caa4f07-158d-4f69-aec6-53c9ab97456c,"('Donald', 'Carmelita')",grandmother,sister-father-wife-son-brother-mother-mother,"['sister', 'father', 'wife', 'son', 'brother', 'mother', 'mother']","Donald:male,Sara:female,Chuck:male,Elizabeth:female,Mickey:male,Leandro:male,Carmelita:female",test
2ed1e57e-9b19-4c2b-bc18-c1c4cfa887f2,"('Martha', 'David')",nephew,husband-daughter-brother-brother-aunt-son-brother,"['husband', 'daughter', 'brother', 'brother', 'aunt', 'son', 'brother']","Martha:female,Spencer:male,Brandi:female,Mark:male,Peter:male,Judy:female,Craig:male,David:male",test
b5cd586e-651c-4788-98ed-d9fa2cc98eb8,"('Reynaldo', 'Sara')",niece,wife-daughter-brother-mother-sister-son-sister,"['wife', 'daughter', 'brother', 'mother', 'sister', 'son', 'sister']","Reynaldo:male,Maxine:female,Diane:female,Rufus:male,Elizabeth:female,Leandro:male,Sara:female",test
2edd7be3-0e4f-4ac4-bc44-53263e677200,"('Carmelita', 'Judy')",daughter,daughter-sister-son-aunt-daughter-father-sister,"['daughter', 'sister', 'son', 'aunt', 'daughter', 'father', 'sister']","Carmelita:female,Elizabeth:female,Martha:female,Michael:male,Maxine:female,Joyce:female,Reynaldo:male,Judy:female",test
f54d602e-8324-4208-a89b-d5cfc44aca0c,"('Tommy', 'Elizabeth')",daughter,son-son-uncle-sister-son-grandmother-daughter,"['son', 'son', 'uncle', 'sister', 'son', 'grandmother', 'daughter']","Tommy:male,Spencer:male,Michael:male,Reynaldo:male,Martha:female,Carmelita:female,Elizabeth:female",test
1b4b76c5-7c0b-4ec7-ab9b-ad955fb11637,"('Craig', 'Reynaldo')",uncle,mother-daughter-brother-father-daughter-mother-brother,"['mother', 'daughter', 'brother', 'father', 'daughter', 'mother', 'brother']","Craig:male,Judy:female,Jean:female,David:male,George:male,Reynaldo:male",test
e6a1dff7-d84f-4d10-aeb8-409554f83081,"('Diane', 'Chuck')",uncle,brother-sister-father-son-sister-mother-brother,"['brother', 'sister', 'father', 'son', 'sister', 'mother', 'brother']","Diane:female,Philip:male,Joyce:female,Reynaldo:male,Maxine:female,Chuck:male",test
d71cd336-43b1-471e-8d73-ef9742e30edc,"('Carmelita', 'Mickey')",grandson,daughter-son-father-sister-daughter-aunt-son,"['daughter', 'son', 'father', 'sister', 'daughter', 'aunt', 'son']","Carmelita:female,Judy:female,David:male,George:male,Maxine:female,Joyce:female,Elizabeth:female,Mickey:male",test
47e40d55-18c7-4aa5-8a02-3249756d9b1d,"('Tommy', 'George')",son-in-law,son-sister-sister-son-brother-aunt-husband,"['son', 'sister', 'sister', 'son', 'brother', 'aunt', 'husband']","Tommy:male,Reynaldo:male,Elizabeth:female,Maxine:female,Rufus:male,Philip:male,Judy:female,George:male",test
93c2b9fb-e6bd-4642-b7fb-dd6eb9f30f92,"('Elizabeth', 'Brandi')",niece,father-daughter-son-father-wife-son-sister,"['father', 'daughter', 'son', 'father', 'wife', 'son', 'sister']","Elizabeth:female,Tommy:male,Martha:female,Peter:male,Spencer:male,Mark:male,Brandi:female",test
7a817fa0-1aaf-4b9c-9981-900993c93136,"('George', 'Mickey')",nephew,son-mother-son-aunt-daughter-father-son,"['son', 'mother', 'son', 'aunt', 'daughter', 'father', 'son']","George:male,David:male,Judy:female,Larry:male,Elizabeth:female,Sara:female,Chuck:male,Mickey:male",test
05707f20-1d3f-4678-b749-a10178f8ba12,"('Spencer', 'Elizabeth')",sister,wife-daughter-mother-husband-son-brother-aunt,"['wife', 'daughter', 'mother', 'husband', 'son', 'brother', 'aunt']","Spencer:male,Martha:female,Brandi:female,Mark:male,Peter:male,Elizabeth:female",test
38ad43da-7774-4edb-ac6d-fe562878b027,"('Maxine', 'David')",nephew,son-sister-sister-brother-father-sister-son,"['son', 'sister', 'sister', 'brother', 'father', 'sister', 'son']","Maxine:female,Philip:male,Diane:female,Joyce:female,Rufus:male,Reynaldo:male,Judy:female,David:male",test
fe66358f-9166-43d3-99fa-6f6348b16a2e,"('Violet', 'Spencer')",father-in-law,husband-mother-son-sister-brother-sister-father,"['husband', 'mother', 'son', 'sister', 'brother', 'sister', 'father']","Violet:female,Michael:male,Martha:female,Mark:male,Brandi:female,Peter:male,Spencer:male",test
eb6dfbb7-bcc0-42f2-9636-b5eb31c1b997,"('Carmelita', 'Joyce')",granddaughter,son-son-mother-father-son-wife-daughter,"['son', 'son', 'mother', 'father', 'son', 'wife', 'daughter']","Carmelita:female,Spencer:male,Michael:male,Martha:female,Tommy:male,Reynaldo:male,Maxine:female,Joyce:female",test
1175bfea-07b2-4f06-9a5b-35a9d0fa84cc,"('Brandi', 'Carmelita')",grandmother,brother-mother-brother-son-aunt-son-grandmother,"['brother', 'mother', 'brother', 'son', 'aunt', 'son', 'grandmother']","Brandi:female,Michael:male,Martha:female,Reynaldo:male,Philip:male,Elizabeth:female,Donald:male,Carmelita:female",test
d4cf5cc8-7c7f-41bf-8afa-ac253e10139e,"('David', 'Martha')",aunt,sister-brother-mother-sister-mother-son-sister,"['sister', 'brother', 'mother', 'sister', 'mother', 'son', 'sister']","David:male,Jean:female,Larry:male,Judy:female,Elizabeth:female,Carmelita:female,George:male,Martha:female",test
5d37e6b0-d70b-4e91-9131-06cb01e0c508,"('Spencer', 'Larry')",nephew,son-uncle-son-father-daughter-brother-brother,"['son', 'uncle', 'son', 'father', 'daughter', 'brother', 'brother']","Spencer:male,Michael:male,George:male,Craig:male,Jean:female,David:male,Larry:male",test
e4706f36-caf6-44f7-b4d1-7e5eebaf9ce1,"('Maxine', 'Tommy')",father,husband-son-aunt-brother-sister-son-grandfather,"['husband', 'son', 'aunt', 'brother', 'sister', 'son', 'grandfather']","Maxine:female,Reynaldo:male,Rufus:male,Elizabeth:female,Spencer:male,Judy:female,David:male,Tommy:male",test
7ddbe2af-d7e4-445f-9833-f5b7c1675ef3,"('Reynaldo', 'Martha')",sister,brother-sister-mother-daughter-brother-brother-sister,"['brother', 'sister', 'mother', 'daughter', 'brother', 'brother', 'sister']","Reynaldo:male,Spencer:male,Judy:female,Carmelita:female,Maxine:female,George:male,Martha:female",test
88fcf1ab-0cd1-45f2-8e02-0955245c78c1,"('Tommy', 'Rufus')",grandson,daughter-sister-sister-sister-sister-daughter-brother,"['daughter', 'sister', 'sister', 'sister', 'sister', 'daughter', 'brother']","Tommy:male,Martha:female,Elizabeth:female,Judy:female,Maxine:female,Joyce:female,Rufus:male",test
8f4d695e-09a3-4cc7-babb-a2c85154162b,"('David', 'Carmelita')",grandmother,sister-father-daughter-aunt-brother-sister-mother,"['sister', 'father', 'daughter', 'aunt', 'brother', 'sister', 'mother']","David:male,Jean:female,George:male,Maxine:female,Spencer:male,Elizabeth:female,Carmelita:female",test
0562ddf5-3aa4-410d-a61d-5a21c826570e,"('Chuck', 'Judy')",sister,son-sister-brother-aunt-daughter-father-sister,"['son', 'sister', 'brother', 'aunt', 'daughter', 'father', 'sister']","Chuck:male,Leandro:male,Sara:female,Donald:male,Martha:female,Brandi:female,Spencer:male,Judy:female",test
9a5a76b5-c71d-42a7-8929-e09241f886ad,"('Craig', 'Martha')",aunt,brother-brother-mother-daughter-father-mother-daughter,"['brother', 'brother', 'mother', 'daughter', 'father', 'mother', 'daughter']","Craig:male,David:male,Larry:male,Judy:female,Jean:female,George:male,Carmelita:female,Martha:female",test
7c9cbe99-3160-4534-af43-52d87ab858f4,"('Mickey', 'George')",uncle,brother-brother-brother-sister-father-sister-brother,"['brother', 'brother', 'brother', 'sister', 'father', 'sister', 'brother']","Mickey:male,Leandro:male,Donald:male,Sara:female,Chuck:male,Martha:female,George:male",test
d975fac5-ee7d-40a0-bece-a868fe4e0ee2,"('Mark', 'Carmelita')",grandmother,brother-brother-mother-daughter-father-son-grandmother,"['brother', 'brother', 'mother', 'daughter', 'father', 'son', 'grandmother']","Mark:male,Peter:male,Michael:male,Martha:female,Brandi:female,Spencer:male,Carmelita:female",test
77caa465-f90e-46e7-9104-9c471f01f0d1,"('Maxine', 'Martha')",sister,son-father-brother-daughter-brother-mother-sister,"['son', 'father', 'brother', 'daughter', 'brother', 'mother', 'sister']","Maxine:female,Philip:male,Reynaldo:male,Chuck:male,Sara:female,Leandro:male,Elizabeth:female,Martha:female",test
f30a1e09-94ad-4f44-ac84-7a7b04020028,"('Craig', 'David')",brother,mother-daughter-brother-brother-sister-father-son,"['mother', 'daughter', 'brother', 'brother', 'sister', 'father', 'son']","Craig:male,Judy:female,Jean:female,Larry:male,George:male,David:male",test
76ce3343-ebae-48a7-93d3-22c5b36a722e,"('Larry', 'Tommy')",grandfather,brother-mother-husband-son-mother-daughter-grandfather,"['brother', 'mother', 'husband', 'son', 'mother', 'daughter', 'grandfather']","Larry:male,David:male,Judy:female,George:male,Craig:male,Jean:female,Tommy:male",test
f5b104e4-dece-4134-ab9b-90ec4ec04804,"('David', 'Maxine')",aunt,father-brother-brother-sister-daughter-father-sister,"['father', 'brother', 'brother', 'sister', 'daughter', 'father', 'sister']","David:male,George:male,Reynaldo:male,Spencer:male,Elizabeth:female,Sara:female,Chuck:male,Maxine:female",test
570608d2-2c17-472b-a986-287b8ab4bca7,"('Sara', 'Martha')",aunt,brother-sister-father-daughter-brother-mother-sister,"['brother', 'sister', 'father', 'daughter', 'brother', 'mother', 'sister']","Sara:female,Leandro:male,Chuck:male,Donald:male,Elizabeth:female,Martha:female",test
b187a039-1f4d-4ea2-aac7-29158fdab4a6,"('Maxine', 'Donald')",nephew,daughter-brother-father-sister-daughter-brother-brother,"['daughter', 'brother', 'father', 'sister', 'daughter', 'brother', 'brother']","Maxine:female,Diane:female,Rufus:male,Reynaldo:male,Elizabeth:female,Sara:female,Leandro:male,Donald:male",test
b11125fb-9d19-40d9-af2a-a8e970fee1b8,"('Thomas', 'Rick')",nephew,son-aunt-sister-brother-son-brother,"['son', 'aunt', 'sister', 'brother', 'son', 'brother']","Thomas:male,Matthew:male,Sharon:female,Helen:female,Kent:male,Brian:male,Rick:male",test
f8d20ba9-0b7b-4258-9890-df856810efd8,"('Dorothy', 'Florence')",daughter,daughter-sister-sister-husband-son-aunt,"['daughter', 'sister', 'sister', 'husband', 'son', 'aunt']","Dorothy:female,Sharon:female,Kecia:female,Helen:female,Johnny:male,Clyde:male,Florence:female",test
953c09a9-fb5c-4807-810f-24aa9754e853,"('Johnny', 'Phillip')",nephew,brother-sister-daughter-sister-brother-brother,"['brother', 'sister', 'daughter', 'sister', 'brother', 'brother']","Johnny:male,Kent:male,Kecia:female,Lee:female,Laura:female,Matthew:male,Phillip:male",test
61ab6485-902c-4a7b-ad17-bdba53d3d3ea,"('Sharon', 'Laura')",niece,son-brother-brother-grandfather-daughter-daughter,"['son', 'brother', 'brother', 'grandfather', 'daughter', 'daughter']","Sharon:female,Oliver:male,Rick:male,James:male,Kecia:female,Laura:female",test
1db5cedd-3b6d-4497-96ee-9ba1b40727a4,"('Johnny', 'Florence')",sister,wife-daughter-mother-sister-brother-sister,"['wife', 'daughter', 'mother', 'sister', 'brother', 'sister']","Johnny:male,Helen:female,Joanne:female,Florence:female,Kent:male",test
52051548-ca70-4e01-aa90-40bb174bc06d,"('Oliver', 'James')",grandfather,brother-mother-son-brother-brother-grandfather,"['brother', 'mother', 'son', 'brother', 'brother', 'grandfather']","Oliver:male,Davis:male,Sharon:female,Brian:male,James:male",test
adf5e688-d24e-417b-82c0-1d31c283b2ad,"('Dorothy', 'Janet')",granddaughter,daughter-husband-daughter-mother-son-sister,"['daughter', 'husband', 'daughter', 'mother', 'son', 'sister']","Dorothy:female,Florence:female,Norman:male,Beverly:female,Chris:male,Janet:female",test
51acfa71-e083-4565-a5cd-682a819b5716,"('James', 'Gene')",grandson,son-son-aunt-husband-daughter-brother,"['son', 'son', 'aunt', 'husband', 'daughter', 'brother']","James:male,Kent:male,Brian:male,Helen:female,Johnny:male,Joanne:female,Gene:male",test
1b17e9b8-6298-4be1-88cb-db16ca54ba50,"('Florence', 'Davis')",nephew,brother-brother-wife-son-brother-brother,"['brother', 'brother', 'wife', 'son', 'brother', 'brother']","Florence:female,Johnny:male,Kent:male,Sharon:female,Brian:male,Oliver:male,Davis:male",test
c59a43ec-ef3f-405f-bcc2-048be25985a2,"('Dorothy', 'Laura')",granddaughter,son-mother-daughter-sister-husband-daughter,"['son', 'mother', 'daughter', 'sister', 'husband', 'daughter']","Dorothy:female,Johnny:male,Florence:female,Kecia:female,Thomas:male,Laura:female",test
adcef9a9-b626-4d4b-9177-6d187a05cd77,"('Chris', 'James')",grandfather,sister-mother-daughter-sister-sister-grandfather,"['sister', 'mother', 'daughter', 'sister', 'sister', 'grandfather']","Chris:male,Marilyn:female,Florence:female,Beverly:female,Janet:female,James:male",test
180394e1-9f8f-4b38-9c9a-67ec57793a26,"('Janet', 'Johnny')",uncle,father-wife-daughter-sister-brother-uncle,"['father', 'wife', 'daughter', 'sister', 'brother', 'uncle']","Janet:female,Norman:male,Florence:female,Beverly:female,Marilyn:female,Chris:male,Johnny:male",test
cd46ff5c-ae97-426b-a248-f94db1010b05,"('Rick', 'Johnny')",uncle,father-sister-brother-sister-mother-son,"['father', 'sister', 'brother', 'sister', 'mother', 'son']","Rick:male,Kent:male,Kecia:female,Helen:female,Dorothy:female,Johnny:male",test
8951e13a-a7d1-4af2-ac68-45a97061331c,"('Sharon', 'Joanne')",niece,sister-son-sister-aunt-son-sister,"['sister', 'son', 'sister', 'aunt', 'son', 'sister']","Sharon:female,Florence:female,Chris:male,Beverly:female,Helen:female,Leo:male,Joanne:female",test
6c83424f-f773-4e27-85e9-8ef484643cb0,"('Helen', 'James')",father,sister-daughter-sister-sister-sister-grandfather,"['sister', 'daughter', 'sister', 'sister', 'sister', 'grandfather']","Helen:female,Florence:female,Marilyn:female,Janet:female,Beverly:female,James:male",test
9b594827-b49b-487c-b1ac-f6840cd9c294,"('Johnny', 'Davis')",nephew,son-brother-mother-brother-wife-son,"['son', 'brother', 'mother', 'brother', 'wife', 'son']","Johnny:male,Leo:male,Clyde:male,Helen:female,Kent:male,Sharon:female,Davis:male",test
fed29def-a05e-414c-b17c-e39025a89e52,"('Davis', 'Kecia')",aunt,brother-brother-brother-brother-father-sister,"['brother', 'brother', 'brother', 'brother', 'father', 'sister']","Davis:male,Rick:male,Oliver:male,Brian:male,Kent:male,Kecia:female",test
c057207b-7ed3-429d-930c-05fd0d138a2a,"('Laura', 'Kent')",uncle,mother-daughter-father-mother-daughter-brother,"['mother', 'daughter', 'father', 'mother', 'daughter', 'brother']","Laura:female,Kecia:female,Lee:female,Thomas:male,Dorothy:female,Florence:female,Kent:male",test
84db3029-2230-4c80-aadc-66ab419b9d90,"('Johnny', 'Janet')",niece,son-mother-son-aunt-daughter-sister,"['son', 'mother', 'son', 'aunt', 'daughter', 'sister']","Johnny:male,Gene:male,Helen:female,Clyde:male,Florence:female,Beverly:female,Janet:female",test
959a2142-8956-4cad-9f2c-fdd870e386b8,"('Florence', 'Dorothy')",mother,daughter-sister-uncle-sister-daughter-grandmother,"['daughter', 'sister', 'uncle', 'sister', 'daughter', 'grandmother']","Florence:female,Marilyn:female,Janet:female,Kent:male,Helen:female,Joanne:female,Dorothy:female",test
ccdcc1f9-3afa-4843-b693-d60c6b097937,"('Matthew', 'Kecia')",mother,father-daughter-sister-sister-brother-mother,"['father', 'daughter', 'sister', 'sister', 'brother', 'mother']","Matthew:male,Thomas:male,Laura:female,Lee:female,Phillip:male,Kecia:female",test
6debd64b-b12c-4854-a8b6-77f285cdc6d7,"('Rick', 'Helen')",aunt,brother-brother-brother-brother-mother-sister,"['brother', 'brother', 'brother', 'brother', 'mother', 'sister']","Rick:male,Oliver:male,Davis:male,Brian:male,Sharon:female,Helen:female",test
ac1bd3c1-55a0-40d8-a736-2c10401589bf,"('Norman', 'Matthew')",nephew,son-sister-aunt-daughter-sister-brother,"['son', 'sister', 'aunt', 'daughter', 'sister', 'brother']","Norman:male,Chris:male,Janet:female,Kecia:female,Lee:female,Laura:female,Matthew:male",test
bbc47878-7efd-4e13-9cc5-754aae9dbb70,"('Helen', 'Phillip')",nephew,son-brother-aunt-daughter-sister-brother,"['son', 'brother', 'aunt', 'daughter', 'sister', 'brother']","Helen:female,Leo:male,Clyde:male,Kecia:female,Laura:female,Lee:female,Phillip:male",test
d33cfea5-34fc-48e7-9597-9e346ec803a4,"('Kecia', 'Beverly')",niece,husband-daughter-sister-brother-aunt-daughter,"['husband', 'daughter', 'sister', 'brother', 'aunt', 'daughter']","Kecia:female,Thomas:male,Lee:female,Laura:female,Matthew:male,Florence:female,Beverly:female",test
22fcca5e-e3dc-462f-bf7b-3d1b37a84e46,"('Michael', 'Spencer')",father,mother-son-mother-son-brother-sister-father,"['mother', 'son', 'mother', 'son', 'brother', 'sister', 'father']","Michael:male,Martha:female,Mark:male,Peter:male,Brandi:female,Spencer:male",test
46c6b126-e265-4554-9f66-1815aeb9c479,"('Florence', 'Kecia')",sister,husband-daughter-brother-father-daughter-aunt,"['husband', 'daughter', 'brother', 'father', 'daughter', 'aunt']","Florence:female,Norman:male,Marilyn:female,Chris:male,Beverly:female,Kecia:female",test
e4d4b92c-f6f1-4b29-bba7-61186f26b575,"('George', 'Reynaldo')",brother,son-sister-brother-mother-son-sister-uncle,"['son', 'sister', 'brother', 'mother', 'son', 'sister', 'uncle']","George:male,Craig:male,Jean:female,David:male,Judy:female,Larry:male,Reynaldo:male",test
6361b399-64c4-4595-858b-46cf24ed14b9,"('Mark', 'George')",uncle,brother-father-daughter-father-son-mother-brother,"['brother', 'father', 'daughter', 'father', 'son', 'mother', 'brother']","Mark:male,Michael:male,Spencer:male,Brandi:female,Peter:male,Martha:female,George:male",test
a03a3007-025b-41c0-b258-ba23d8b5f11d,"('James', 'Davis')",grandson,daughter-brother-son-mother-son-brother,"['daughter', 'brother', 'son', 'mother', 'son', 'brother']","James:male,Kecia:female,Kent:male,Rick:male,Sharon:female,Brian:male,Davis:male",test
1868ffca-0fc4-461e-bb2a-6ad1130d4a5c,"('Janet', 'Kecia')",aunt,sister-brother-father-daughter-aunt-sister,"['sister', 'brother', 'father', 'daughter', 'aunt', 'sister']","Janet:female,Marilyn:female,Chris:male,Norman:male,Beverly:female,Sharon:female,Kecia:female",test
fe6145f3-5a6c-4731-9734-8b213f6afd94,"('Sharon', 'Gene')",nephew,son-brother-father-father-daughter-son,"['son', 'brother', 'father', 'father', 'daughter', 'son']","Sharon:female,Oliver:male,Brian:male,Kent:male,James:male,Helen:female,Gene:male",test
84a46128-ad81-45a9-871f-01d7dd4d502d,"('Dorothy', 'Phillip')",grandson,husband-daughter-sister-son-sister-brother,"['husband', 'daughter', 'sister', 'son', 'sister', 'brother']","Dorothy:female,James:male,Florence:female,Kecia:female,Matthew:male,Laura:female,Phillip:male",test
d53f896f-3d92-4736-9fab-b56dc33532c1,"('Rick', 'James')",grandfather,brother-brother-brother-father-son-grandfather,"['brother', 'brother', 'brother', 'father', 'son', 'grandfather']","Rick:male,Oliver:male,Davis:male,Brian:male,Kent:male,James:male",test
6c3488d0-23f2-4cde-ae7b-9cbd816d449c,"('Norman', 'Phillip')",nephew,brother-mother-daughter-daughter-sister-brother,"['brother', 'mother', 'daughter', 'daughter', 'sister', 'brother']","Norman:male,Johnny:male,Dorothy:female,Kecia:female,Laura:female,Lee:female,Phillip:male",test
9b197dc1-6535-4828-86e9-5dfdcd790643,"('Kecia', 'Joanne')",niece,sister-mother-son-son-aunt-daughter,"['sister', 'mother', 'son', 'son', 'aunt', 'daughter']","Kecia:female,Florence:female,Dorothy:female,Kent:male,Oliver:male,Helen:female,Joanne:female",test
13894afd-2f2b-457e-851c-329b20202e85,"('Kecia', 'Rick')",nephew,brother-son-brother-brother-mother-son,"['brother', 'son', 'brother', 'brother', 'mother', 'son']","Kecia:female,Kent:male,Brian:male,Davis:male,Oliver:male,Sharon:female,Rick:male",test
805b5026-6f26-471c-a594-3cee56ca162c,"('Kecia', 'Janet')",niece,mother-son-brother-father-daughter-daughter,"['mother', 'son', 'brother', 'father', 'daughter', 'daughter']","Kecia:female,Dorothy:female,Kent:male,Thomas:male,James:male,Florence:female,Janet:female",test
f47c4090-94f4-4e2b-a9b8-b95baca2a72c,"('Dorothy', 'Marilyn')",granddaughter,daughter-husband-daughter-brother-sister-sister,"['daughter', 'husband', 'daughter', 'brother', 'sister', 'sister']","Dorothy:female,Florence:female,Norman:male,Janet:female,Chris:male,Marilyn:female",test
98d65fce-4b98-4912-a161-1f94d94f4957,"('Joanne', 'Sharon')",aunt,brother-mother-mother-daughter-brother-sister,"['brother', 'mother', 'mother', 'daughter', 'brother', 'sister']","Joanne:female,Gene:male,Helen:female,Dorothy:female,Kecia:female,Johnny:male,Sharon:female",test
89cc03ec-ea43-4e3a-b08c-0a7ef78b7496,"('Lee', 'Kent')",uncle,father-daughter-brother-sister-grandmother-son,"['father', 'daughter', 'brother', 'sister', 'grandmother', 'son']","Lee:female,Thomas:male,Laura:female,Phillip:male,Dorothy:female,Kent:male",test
3d9e14fc-4c48-441a-8a34-9b9cf31e67e5,"('Brian', 'Florence')",aunt,brother-father-son-uncle-daughter-aunt,"['brother', 'father', 'son', 'uncle', 'daughter', 'aunt']","Brian:male,Davis:male,Kent:male,Rick:male,Johnny:male,Joanne:female,Florence:female",test
2ffa5164-8a0c-4fd2-8270-7ba4d44d499a,"('Oliver', 'Kecia')",aunt,brother-mother-son-brother-father-sister,"['brother', 'mother', 'son', 'brother', 'father', 'sister']","Oliver:male,Davis:male,Sharon:female,Rick:male,Kent:male,Kecia:female",test
dbe48144-e44d-4c59-aecb-44a3d6ddd1bb,"('Helen', 'Sharon')",sister,son-brother-sister-grandfather-daughter-sister,"['son', 'brother', 'sister', 'grandfather', 'daughter', 'sister']","Helen:female,Leo:male,Gene:male,Joanne:female,James:male,Kecia:female,Sharon:female",test
c4c981cf-a460-4b6b-b279-00dd7ab784b9,"('Florence', 'Clyde')",nephew,mother-son-sister-husband-daughter-brother,"['mother', 'son', 'sister', 'husband', 'daughter', 'brother']","Florence:female,Dorothy:female,Kent:male,Helen:female,Johnny:male,Joanne:female,Clyde:male",test
53bdf349-8a3e-4455-bcf0-3cf64d58bce2,"('Kent', 'Clyde')",nephew,sister-brother-daughter-aunt-son-brother,"['sister', 'brother', 'daughter', 'aunt', 'son', 'brother']","Kent:male,Kecia:female,Norman:male,Janet:female,Helen:female,Leo:male,Clyde:male",test
4143c114-243e-43c5-b283-0aab200275f2,"('Florence', 'Rick')",nephew,father-son-son-brother-mother-son,"['father', 'son', 'son', 'brother', 'mother', 'son']","Florence:female,James:male,Kent:male,Davis:male,Brian:male,Sharon:female,Rick:male",test
772931d2-d6b5-449d-8b84-b7d0fd78dff1,"('James', 'Beverly')",granddaughter,son-sister-sister-son-sister-sister,"['son', 'sister', 'sister', 'son', 'sister', 'sister']","James:male,Kent:male,Kecia:female,Florence:female,Chris:male,Janet:female,Beverly:female",test
48e59d03-5fdb-4368-a848-778e36201f96,"('Joanne', 'Norman')",uncle,brother-brother-brother-mother-brother-brother,"['brother', 'brother', 'brother', 'mother', 'brother', 'brother']","Joanne:female,Gene:male,Clyde:male,Leo:male,Helen:female,Kent:male,Norman:male",test
e1d888e0-9c2e-4baf-92f0-640de2b4db83,"('Helen', 'Matthew')",nephew,son-grandmother-daughter-husband-daughter-brother,"['son', 'grandmother', 'daughter', 'husband', 'daughter', 'brother']","Helen:female,Leo:male,Dorothy:female,Kecia:female,Thomas:male,Lee:female,Matthew:male",test
73650574-0653-468d-b95a-67aa7877d0a9,"('James', 'Brian')",grandson,daughter-son-uncle-son-brother-brother,"['daughter', 'son', 'uncle', 'son', 'brother', 'brother']","James:male,Florence:female,Chris:male,Kent:male,Oliver:male,Davis:male,Brian:male",test
688fea7e-2e56-431c-ab2d-f7fa9d460d2a,"('Kecia', 'Oliver')",nephew,sister-daughter-aunt-brother-son-brother,"['sister', 'daughter', 'aunt', 'brother', 'son', 'brother']","Kecia:female,Florence:female,Marilyn:female,Helen:female,Kent:male,Davis:male,Oliver:male",test
46b8708e-9c22-4fce-879b-363a326254a0,"('Rick', 'Florence')",aunt,father-son-brother-mother-father-daughter,"['father', 'son', 'brother', 'mother', 'father', 'daughter']","Rick:male,Kent:male,Brian:male,Davis:male,Sharon:female,James:male,Florence:female",test
3e02b664-e13d-4d34-9b93-cd8791e89740,"('Carmelita', 'Chuck')",son-in-law,daughter-son-brother-brother-sister-aunt-husband,"['daughter', 'son', 'brother', 'brother', 'sister', 'aunt', 'husband']","Carmelita:female,Martha:female,Mark:male,Peter:male,Michael:male,Brandi:female,Elizabeth:female,Chuck:male",test
66a0a534-53cd-4769-9805-3e4914e95382,"('Michael', 'Reynaldo')",uncle,brother-brother-sister-brother-mother-father-son,"['brother', 'brother', 'sister', 'brother', 'mother', 'father', 'son']","Michael:male,Peter:male,Mark:male,Brandi:female,Martha:female,Tommy:male,Reynaldo:male",test
e6d248c9-091a-45d1-a164-05e03bcc1450,"('Chuck', 'Spencer')",brother,son-brother-sister-brother-mother-daughter-uncle,"['son', 'brother', 'sister', 'brother', 'mother', 'daughter', 'uncle']","Chuck:male,Donald:male,Leandro:male,Sara:female,Elizabeth:female,Spencer:male",test
fc7acf13-4b6d-488f-9bf0-76d68253415b,"('George', 'Philip')",nephew,son-brother-sister-brother-uncle-wife-son,"['son', 'brother', 'sister', 'brother', 'uncle', 'wife', 'son']","George:male,Larry:male,Craig:male,Jean:female,David:male,Reynaldo:male,Maxine:female,Philip:male",test
3d61900e-7317-40d0-a149-67011c3b6465,"('James', 'Marilyn')",granddaughter,daughter-sister-brother-son-aunt-daughter,"['daughter', 'sister', 'brother', 'son', 'aunt', 'daughter']","James:male,Helen:female,Kecia:female,Kent:male,Brian:male,Florence:female,Marilyn:female",test
84749873-2907-4f4b-8ef8-715b9b2af65f,"('Johnny', 'Norman')",brother,wife-son-brother-mother-daughter-uncle,"['wife', 'son', 'brother', 'mother', 'daughter', 'uncle']","Johnny:male,Helen:female,Gene:male,Clyde:male,Joanne:female,Norman:male",test
5a1e77ff-c4b9-4a1e-b5b0-d850fe844543,"('Brian', 'Helen')",aunt,brother-brother-brother-mother-son-aunt,"['brother', 'brother', 'brother', 'mother', 'son', 'aunt']","Brian:male,Davis:male,Oliver:male,Rick:male,Sharon:female,Helen:female",test
82114aa8-a1b2-40b1-99e8-ce553efb3f28,"('James', 'Sharon')",daughter,son-son-uncle-sister-daughter-aunt,"['son', 'son', 'uncle', 'sister', 'daughter', 'aunt']","James:male,Kent:male,Rick:male,Thomas:male,Helen:female,Joanne:female,Sharon:female",test
0d4b5a04-3099-4990-a30c-7b39ee07f6a8,"('Johnny', 'Laura')",niece,son-mother-sister-daughter-father-daughter,"['son', 'mother', 'sister', 'daughter', 'father', 'daughter']","Johnny:male,Clyde:male,Helen:female,Kecia:female,Lee:female,Thomas:male,Laura:female",test
94175f1d-57fe-456c-afc8-667b7f8dfa0d,"('Thomas', 'Marilyn')",niece,son-aunt-daughter-sister-sister-sister,"['son', 'aunt', 'daughter', 'sister', 'sister', 'sister']","Thomas:male,Phillip:male,Florence:female,Beverly:female,Marilyn:female,Janet:female",test
d3d08cd5-3295-4f6d-853e-f8ece2c6221b,"('Norman', 'Kecia')",sister,wife-daughter-sister-brother-mother-sister,"['wife', 'daughter', 'sister', 'brother', 'mother', 'sister']","Norman:male,Florence:female,Marilyn:female,Janet:female,Chris:male,Kecia:female",test
31fbea78-94f3-47ff-acb2-49dd45f8edae,"('Florence', 'Helen')",sister,son-sister-sister-sister-father-sister,"['son', 'sister', 'sister', 'sister', 'father', 'sister']","Florence:female,Chris:male,Marilyn:female,Janet:female,Beverly:female,Norman:male,Helen:female",test
110553b7-119c-4829-bf3c-6ff7c2b08e6b,"('Dorothy', 'Kent')",son,daughter-brother-sister-father-son-brother,"['daughter', 'brother', 'sister', 'father', 'son', 'brother']","Dorothy:female,Florence:female,Johnny:male,Kecia:female,James:male,Thomas:male,Kent:male",test
5184fbfd-334b-4891-a782-0ba5601e98c3,"('James', 'Matthew')",grandson,daughter-brother-sister-sister-husband-son,"['daughter', 'brother', 'sister', 'sister', 'husband', 'son']","James:male,Helen:female,Thomas:male,Florence:female,Kecia:female,Matthew:male",test
f669d02e-2c95-4d8e-92a1-5c4e97b6ff94,"('Laura', 'Florence')",aunt,brother-brother-mother-daughter-grandfather-daughter,"['brother', 'brother', 'mother', 'daughter', 'grandfather', 'daughter']","Laura:female,Phillip:male,Matthew:male,Kecia:female,James:male,Florence:female",test
34353bbd-006c-47cb-b994-c5fcce29486d,"('Thomas', 'Davis')",nephew,son-sister-sister-brother-uncle-son,"['son', 'sister', 'sister', 'brother', 'uncle', 'son']","Thomas:male,Phillip:male,Laura:female,Lee:female,Matthew:male,Kent:male,Davis:male",test
a1cde3c8-5542-4d9f-b698-e9bf0ad5a9d6,"('Brian', 'Dorothy')",grandmother,father-son-brother-aunt-daughter-grandmother,"['father', 'son', 'brother', 'aunt', 'daughter', 'grandmother']","Brian:male,Kent:male,Davis:male,Florence:female,Beverly:female,Dorothy:female",test
dc3054c6-5aa5-487b-9381-05b94a4eaccd,"('Marilyn', 'Johnny')",uncle,brother-sister-father-daughter-sister-uncle,"['brother', 'sister', 'father', 'daughter', 'sister', 'uncle']","Marilyn:female,Chris:male,Janet:female,Norman:male,Beverly:female,Johnny:male",test
f5c2783c-1a7d-40b8-a25d-c49e84c1451c,"('Kecia', 'Clyde')",nephew,father-daughter-sister-son-sister-brother,"['father', 'daughter', 'sister', 'son', 'sister', 'brother']","Kecia:female,James:male,Sharon:female,Helen:female,Gene:male,Joanne:female,Clyde:male",test
ecf6669e-aa55-49cd-b404-ee22606473f4,"('Laura', 'Kecia')",mother,father-son-brother-sister-brother-mother,"['father', 'son', 'brother', 'sister', 'brother', 'mother']","Laura:female,Thomas:male,Matthew:male,Phillip:male,Lee:female,Kecia:female",test
d729e9cd-d550-4590-a7e4-bdf9fb7e5d36,"('Oliver', 'Dorothy')",grandmother,mother-son-brother-father-son-grandmother,"['mother', 'son', 'brother', 'father', 'son', 'grandmother']","Oliver:male,Sharon:female,Rick:male,Davis:male,Kent:male,Dorothy:female",test
6c1a9b5c-cf97-428e-b1ae-a85378bd300c,"('Kecia', 'Kent')",brother,daughter-brother-sister-father-son-uncle,"['daughter', 'brother', 'sister', 'father', 'son', 'uncle']","Kecia:female,Laura:female,Matthew:male,Thomas:male,Phillip:male,Kent:male",test
b18b9374-93a1-45d2-ad56-178962247185,"('James', 'Johnny')",son-in-law,wife-daughter-daughter-brother-aunt-husband,"['wife', 'daughter', 'daughter', 'brother', 'aunt', 'husband']","James:male,Dorothy:female,Kecia:female,Lee:female,Matthew:male,Helen:female,Johnny:male",test
8790f725-4820-48ae-a122-efbefdf83008,"('Florence', 'Laura')",niece,father-daughter-sister-husband-son-sister,"['father', 'daughter', 'sister', 'husband', 'son', 'sister']","Florence:female,James:male,Sharon:female,Kecia:female,Thomas:male,Matthew:male,Laura:female",test
2c86b7a9-33bf-4a38-ab66-a4caadfcc794,"('Peter', 'Carmelita')",grandmother,father-son-brother-mother-husband-daughter-grandmother,"['father', 'son', 'brother', 'mother', 'husband', 'daughter', 'grandmother']","Peter:male,Spencer:male,Michael:male,Mark:male,Martha:female,Brandi:female,Carmelita:female",test
634a825e-75ca-46b6-af6c-df821deb2d78,"('Reynaldo', 'Spencer')",brother,son-brother-brother-sister-mother-brother-brother,"['son', 'brother', 'brother', 'sister', 'mother', 'brother', 'brother']","Reynaldo:male,Philip:male,Rufus:male,Diane:female,Maxine:female,Chuck:male,Spencer:male",test
0f6ebfc8-36ed-45f9-9299-512dbbef7d22,"('Elizabeth', 'Martha')",sister,son-brother-brother-father-son-sister-aunt,"['son', 'brother', 'brother', 'father', 'son', 'sister', 'aunt']","Elizabeth:female,Leandro:male,Mickey:male,Chuck:male,Donald:male,Sara:female,Martha:female",test
a41e27ae-f53a-4106-a664-4b303a8a5a24,"('Chuck', 'Peter')",nephew,son-aunt-son-sister-brother-brother-brother,"['son', 'aunt', 'son', 'sister', 'brother', 'brother', 'brother']","Chuck:male,Donald:male,Martha:female,Mark:male,Brandi:female,Michael:male,Peter:male",test
61b22567-0c5a-4088-8176-791f99b47b3f,"('Elizabeth', 'Judy')",sister,son-brother-sister-brother-sister-grandfather-daughter,"['son', 'brother', 'sister', 'brother', 'sister', 'grandfather', 'daughter']","Elizabeth:female,Mickey:male,Leandro:male,Naomi:female,Sara:female,Tommy:male,Judy:female",test
0d87e364-cab1-492b-a094-14066cbd3ba3,"('Judy', 'Spencer')",brother,son-grandfather-daughter-son-sister-father-brother,"['son', 'grandfather', 'daughter', 'son', 'sister', 'father', 'brother']","Judy:female,Larry:male,Tommy:male,Elizabeth:female,Mickey:male,Sara:female,Chuck:male,Spencer:male",test
eecd29b6-d2ac-4283-9971-8463b31045ba,"('Carmelita', 'Judy')",daughter,son-brother-son-brother-aunt-sister-sister,"['son', 'brother', 'son', 'brother', 'aunt', 'sister', 'sister']","Carmelita:female,George:male,Spencer:male,Peter:male,Mark:male,Judy:female,Maxine:female",test
c22eeacc-38fb-4a63-bcb8-e68051440286,"('Chuck', 'George')",brother,wife-daughter-mother-husband-daughter-aunt-brother,"['wife', 'daughter', 'mother', 'husband', 'daughter', 'aunt', 'brother']","Chuck:male,Elizabeth:female,Sara:female,Naomi:female,Maxine:female,George:male",test
0acc58df-9edc-4ba4-953b-f0893950cec7,"('Martha', 'Reynaldo')",brother,husband-son-brother-brother-brother-sister-uncle,"['husband', 'son', 'brother', 'brother', 'brother', 'sister', 'uncle']","Martha:female,Spencer:male,Michael:male,Mark:male,Peter:male,Brandi:female,Reynaldo:male",test
d65195e0-92db-40c0-af89-4182c046a6f6,"('Reynaldo', 'Carmelita')",mother,daughter-mother-brother-sister-sister-sister-mother,"['daughter', 'mother', 'brother', 'sister', 'sister', 'sister', 'mother']","Reynaldo:male,Diane:female,Maxine:female,George:male,Martha:female,Carmelita:female",test
12343e53-9906-4c9a-9290-bd75f12a82c9,"('Leo', 'Kecia')",aunt,father-daughter-brother-brother-mother-sister,"['father', 'daughter', 'brother', 'brother', 'mother', 'sister']","Leo:male,Johnny:male,Joanne:female,Clyde:male,Gene:male,Helen:female,Kecia:female",test
0dbffc28-728e-4cab-a5c9-a8800009b58b,"('Sharon', 'Leo')",nephew,son-father-mother-daughter-daughter-brother,"['son', 'father', 'mother', 'daughter', 'daughter', 'brother']","Sharon:female,Davis:male,Kent:male,Dorothy:female,Helen:female,Joanne:female,Leo:male",test
a49b752a-5ace-46fe-814b-a033f637536e,"('Norman', 'Lee')",niece,daughter-mother-sister-sister-son-sister,"['daughter', 'mother', 'sister', 'sister', 'son', 'sister']","Norman:male,Beverly:female,Florence:female,Helen:female,Kecia:female,Matthew:male,Lee:female",test
77379f0a-0852-42fc-9468-1a1aa611652e,"('Laura', 'Sharon')",aunt,sister-sister-father-son-mother-sister,"['sister', 'sister', 'father', 'son', 'mother', 'sister']","Laura:female,Lee:female,Thomas:male,Matthew:male,Kecia:female,Sharon:female",test
d18ddd42-3aa8-47b6-9df1-6312e21dc97c,"('Oliver', 'Kent')",father,brother-brother-brother-brother-brother-father,"['brother', 'brother', 'brother', 'brother', 'brother', 'father']","Oliver:male,Brian:male,Rick:male,Davis:male,Kent:male",test
c688e19a-878a-4376-a047-1c29be2fd504,"('Kent', 'Davis')",son,wife-son-mother-son-mother-son,"['wife', 'son', 'mother', 'son', 'mother', 'son']","Kent:male,Sharon:female,Oliver:male,Brian:male,Davis:male",test
9c8a1d80-065c-4b74-9cc7-a0693934afa2,"('Helen', 'Rick')",nephew,father-son-wife-son-brother-brother,"['father', 'son', 'wife', 'son', 'brother', 'brother']","Helen:female,James:male,Kent:male,Sharon:female,Brian:male,Oliver:male,Rick:male",test
169676f8-783c-498c-8020-e618a27d4bbd,"('Phillip', 'Laura')",sister,father-wife-daughter-brother-mother-daughter,"['father', 'wife', 'daughter', 'brother', 'mother', 'daughter']","Phillip:male,Thomas:male,Kecia:female,Lee:female,Matthew:male,Laura:female",test
194ca042-490e-4d99-ae51-e2b7f3a0832a,"('Sharon', 'Clyde')",nephew,son-brother-brother-father-sister-son,"['son', 'brother', 'brother', 'father', 'sister', 'son']","Sharon:female,Brian:male,Oliver:male,Rick:male,Kent:male,Helen:female,Clyde:male",test
121ae4f2-a1e3-447a-993c-025218906438,"('Johnny', 'Dorothy')",mother,son-mother-son-brother-brother-grandmother,"['son', 'mother', 'son', 'brother', 'brother', 'grandmother']","Johnny:male,Clyde:male,Helen:female,Leo:male,Gene:male,Dorothy:female",test
fde3dfc2-cb64-4a84-927e-7b12007e04cf,"('Sharon', 'Phillip')",nephew,husband-son-father-son-aunt-son,"['husband', 'son', 'father', 'son', 'aunt', 'son']","Sharon:female,Kent:male,Oliver:male,Davis:male,Kecia:female,Phillip:male",test
fbaae653-f0a8-4063-be1f-966dabd7a01f,"('Kecia', 'Norman')",brother,daughter-brother-sister-father-daughter-uncle,"['daughter', 'brother', 'sister', 'father', 'daughter', 'uncle']","Kecia:female,Lee:female,Phillip:male,Laura:female,Thomas:male,Norman:male",test
0c8376ed-ca5d-4cd1-aae8-220027464296,"('Kent', 'Marilyn')",niece,wife-son-brother-aunt-husband-daughter,"['wife', 'son', 'brother', 'aunt', 'husband', 'daughter']","Kent:male,Sharon:female,Davis:male,Oliver:male,Florence:female,Norman:male,Marilyn:female",test
3bd24176-1030-43cf-8be1-b6a76dd7f87c,"('Johnny', 'Beverly')",niece,daughter-brother-aunt-son-father-daughter,"['daughter', 'brother', 'aunt', 'son', 'father', 'daughter']","Johnny:male,Joanne:female,Gene:male,Florence:female,Chris:male,Norman:male,Beverly:female",test
9e96b9a6-8cbf-4be2-959f-788c39a249df,"('Norman', 'Brian')",nephew,son-sister-mother-brother-son-brother,"['son', 'sister', 'mother', 'brother', 'son', 'brother']","Norman:male,Chris:male,Beverly:female,Florence:female,Kent:male,Oliver:male,Brian:male",test
d7d221e5-5803-4713-8e2f-e0a2c8ac6180,"('Thomas', 'Oliver')",nephew,daughter-uncle-son-brother-mother-son,"['daughter', 'uncle', 'son', 'brother', 'mother', 'son']","Thomas:male,Lee:female,Kent:male,Brian:male,Rick:male,Sharon:female,Oliver:male",test
6839f841-c54a-4b1e-a2af-da94fa7c9ebe,"('Helen', 'Lee')",niece,son-aunt-daughter-father-son-sister,"['son', 'aunt', 'daughter', 'father', 'son', 'sister']","Helen:female,Gene:male,Kecia:female,Laura:female,Thomas:male,Phillip:male,Lee:female",test
436ab989-f045-497c-a436-649eeec8b0b7,"('Leo', 'Dorothy')",grandmother,sister-mother-sister-sister-sister-mother,"['sister', 'mother', 'sister', 'sister', 'sister', 'mother']","Leo:male,Joanne:female,Helen:female,Sharon:female,Florence:female,Dorothy:female",test
1c0c6fb2-62f1-41cc-bac0-374fd7cdbf40,"('Phillip', 'Florence')",aunt,sister-brother-mother-daughter-father-sister,"['sister', 'brother', 'mother', 'daughter', 'father', 'sister']","Phillip:male,Lee:female,Matthew:male,Kecia:female,Thomas:male,Florence:female",test
cf45416f-26b6-483e-9335-b9be43dcb48c,"('Thomas', 'Beverly')",niece,son-mother-daughter-mother-sister-daughter,"['son', 'mother', 'daughter', 'mother', 'sister', 'daughter']","Thomas:male,Matthew:male,Kecia:female,Lee:female,Florence:female,Beverly:female",test
a79ac894-59b1-4a72-81f7-6115ccb14c6c,"('Rick', 'Brian')",brother,mother-son-brother-father-son-brother,"['mother', 'son', 'brother', 'father', 'son', 'brother']","Rick:male,Sharon:female,Oliver:male,Kent:male,Davis:male,Brian:male",test
c3f17dce-7d79-4d78-9da9-ee93720fb3cf,"('Jonathan', 'Seth')",father,sister-sister-sister-sister-father,"['sister', 'sister', 'sister', 'sister', 'father']","Jonathan:male,Evelyn:female,Rosa:female,Ruth:female,Seth:male",test
8e406e49-3761-412c-a069-ff3e66d40564,"('Thomas', 'Clyde')",nephew,son-sister-sister-mother-sister-son,"['son', 'sister', 'sister', 'mother', 'sister', 'son']","Thomas:male,Phillip:male,Laura:female,Lee:female,Kecia:female,Helen:female,Clyde:male",test
20caa0e2-7db6-4c99-983d-50950cb6a941,"('Marilyn', 'Thomas')",uncle,sister-sister-father-wife-daughter-uncle,"['sister', 'sister', 'father', 'wife', 'daughter', 'uncle']","Marilyn:female,Janet:female,Beverly:female,Norman:male,Florence:female,Thomas:male",test
e5192aaf-92a9-4868-b5a3-04e3c93c01f0,"('Davis', 'Helen')",aunt,mother-son-brother-father-father-daughter,"['mother', 'son', 'brother', 'father', 'father', 'daughter']","Davis:male,Sharon:female,Brian:male,Rick:male,Kent:male,James:male,Helen:female",test
64b5beb1-43a7-4ec3-9697-597a2de7ba20,"('Janet', 'Kent')",uncle,father-daughter-father-daughter-mother-brother,"['father', 'daughter', 'father', 'daughter', 'mother', 'brother']","Janet:female,Norman:male,Marilyn:female,Beverly:female,Florence:female,Kent:male",test
8b8be206-86df-4a1c-b30b-2b2b06dd8536,"('Sharon', 'Rick')",son,son-brother-mother-husband-son-brother,"['son', 'brother', 'mother', 'husband', 'son', 'brother']","Sharon:female,Brian:male,Oliver:male,Kent:male,Davis:male,Rick:male",test
42ae6a49-6451-40fb-8f74-feb29fcf40d3,"('Helen', 'Laura')",niece,son-aunt-husband-son-brother-sister,"['son', 'aunt', 'husband', 'son', 'brother', 'sister']","Helen:female,Leo:male,Kecia:female,Thomas:male,Matthew:male,Phillip:male,Laura:female",test
6a4593cc-3ebf-4c90-ad9c-5a018ead923c,"('Thomas', 'Janet')",niece,son-mother-sister-sister-son-sister,"['son', 'mother', 'sister', 'sister', 'son', 'sister']","Thomas:male,Matthew:male,Kecia:female,Helen:female,Florence:female,Chris:male,Janet:female",test
75e436cd-911d-4712-bb89-d767229ad5d8,"('Kent', 'Helen')",sister,son-grandfather-daughter-mother-daughter-sister,"['son', 'grandfather', 'daughter', 'mother', 'daughter', 'sister']","Kent:male,Oliver:male,James:male,Helen:female,Dorothy:female,Florence:female",test
7c1a794a-9f7b-4584-b9e0-a1951c96ec85,"('Helen', 'Beverly')",niece,father-wife-daughter-husband-daughter-sister,"['father', 'wife', 'daughter', 'husband', 'daughter', 'sister']","Helen:female,James:male,Dorothy:female,Florence:female,Norman:male,Janet:female,Beverly:female",test
bb5a81c8-b8e9-4304-bf29-910365cbcab1,"('Leo', 'Florence')",aunt,brother-sister-brother-brother-father-sister,"['brother', 'sister', 'brother', 'brother', 'father', 'sister']","Leo:male,Gene:male,Joanne:female,Clyde:male,Johnny:male,Florence:female",test
91a32b70-b90a-4171-8ebe-264feeb393e9,"('Clyde', 'Norman')",uncle,brother-father-son-mother-son-uncle,"['brother', 'father', 'son', 'mother', 'son', 'uncle']","Clyde:male,Gene:male,Johnny:male,Leo:male,Helen:female,Norman:male",test
0fd5d2ae-da37-4034-9b53-ad4d1e683d08,"('James', 'Patricia')",mother,daughter-mother-mother,"['daughter', 'mother', 'mother']","James:male,Cheryl:female,Elizabeth:female,Patricia:female,Antonio:male,Esther:female",test
50ba4cb1-c24d-4e3c-81aa-485cf3d1a040,"('Larry', 'Kenneth')",brother,son-brother-sister-mother-sister-sister-brother-daughter-uncle,"['son', 'brother', 'sister', 'mother', 'sister', 'sister', 'brother', 'daughter', 'uncle']","Larry:male,Henry:male,Martin:male,Leila:female,Ethel:female,Judy:female,Michele:female,William:male,Fay:female,Kenneth:male",test
7e417d4e-37ac-4c83-8409-081d9a5ba0fc,"('Elizabeth', 'Patricia')",mother,son-father-mother,"['son', 'father', 'mother']","Elizabeth:female,Frank:male,James:male,Patricia:female,Hilda:female,Harry:male",test
5f1b1914-ffb6-428e-b602-58b849d00670,"('Sheila', 'Seth')",grandfather,mother-daughter-sister-brother-grandfather,"['mother', 'daughter', 'sister', 'brother', 'grandfather']","Sheila:female,Cristina:female,Diana:female,William:male,Seth:male",test
b4c7f112-7d93-4c9b-8c3d-619dedfe891e,"('Seth', 'Melissa')",granddaughter,daughter-brother-sister-daughter-sister,"['daughter', 'brother', 'sister', 'daughter', 'sister']","Seth:male,Ruth:female,Christian:male,Rosa:female,Margaret:female,Melissa:female",test
184125b3-0dcb-49cd-85a6-9399b6548b7b,"('Stephen', 'Gloria')",niece,daughter-sister-aunt-husband-daughter,"['daughter', 'sister', 'aunt', 'husband', 'daughter']","Stephen:male,Annie:female,Melissa:female,Ruth:female,Jason:male,Gloria:female",test
2016c122-6eb7-4576-bfba-b843717ae858,"('Jason', 'Jeremy')",son,daughter-sister-brother-sister-brother,"['daughter', 'sister', 'brother', 'sister', 'brother']","Jason:male,Stephanie:female,Gloria:female,Jeff:male,Jeremy:male",test
0fe62deb-1a45-4733-b25f-f894e54e01d1,"('Gloria', 'Jeremy')",brother,sister-mother-daughter-brother-brother,"['sister', 'mother', 'daughter', 'brother', 'brother']","Gloria:female,Stephanie:female,Ruth:female,Jeff:male,Jeremy:male",test
a02d8964-6dae-4df0-a13d-91be545a56f7,"('Ruth', 'Lisa')",niece,son-father-daughter-aunt-daughter,"['son', 'father', 'daughter', 'aunt', 'daughter']","Ruth:female,Jeff:male,Jason:male,Gloria:female,Rosa:female,Lisa:female",test
79268e2c-3ad3-4a7e-8f5a-afda977c85a2,"('Rosa', 'Darren')",nephew,husband-daughter-uncle-wife-son,"['husband', 'daughter', 'uncle', 'wife', 'son']","Rosa:female,Stephen:male,Annie:female,Christian:male,Evelyn:female,Darren:male",test
ecc1e2ca-5e5c-47a0-bc15-f0b611c18301,"('Jonathan', 'William')",son,daughter-mother-daughter-sister-brother,"['daughter', 'mother', 'daughter', 'sister', 'brother']","Jonathan:male,Diana:female,Cristina:female,Traci:female,Sheila:female,William:male",test
3b8c5b2a-4332-4635-a154-2f6ddee88855,"('Ruth', 'William')",nephew,daughter-uncle-daughter-sister-brother,"['daughter', 'uncle', 'daughter', 'sister', 'brother']","Ruth:female,Stephanie:female,Jonathan:male,Traci:female,Sheila:female,William:male",test
cc5dfbd5-65c9-44d0-8a3e-810c809a773a,"('Laura', 'Christian')",son,daughter-daughter-father-son-uncle,"['daughter', 'daughter', 'father', 'son', 'uncle']","Laura:female,Ruth:female,Gloria:female,Jason:male,Jeremy:male,Christian:male",test
7bd1c353-50fa-4f9d-9063-f8932cbc7759,"('Stephanie', 'Cristina')",aunt,sister-mother-son-father-sister,"['sister', 'mother', 'son', 'father', 'sister']","Stephanie:female,Gloria:female,Ruth:female,Jeff:male,Jason:male,Cristina:female",test
aa186c5c-eb16-4f49-80e2-c1741e090974,"('Jeremy', 'Laura')",grandmother,father-son-mother-daughter-grandmother,"['father', 'son', 'mother', 'daughter', 'grandmother']","Jeremy:male,Jason:male,Jeff:male,Ruth:female,Gloria:female,Laura:female",test
6cc09cfe-e812-4d85-9c7e-1cfc4fa7ec88,"('Rosa', 'Jason')",brother,husband-daughter-sister-sister-uncle,"['husband', 'daughter', 'sister', 'sister', 'uncle']","Rosa:female,Stephen:male,Melissa:female,Margaret:female,Lisa:female,Jason:male",test
a510b2ad-46f6-46fc-b38a-117928d33cc4,"('Laura', 'William')",grandson,husband-son-daughter-sister-brother,"['husband', 'son', 'daughter', 'sister', 'brother']","Laura:female,Seth:male,Jonathan:male,Sheila:female,Traci:female,William:male",test
b9e63a42-7116-4349-97a8-631820686d3c,"('Stephen', 'Traci')",niece,daughter-sister-mother-brother-daughter,"['daughter', 'sister', 'mother', 'brother', 'daughter']","Stephen:male,Melissa:female,Margaret:female,Rosa:female,Jonathan:male,Traci:female",test
7b32e30c-0174-44ef-a92d-79037e20ce4b,"('Lisa', 'Cristina')",aunt,sister-sister-mother-daughter-aunt,"['sister', 'sister', 'mother', 'daughter', 'aunt']","Lisa:female,Melissa:female,Annie:female,Rosa:female,Margaret:female,Cristina:female",test
e986eee2-3008-4558-a6e9-6e6f99a7d425,"('Stephen', 'Annie')",daughter,wife-daughter-sister-sister-sister,"['wife', 'daughter', 'sister', 'sister', 'sister']","Stephen:male,Rosa:female,Melissa:female,Annie:female,Lisa:female",test
3db6c9ff-65c6-4825-9a1a-fbdf4eb43a0d,"('Jeremy', 'Rosa')",aunt,father-daughter-sister-mother-sister,"['father', 'daughter', 'sister', 'mother', 'sister']","Jeremy:male,Jason:male,Stephanie:female,Gloria:female,Ruth:female,Rosa:female",test
bedbe0b4-0fef-4e21-88cc-add8bbff055d,"('Cristina', 'Sean')",nephew,daughter-uncle-son-mother-son,"['daughter', 'uncle', 'son', 'mother', 'son']","Cristina:female,Traci:female,Christian:male,Darren:male,Evelyn:female,Sean:male",test
72763c7a-a408-41cc-832f-5167fd0a8a54,"('Rosa', 'Seth')",father,daughter-father-daughter-sister-grandfather,"['daughter', 'father', 'daughter', 'sister', 'grandfather']","Rosa:female,Margaret:female,Stephen:male,Lisa:female,Annie:female,Seth:male",test
0fe903bf-b089-47e2-9eea-6efafa5c5a0c,"('Jonathan', 'Darren')",nephew,mother-daughter-brother-wife-son,"['mother', 'daughter', 'brother', 'wife', 'son']","Jonathan:male,Laura:female,Rosa:female,Christian:male,Evelyn:female,Darren:male",test
99e85e03-7c7c-4c8c-8379-0f68aeee4bfe,"('Ruth', 'Darren')",nephew,brother-brother-mother-son-son,"['brother', 'brother', 'mother', 'son', 'son']","Ruth:female,Jonathan:male,Christian:male,Laura:female,Darren:male",test
5784a6fa-f500-4b02-8ccf-951932cb9efd,"('Seth', 'Sean')",grandson,son-daughter-mother-brother-son,"['son', 'daughter', 'mother', 'brother', 'son']","Seth:male,Stephen:male,Margaret:female,Rosa:female,Christian:male,Sean:male",test
ec8d0c0a-30f7-47fc-af6f-45a7e9a11fc7,"('Jonathan', 'Jeff')",nephew,daughter-mother-sister-daughter-brother,"['daughter', 'mother', 'sister', 'daughter', 'brother']","Jonathan:male,Diana:female,Cristina:female,Ruth:female,Stephanie:female,Jeff:male",test
0e4a14fb-27da-445a-a120-5eace560ecc5,"('Darren', 'Nichole')",sister,brother-mother-daughter-father-daughter,"['brother', 'mother', 'daughter', 'father', 'daughter']","Darren:male,Sean:male,Evelyn:female,Pennie:female,Christian:male,Nichole:female",test
9d669946-f80e-4b3a-b79c-6b990b62d1bf,"('Sean', 'Nichole')",sister,brother-father-daughter-mother-daughter,"['brother', 'father', 'daughter', 'mother', 'daughter']","Sean:male,Darren:male,Christian:male,Pennie:female,Evelyn:female,Nichole:female",test
f8644f8c-4b44-4638-80d3-a2f0827119ba,"('Traci', 'William')",brother,father-wife-daughter-sister-brother,"['father', 'wife', 'daughter', 'sister', 'brother']","Traci:female,Jonathan:male,Cristina:female,Sheila:female,William:male",test
bbb236fd-f06a-4271-aecd-5aeed481978b,"('Gloria', 'Cristina')",aunt,brother-sister-brother-mother-sister,"['brother', 'sister', 'brother', 'mother', 'sister']","Gloria:female,Jeremy:male,Stephanie:female,Jeff:male,Ruth:female,Cristina:female",test
8b2f3d88-cc98-415d-acee-946d77bff8b9,"('Jason', 'Laura')",mother,wife-son-brother-brother-grandmother,"['wife', 'son', 'brother', 'brother', 'grandmother']","Jason:male,Ruth:female,Jeremy:male,Jeff:male,Laura:female",test
db28d4fb-68a3-4fbc-b096-472caa144bc9,"('Christian', 'William')",nephew,daughter-brother-uncle-wife-son,"['daughter', 'brother', 'uncle', 'wife', 'son']","Christian:male,Pennie:female,Sean:male,Jonathan:male,Cristina:female,William:male",test
56ab6179-36b0-4300-9613-c784e8929de4,"('Traci', 'Laura')",grandmother,brother-father-daughter-father-mother,"['brother', 'father', 'daughter', 'father', 'mother']","Traci:female,William:male,Jonathan:male,Sheila:female,Laura:female",test
635cdd0a-97c6-4273-bd36-2a185c0e5345,"('Seth', 'Nichole')",granddaughter,daughter-sister-sister-brother-daughter,"['daughter', 'sister', 'sister', 'brother', 'daughter']","Seth:male,Rosa:female,Ruth:female,Christian:male,Nichole:female",test
18de91d7-cefc-42a9-929f-5ac81bf7a893,"('Darren', 'Sean')",brother,sister-father-daughter-father-son,"['sister', 'father', 'daughter', 'father', 'son']","Darren:male,Nichole:female,Christian:male,Pennie:female,Sean:male",test
3eb59f43-55ea-4227-978f-5ca862d3f37d,"('Nichole', 'Pennie')",sister,father-wife-son-brother-sister,"['father', 'wife', 'son', 'brother', 'sister']","Nichole:female,Christian:male,Evelyn:female,Darren:male,Sean:male,Pennie:female",test
ada012a3-3a1e-4933-9219-e2709871fcaa,"('Seth', 'Lisa')",granddaughter,wife-son-sister-daughter-sister,"['wife', 'son', 'sister', 'daughter', 'sister']","Seth:male,Laura:female,Jonathan:male,Rosa:female,Margaret:female,Lisa:female",test
0cc7e43b-a3ab-40b1-8427-82800c4150e0,"('William', 'Jason')",uncle,sister-father-daughter-mother-brother,"['sister', 'father', 'daughter', 'mother', 'brother']","William:male,Diana:female,Jonathan:male,Cristina:female,Jason:male",test
00fcc644-4170-4a90-9779-0facefef1a93,"('Jason', 'Pennie')",niece,daughter-uncle-daughter-brother-sister,"['daughter', 'uncle', 'daughter', 'brother', 'sister']","Jason:male,Gloria:female,Christian:male,Nichole:female,Sean:male,Pennie:female",test
347ae1dc-bdc3-411a-a836-2e3814f64789,"('Christian', 'Seth')",father,son-brother-father-daughter-grandfather,"['son', 'brother', 'father', 'daughter', 'grandfather']","Christian:male,Sean:male,Darren:male,Nichole:female,Seth:male",test
0d3b646d-af63-41d4-ae49-c2893aa06f6b,"('Pennie', 'Christian')",father,brother-brother-mother-daughter-father,"['brother', 'brother', 'mother', 'daughter', 'father']","Pennie:female,Darren:male,Sean:male,Evelyn:female,Nichole:female,Christian:male",test
f0aed89e-bee5-453b-bb8d-6d73a422f427,"('Evelyn', 'Gloria')",niece,sister-son-father-daughter-sister,"['sister', 'son', 'father', 'daughter', 'sister']","Evelyn:female,Ruth:female,Jeff:male,Jason:male,Stephanie:female,Gloria:female",test
f0da5445-8c3a-40fc-a895-4ef839311a81,"('Stephanie', 'Stephen')",uncle,mother-brother-father-son-brother,"['mother', 'brother', 'father', 'son', 'brother']","Stephanie:female,Ruth:female,Christian:male,Seth:male,Stephen:male",test
8af6244a-984c-477a-8488-c87d892e009c,"('Jeff', 'Jonathan')",uncle,father-son-sister-grandmother-son,"['father', 'son', 'sister', 'grandmother', 'son']","Jeff:male,Jason:male,Jeremy:male,Gloria:female,Laura:female,Jonathan:male",test
11eaaae6-f168-4d46-a5b0-984145e6677c,"('Christian', 'Kate')",daughter-in-law,daughter-brother-sister-brother-wife,"['daughter', 'brother', 'sister', 'brother', 'wife']","Christian:male,Pennie:female,Darren:male,Nichole:female,Sean:male,Kate:female",test
726d800a-edbc-4fb2-8f45-8c2354fba35e,"('Rosa', 'Jeremy')",nephew,daughter-aunt-daughter-brother-brother,"['daughter', 'aunt', 'daughter', 'brother', 'brother']","Rosa:female,Melissa:female,Ruth:female,Stephanie:female,Jeff:male,Jeremy:male",test
9eea69e6-ad0d-44c5-9fbc-d3b42e097d14,"('Jonathan', 'Gloria')",niece,sister-son-sister-brother-sister,"['sister', 'son', 'sister', 'brother', 'sister']","Jonathan:male,Ruth:female,Jeff:male,Stephanie:female,Jeremy:male,Gloria:female",test
fce25992-309c-40cc-9f61-e5eff6b03730,"('Melissa', 'Jonathan')",uncle,sister-sister-sister-father-brother,"['sister', 'sister', 'sister', 'father', 'brother']","Melissa:female,Margaret:female,Annie:female,Lisa:female,Stephen:male,Jonathan:male",test
17d2f6f1-526a-4f37-b9ee-e64901b81b1e,"('Sean', 'Stephen')",uncle,brother-sister-sister-father-brother,"['brother', 'sister', 'sister', 'father', 'brother']","Sean:male,Darren:male,Pennie:female,Nichole:female,Christian:male,Stephen:male",test
8c74ed70-a93d-4f0b-9f0d-e30da487dbe9,"('Lisa', 'Ruth')",aunt,mother-daughter-father-brother-sister,"['mother', 'daughter', 'father', 'brother', 'sister']","Lisa:female,Rosa:female,Melissa:female,Stephen:male,Jonathan:male,Ruth:female",test
ff04a321-ac45-4a73-a412-70b86cb338a2,"('Seth', 'Darren')",grandson,daughter-sister-brother-daughter-brother,"['daughter', 'sister', 'brother', 'daughter', 'brother']","Seth:male,Ruth:female,Rosa:female,Christian:male,Pennie:female,Darren:male",test
3ce6301a-d58a-4fce-a2f5-e11ce3236b22,"('Sean', 'Jonathan')",uncle,sister-brother-father-daughter-uncle,"['sister', 'brother', 'father', 'daughter', 'uncle']","Sean:male,Nichole:female,Darren:male,Christian:male,Pennie:female,Jonathan:male",test
1f6fb3e7-3bcd-4aef-90dc-8baeb57fd396,"('Laura', 'Lisa')",granddaughter,son-brother-daughter-aunt-daughter,"['son', 'brother', 'daughter', 'aunt', 'daughter']","Laura:female,Jason:male,Christian:male,Pennie:female,Rosa:female,Lisa:female",test
68539784-f875-45ae-b698-0112d19e83c0,"('Pennie', 'Evelyn')",mother,brother-father-daughter-brother-mother,"['brother', 'father', 'daughter', 'brother', 'mother']","Pennie:female,Darren:male,Christian:male,Nichole:female,Sean:male,Evelyn:female",test
a3dd65f3-dd21-438f-ad24-422af9ee0c1b,"('Diana', 'Laura')",grandmother,father-daughter-sister-brother-grandmother,"['father', 'daughter', 'sister', 'brother', 'grandmother']","Diana:female,Jonathan:male,Traci:female,Sheila:female,William:male,Laura:female",test
6d3dbb1b-7d62-4886-bbb8-e5635ec52e74,"('Cristina', 'Lisa')",niece,sister-husband-daughter-sister-sister,"['sister', 'husband', 'daughter', 'sister', 'sister']","Cristina:female,Rosa:female,Stephen:male,Annie:female,Melissa:female,Lisa:female",test
a9fd8c21-3ffe-467d-96a1-1a11d42abc4d,"('Jason', 'Sean')",nephew,daughter-uncle-daughter-brother-brother,"['daughter', 'uncle', 'daughter', 'brother', 'brother']","Jason:male,Stephanie:female,Christian:male,Nichole:female,Darren:male,Sean:male",test
628947b2-860f-46ed-8ab8-cd36ffe040bf,"('Pennie', 'Seth')",grandfather,mother-daughter-brother-father-father,"['mother', 'daughter', 'brother', 'father', 'father']","Pennie:female,Evelyn:female,Nichole:female,Darren:male,Christian:male,Seth:male",test
32b38ef9-1af1-4a35-aaca-2b8afc694186,"('Seth', 'Jason')",son,son-brother-wife-daughter-uncle,"['son', 'brother', 'wife', 'daughter', 'uncle']","Seth:male,Christian:male,Jonathan:male,Cristina:female,Traci:female,Jason:male",test
7bd9f97d-b54f-43b5-95f7-67a7e8cbc66e,"('Evelyn', 'Annie')",niece,sister-daughter-sister-father-daughter,"['sister', 'daughter', 'sister', 'father', 'daughter']","Evelyn:female,Rosa:female,Melissa:female,Lisa:female,Stephen:male,Annie:female",test
f3208ee5-afb4-433b-a957-5600db7a5625,"('Stephen', 'Sheila')",niece,brother-son-sister-sister-sister,"['brother', 'son', 'sister', 'sister', 'sister']","Stephen:male,Jonathan:male,William:male,Diana:female,Traci:female,Sheila:female",test
001adbbd-47a3-4a09-a2fc-e55259be357f,"('Laura', 'Rosa')",daughter,daughter-brother-brother-son-aunt,"['daughter', 'brother', 'brother', 'son', 'aunt']","Laura:female,Ruth:female,Christian:male,Jason:male,Jeff:male,Rosa:female",test
80de6693-8a42-42e7-a691-0ae3420980e8,"('Seth', 'William')",grandson,daughter-brother-daughter-sister-brother,"['daughter', 'brother', 'daughter', 'sister', 'brother']","Seth:male,Ruth:female,Jonathan:male,Diana:female,Sheila:female,William:male",test
ebb1fa09-780e-4755-a2a7-1bf902f26b30,"('Pennie', 'Cristina')",aunt,brother-sister-father-sister-sister,"['brother', 'sister', 'father', 'sister', 'sister']","Pennie:female,Sean:male,Nichole:female,Christian:male,Ruth:female,Cristina:female",test
d87537ee-bd86-4d42-b6a6-7312351c89fb,"('Molly', 'Reta')",granddaughter,daughter-husband-daughter,"['daughter', 'husband', 'daughter']","Molly:female,Michelle:female,Michael:male,Reta:female",test
6c52dc1c-b56d-4cbf-9d8f-355d7a71eaa2,"('Elliott', 'Molly')",mother,wife-son-grandmother,"['wife', 'son', 'grandmother']","Elliott:male,Marian:female,Craig:male,Molly:female",test
f166b294-d237-4ef9-babe-bbcf577d56f1,"('James', 'Stanley')",father,sister-daughter-grandfather,"['sister', 'daughter', 'grandfather']","James:male,Michelle:female,Lisa:female,Stanley:male",test
3aa26c1c-4e3b-4cfc-945d-656620ec3eb6,"('Valerie', 'Stanley')",father,son-father-father,"['son', 'father', 'father']","Valerie:female,Clarence:male,Alan:male,Stanley:male",test
75199a32-3f2a-4556-88a3-9fc1798d30d9,"('Molly', 'Jeremy')",grandson,husband-grandson-brother,"['husband', 'grandson', 'brother']","Molly:female,Stanley:male,Thomas:male,Jeremy:male",test
ae752390-b982-4170-88c7-b2b727939298,"('Alan', 'Stanley')",father,son-brother-grandfather,"['son', 'brother', 'grandfather']","Alan:male,Clarence:male,Carlos:male,Stanley:male",test
c3a8a5ff-4c3a-4937-be15-c19b8ed57727,"('Alan', 'Molly')",mother,son-mother-mother,"['son', 'mother', 'mother']","Alan:male,Clarence:male,Valerie:female,Molly:female",test
49895604-50f1-41fc-a936-84dbb21c1b68,"('James', 'Molly')",mother,wife-son-grandmother,"['wife', 'son', 'grandmother']","James:male,Sandra:female,Lee:male,Molly:female",test
95e252bf-17ed-4cc4-8ceb-c271e4ed3ce4,"('Molly', 'Connie')",granddaughter,daughter-husband-daughter,"['daughter', 'husband', 'daughter']","Molly:female,Marian:female,Elliott:male,Connie:female",test
a65d72ca-734f-444d-ba97-ef89ce1d9126,"('Valerie', 'Stanley')",father,son-father-father,"['son', 'father', 'father']","Valerie:female,Jason:male,Alan:male,Stanley:male",test
5fa0ac9d-2ea5-49e6-a12e-b46acc20baad,"('Elliott', 'Stanley')",father,son-brother-grandfather,"['son', 'brother', 'grandfather']","Elliott:male,John:male,Craig:male,Stanley:male",test
379dee5f-0bb0-4bf8-80a5-3ca48dd02062,"('Molly', 'Jason')",grandson,husband-grandson-brother,"['husband', 'grandson', 'brother']","Molly:female,Stanley:male,Emmanuel:male,Jason:male",test
01b11df2-ba2f-4e0d-8362-8464a56e697e,"('Molly', 'Thomas')",grandson,husband-grandson-brother,"['husband', 'grandson', 'brother']","Molly:female,Stanley:male,Paul:male,Thomas:male",test
c4931a78-fcd0-4ea5-8cfd-10ef97014d08,"('Elliott', 'Molly')",mother,wife-son-grandmother,"['wife', 'son', 'grandmother']","Elliott:male,Marian:female,Sidney:male,Molly:female",test
f034e11b-c40f-4e56-8730-b58ccbd6d5f0,"('Molly', 'Mark')",grandson,husband-grandson-brother,"['husband', 'grandson', 'brother']","Molly:female,Stanley:male,Sidney:male,Mark:male",test
58c061c5-877f-499e-8fcc-123c911e959b,"('Michael', 'Molly')",mother,wife-son-grandmother,"['wife', 'son', 'grandmother']","Michael:male,Michelle:female,Jeremy:male,Molly:female",test
6f8ff104-4932-4f43-8840-481be09bc1c0,"('Michael', 'Stanley')",father,son-brother-grandfather,"['son', 'brother', 'grandfather']","Michael:male,Jeremy:male,Kirk:male,Stanley:male",test
b2d3d744-dd9f-4e3d-8361-04eb08490f67,"('Valerie', 'Stanley')",father,son-father-father,"['son', 'father', 'father']","Valerie:female,Jason:male,Alan:male,Stanley:male",test
e459b609-35d8-42a3-955e-02d3fb4fae90,"('Michael', 'Molly')",mother,son-mother-mother,"['son', 'mother', 'mother']","Michael:male,Jeremy:male,Michelle:female,Molly:female",test
552c3bac-f9b4-4862-a989-8a61e071f951,"('Stanley', 'Lisa')",granddaughter,daughter-husband-daughter,"['daughter', 'husband', 'daughter']","Stanley:male,Michelle:female,Michael:male,Lisa:female",test
094dd1fd-cdd6-40c1-ad4a-b4ace4404912,"('Sandra', 'Stanley')",father,sister-daughter-grandfather,"['sister', 'daughter', 'grandfather']","Sandra:female,Marian:female,Connie:female,Stanley:male",test
62faa761-d9e0-44b7-a66c-3255fc4af2ef,"('James', 'Molly')",mother-in-law,wife-son-grandmother,"['wife', 'son', 'grandmother']","James:male,Sandra:female,Matthew:male,Molly:female",test
2c069fd1-2c3a-4cf0-874a-b20980efef73,"('Valerie', 'Stanley')",father,son-brother-grandfather,"['son', 'brother', 'grandfather']","Valerie:female,Emmanuel:male,Clarence:male,Stanley:male",test
8069d1e4-3404-498a-af5a-25418bc72fc8,"('Molly', 'Jason')",grandson,husband-grandson-brother,"['husband', 'grandson', 'brother']","Molly:female,Stanley:male,Clarence:male,Jason:male",test
1961f054-f28e-4486-a314-555cc5c052e6,"('Michelle', 'Stanley')",father,son-father-father,"['son', 'father', 'father']","Michelle:female,Kirk:male,Michael:male,Stanley:male",test
39e7c88a-bf19-48ad-b3ee-6be198583ff6,"('Molly', 'Ellis')",grandson,husband-grandson-brother,"['husband', 'grandson', 'brother']","Molly:female,Stanley:male,Matthew:male,Ellis:male",test
437a9c88-c3c7-4407-b595-6c1911c6c86d,"('Michael', 'Molly')",mother,wife-son-grandmother,"['wife', 'son', 'grandmother']","Michael:male,Michelle:female,Thomas:male,Molly:female",test
aef8b0d7-235c-471f-b0f3-26428dc2057f,"('Michael', 'Molly')",mother,son-mother-mother,"['son', 'mother', 'mother']","Michael:male,Paul:male,Michelle:female,Molly:female",test
974238f4-b4f2-4f86-8a96-e173518ac2fe,"('Laura', 'Jeff')",grandson,daughter-sister-daughter-brother-brother,"['daughter', 'sister', 'daughter', 'brother', 'brother']","Laura:female,Rosa:female,Ruth:female,Gloria:female,Jeremy:male,Jeff:male",test
8103363e-a6ce-4c71-b844-47f3fc5c2138,"('Valerie', 'Stanley')",father,son-brother-grandfather,"['son', 'brother', 'grandfather']","Valerie:female,Jason:male,Emmanuel:male,Stanley:male",test
d615af46-b569-48c8-9dde-d8b1c69d2ce1,"('Elliott', 'Stanley')",father,sister-daughter-grandfather,"['sister', 'daughter', 'grandfather']","Elliott:male,Michelle:female,Reta:female,Stanley:male",test
2faa31ab-7f0b-4c1e-bfc8-d26f616e87f8,"('Diana', 'Ruth')",aunt,sister-brother-father-daughter-aunt,"['sister', 'brother', 'father', 'daughter', 'aunt']","Diana:female,Traci:female,William:male,Jonathan:male,Ruth:female",test
d4a0ef62-344f-46a9-9a66-9b024d1c027c,"('Gloria', 'Seth')",grandfather,brother-mother-son-sister-grandfather,"['brother', 'mother', 'son', 'sister', 'grandfather']","Gloria:female,Jeremy:male,Ruth:female,Jeff:male,Stephanie:female,Seth:male",test
d453ed41-ab11-4a7c-90ef-ea1f41462406,"('Lisa', 'Jason')",uncle,father-daughter-mother-daughter-uncle,"['father', 'daughter', 'mother', 'daughter', 'uncle']","Lisa:female,Stephen:male,Margaret:female,Rosa:female,Jason:male",test
0cbdd9fd-81dc-4d4a-8243-cc3be5087685,"('Ruth', 'Milo')",son-in-law,husband-son-brother-sister-husband,"['husband', 'son', 'brother', 'sister', 'husband']","Ruth:female,Jason:male,Jeff:male,Jeremy:male,Gloria:female,Milo:male",test
33dfa101-7387-43ee-823e-2a5fb8bd4429,"('Jason', 'Diana')",niece,wife-daughter-sister-uncle-daughter,"['wife', 'daughter', 'sister', 'uncle', 'daughter']","Jason:male,Ruth:female,Stephanie:female,Gloria:female,Jonathan:male,Diana:female",test
ca1f6971-ef43-4d69-8b35-51c8c7e48245,"('Lisa', 'Melissa')",sister,sister-sister-father-daughter-sister,"['sister', 'sister', 'father', 'daughter', 'sister']","Lisa:female,Annie:female,Margaret:female,Stephen:male,Melissa:female",test
c57efb98-18b6-4fd7-8bbf-eab8a9067b19,"('Stephen', 'Stephanie')",niece,daughter-grandmother-daughter-husband-daughter,"['daughter', 'grandmother', 'daughter', 'husband', 'daughter']","Stephen:male,Lisa:female,Laura:female,Ruth:female,Jason:male,Stephanie:female",test
f039fa83-86c8-45ae-a8ef-e67ad47d658d,"('Sheila', 'Rosa')",aunt,brother-mother-son-sister-aunt,"['brother', 'mother', 'son', 'sister', 'aunt']","Sheila:female,William:male,Cristina:female,Diana:female,Rosa:female",test
dc5a0374-5010-48cc-a6b0-0494e782447c,"('Cristina', 'Seth')",father-in-law,husband-son-sister-sister-grandfather,"['husband', 'son', 'sister', 'sister', 'grandfather']","Cristina:female,Jonathan:male,William:male,Sheila:female,Traci:female,Seth:male",test
6768e6b3-cb40-47ec-a598-522c6162069f,"('Christian', 'Annie')",niece,daughter-brother-mother-sister-daughter,"['daughter', 'brother', 'mother', 'sister', 'daughter']","Christian:male,Nichole:female,Sean:male,Evelyn:female,Rosa:female,Annie:female",test
7dcb030f-f634-4c97-9281-96f42f6166f0,"('Margaret', 'Laura')",grandmother,sister-father-daughter-mother-mother,"['sister', 'father', 'daughter', 'mother', 'mother']","Margaret:female,Lisa:female,Stephen:male,Melissa:female,Rosa:female,Laura:female",test
d49f0f1c-b700-4007-9f2e-ea4fff4e0c4f,"('Nichole', 'Cristina')",aunt,mother-husband-son-father-sister,"['mother', 'husband', 'son', 'father', 'sister']","Nichole:female,Evelyn:female,Christian:male,Darren:male,Cristina:female",test
e4adb84c-b66f-4ee8-bb0a-8395878993f2,"('Laura', 'Diana')",granddaughter,son-daughter-uncle-daughter-sister,"['son', 'daughter', 'uncle', 'daughter', 'sister']","Laura:female,Stephen:male,Annie:female,Jonathan:male,Sheila:female,Diana:female",test
1ca920d5-6719-4cf6-a55f-6965488f295b,"('Kimberley', 'Frank')",uncle,sister-father-mother-son,"['sister', 'father', 'mother', 'son']","Kimberley:female,Anne:female,Richard:male,Nicole:female,Frank:male",test
1f22db14-1feb-4354-8905-0c1f89ba178b,"('Jenny', 'Anne')",daughter,husband-daughter-sister-sister,"['husband', 'daughter', 'sister', 'sister']","Jenny:female,Richard:male,Kimberley:female,Mary:female,Anne:female",test
4fd96bca-de3b-4737-89e1-f1b8a45c6324,"('Beverly', 'Richard')",uncle,brother-father-sister-brother,"['brother', 'father', 'sister', 'brother']","Beverly:female,Charles:male,Frank:male,April:female,Richard:male",test
6029341e-cecf-404c-99f0-1c5f88c3ff65,"('Valerie', 'Stanley')",father,sister-daughter-grandfather,"['sister', 'daughter', 'grandfather']","Valerie:female,Michelle:female,Angela:female,Stanley:male",test
0de7c2c5-1150-49c5-8e9a-d5d2c7d9a5df,"('Molly', 'Craig')",grandson,husband-grandson-brother,"['husband', 'grandson', 'brother']","Molly:female,Stanley:male,Sidney:male,Craig:male",test
34c68308-fcfd-45cd-b2f8-851081b39c4c,"('Michelle', 'Stanley')",father,son-father-father,"['son', 'father', 'father']","Michelle:female,Kirk:male,Michael:male,Stanley:male",test
7a621d8f-9b0b-4c0d-bde8-85303190ded5,"('Molly', 'Karen')",granddaughter,daughter-husband-daughter,"['daughter', 'husband', 'daughter']","Molly:female,Marian:female,Elliott:male,Karen:female",test
51092c09-d012-4fcd-a679-7ecf4f103965,"('Alan', 'Molly')",mother,wife-son-grandmother,"['wife', 'son', 'grandmother']","Alan:male,Valerie:female,Clarence:male,Molly:female",test
dd385c8a-252d-40e4-8fad-3e128c9a6698,"('Michael', 'Stanley')",father,son-brother-grandfather,"['son', 'brother', 'grandfather']","Michael:male,Kirk:male,Thomas:male,Stanley:male",test
365c381f-7b50-45a3-89ed-a23eae5b1564,"('Alan', 'Molly')",mother,son-mother-mother,"['son', 'mother', 'mother']","Alan:male,Clarence:male,Valerie:female,Molly:female",test
9f8b9d4a-d21c-4ea5-aa01-fe96445b96b1,"('Michael', 'Molly')",mother,son-mother-mother,"['son', 'mother', 'mother']","Michael:male,Thomas:male,Michelle:female,Molly:female",test
1d4ca957-ae92-4ffb-8949-521fed785ecc,"('Michelle', 'Stanley')",father,son-father-father,"['son', 'father', 'father']","Michelle:female,Kirk:male,Michael:male,Stanley:male",test
3f3d572d-557f-403b-a6d8-d05f5ceef853,"('Molly', 'Venita')",granddaughter,daughter-husband-daughter,"['daughter', 'husband', 'daughter']","Molly:female,Valerie:female,Alan:male,Venita:female",test
5ff4a1e0-b64e-47e4-a5ae-d214fab4e324,"('James', 'Molly')",mother-in-law,wife-son-grandmother,"['wife', 'son', 'grandmother']","James:male,Sandra:female,Matthew:male,Molly:female",test
3236fd55-9c66-444f-b394-21db0e6be745,"('Stanley', 'Eunice')",granddaughter,daughter-husband-daughter,"['daughter', 'husband', 'daughter']","Stanley:male,Valerie:female,Alan:male,Eunice:female",test
a55e4fde-b202-4385-b8ce-3343645070dc,"('Christian', 'Traci')",niece,mother-daughter-brother-wife-daughter,"['mother', 'daughter', 'brother', 'wife', 'daughter']","Christian:male,Laura:female,Ruth:female,Jonathan:male,Cristina:female,Traci:female",test
5f90beec-b427-45f2-9b46-6f774352218b,"('Laura', 'Traci')",granddaughter,daughter-sister-son-uncle-daughter,"['daughter', 'sister', 'son', 'uncle', 'daughter']","Laura:female,Ruth:female,Evelyn:female,Sean:male,Jonathan:male,Traci:female",test
886d20c3-a129-45d3-b511-aafaf593ef34,"('Ruth', 'Jonathan')",brother,sister-sister-brother-sister-brother,"['sister', 'sister', 'brother', 'sister', 'brother']","Ruth:female,Cristina:female,Rosa:female,Christian:male,Jonathan:male",test
ca954b95-9585-4e53-a179-58348f9ef7cb,"('Christina', 'Frank')",uncle,brother-mother-mother-son,"['brother', 'mother', 'mother', 'son']","Christina:female,Timothy:male,Patricia:female,Nicole:female,Frank:male",test
c1a6babf-303e-4b58-9af1-efa7c4710e99,"('Cornelius', 'Charles')",grandson,son-wife-daughter-brother,"['son', 'wife', 'daughter', 'brother']","Cornelius:male,Frank:male,Dorothy:female,Julia:female,Charles:male",test
a86088e0-d813-443c-a70f-3be21a780a93,"('Frank', 'Christine')",niece,mother-daughter-sister-daughter,"['mother', 'daughter', 'sister', 'daughter']","Frank:male,Nicole:female,April:female,Patricia:female,Christine:female",test
02e76889-a324-43b8-b685-c38787e678cf,"('Dorothy', 'Connie')",niece,father-wife-daughter-daughter,"['father', 'wife', 'daughter', 'daughter']","Dorothy:female,Cornelius:male,Nicole:female,Patricia:female,Connie:female",test
18d47d13-833c-46a8-ac42-ba0c12e27fe5,"('Nicole', 'Mary')",granddaughter,daughter-brother-brother-daughter,"['daughter', 'brother', 'brother', 'daughter']","Nicole:female,April:female,William:male,Richard:male,Mary:female",test
02d01063-4481-46ca-b7df-82a8932d5205,"('William', 'Julia')",niece,daughter-grandmother-son-daughter,"['daughter', 'grandmother', 'son', 'daughter']","William:male,Christina:female,Nicole:female,Frank:male,Julia:female",test
14d5f3ab-487b-4496-871a-6378737a77f3,"('Sharon', 'Nicole')",grandmother,sister-mother-sister-mother,"['sister', 'mother', 'sister', 'mother']","Sharon:female,Melba:female,April:female,Patricia:female,Nicole:female",test
4ec3b2ff-04f1-48b1-9d41-f895be82fd8d,"('Jenny', 'Dorothy')",sister,daughter-father-daughter-aunt,"['daughter', 'father', 'daughter', 'aunt']","Jenny:female,Anne:female,Richard:male,Kelley:female,Dorothy:female",test
82ea1ea6-0cba-4cb0-9cc3-f981c4d2672a,"('Richard', 'Rachel')",niece,sister-sister-brother-daughter,"['sister', 'sister', 'brother', 'daughter']","Richard:male,April:female,Patricia:female,Frank:male,Rachel:female",test
526d1f6b-2576-46c4-ae53-c256d9f683e0,"('Arnold', 'Patricia')",mother-in-law,wife-sister-brother-mother,"['wife', 'sister', 'brother', 'mother']","Arnold:male,Connie:female,Christine:female,Timothy:male,Patricia:female",test
75df02f7-7673-4e37-9913-29d2876ce89c,"('Patricia', 'Kelley')",niece,daughter-uncle-wife-daughter,"['daughter', 'uncle', 'wife', 'daughter']","Patricia:female,Christine:female,Richard:male,Jenny:female,Kelley:female",test
000ee848-cb42-49c3-ad54-8b7759338799,"('Richard', 'Melba')",niece,brother-sister-husband-daughter,"['brother', 'sister', 'husband', 'daughter']","Richard:male,William:male,April:female,Benjamin:male,Melba:female",test
53e2156b-396b-48a1-85d1-a706122f6c4b,"('April', 'Frank')",brother,daughter-sister-grandmother-son,"['daughter', 'sister', 'grandmother', 'son']","April:female,Melba:female,Toni:female,Nicole:female,Frank:male",test
5cf302c4-c6a0-49d1-be90-b0c3db3e4ebd,"('Kelley', 'April')",aunt,sister-father-brother-sister,"['sister', 'father', 'brother', 'sister']","Kelley:female,Kimberley:female,Richard:male,Frank:male,April:female",test
afb5fb86-4145-406b-b3fa-11e369109aec,"('Connie', 'Cornelius')",grandfather,brother-sister-mother-father,"['brother', 'sister', 'mother', 'father']","Connie:female,Timothy:male,Christine:female,Patricia:female,Cornelius:male",test
8a19e5b0-1dde-4a77-b39a-faf3154cb8ba,"('William', 'Lucille')",niece,daughter-aunt-daughter-sister,"['daughter', 'aunt', 'daughter', 'sister']","William:male,Christina:female,April:female,Sharon:female,Lucille:female",test
70b7e1b1-dc1e-4fed-b67b-68b89457b984,"('Frank', 'Kelley')",niece,sister-father-son-daughter,"['sister', 'father', 'son', 'daughter']","Frank:male,Patricia:female,Cornelius:male,Richard:male,Kelley:female",test
c61887fc-1673-41c0-a9c2-563dde1217e6,"('Lucille', 'Sharon')",sister,sister-mother-daughter-sister,"['sister', 'mother', 'daughter', 'sister']","Lucille:female,Toni:female,April:female,Sharon:female",test
1bfbf47b-9ace-4285-b133-a0f94c97fa8f,"('Charles', 'Dorothy')",mother,sister-sister-sister-mother,"['sister', 'sister', 'sister', 'mother']","Charles:male,Beverly:female,Rachel:female,Julia:female,Dorothy:female",test
7f113cf0-b92e-4b08-8e22-cecf20a64e4e,"('Anne', 'Patricia')",aunt,sister-father-father-daughter,"['sister', 'father', 'father', 'daughter']","Anne:female,Kimberley:female,Richard:male,Cornelius:male,Patricia:female",test
a9d1d494-35ee-4149-8e61-234b2427364d,"('Beverly', 'Cornelius')",grandfather,brother-sister-father-father,"['brother', 'sister', 'father', 'father']","Beverly:female,Charles:male,Julia:female,Frank:male,Cornelius:male",test
338c86c9-e150-4c97-8ce9-b4e884fe229f,"('Rachel', 'Dorothy')",mother,sister-brother-sister-mother,"['sister', 'brother', 'sister', 'mother']","Rachel:female,Beverly:female,Charles:male,Julia:female,Dorothy:female",test
62b752de-7bf2-4643-82b6-795a9a15d5dd,"('Richard', 'Patricia')",sister,sister-mother-son-sister,"['sister', 'mother', 'son', 'sister']","Richard:male,April:female,Nicole:female,Frank:male,Patricia:female",test
387165ca-4ccd-4240-bdaf-63e5ccef704e,"('April', 'Christina')",niece,daughter-uncle-sister-daughter,"['daughter', 'uncle', 'sister', 'daughter']","April:female,Lucille:female,Frank:male,Patricia:female,Christina:female",test
1bebadad-5538-498c-b11c-a1a128f28fc5,"('Patricia', 'Melba')",niece,sister-sister-daughter-sister,"['sister', 'sister', 'daughter', 'sister']","Patricia:female,Dorothy:female,April:female,Sharon:female,Melba:female",test
aa5dd445-5508-416e-899c-6b1e41921465,"('Cornelius', 'Connie')",granddaughter,daughter-mother-daughter-daughter,"['daughter', 'mother', 'daughter', 'daughter']","Cornelius:male,April:female,Nicole:female,Patricia:female,Connie:female",test
5ad795f0-b09d-4902-bf4f-420a083ef909,"('April', 'Charles')",nephew,sister-brother-daughter-brother,"['sister', 'brother', 'daughter', 'brother']","April:female,Jenny:female,Frank:male,Beverly:female,Charles:male",test
db30abff-5b97-4f96-9fd7-41a0dbf2d5df,"('Christine', 'Nicole')",grandmother,mother-son-sister-grandmother,"['mother', 'son', 'sister', 'grandmother']","Christine:female,Patricia:female,Timothy:male,Christina:female,Nicole:female",test
f36082d2-707e-4e59-a6b5-4dd82136c7f9,"('Nicole', 'Anne')",granddaughter,husband-son-daughter-sister,"['husband', 'son', 'daughter', 'sister']","Nicole:female,Cornelius:male,Richard:male,Kimberley:female,Anne:female",test
dbf1b96c-6b2f-4f04-8bab-8ca68692f034,"('Cornelius', 'Toni')",granddaughter,son-sister-husband-daughter,"['son', 'sister', 'husband', 'daughter']","Cornelius:male,Richard:male,April:female,Benjamin:male,Toni:female",test
1f4fa2c8-e011-43ac-a972-5cd44146f3d4,"('Frank', 'Cornelius')",father,son-sister-mother-father,"['son', 'sister', 'mother', 'father']","Frank:male,Charles:male,Rachel:female,Dorothy:female,Cornelius:male",test
5067e33e-799c-49ff-be12-7c3619f0baf1,"('Rosa', 'Stephanie')",niece,daughter-aunt-daughter-brother-sister,"['daughter', 'aunt', 'daughter', 'brother', 'sister']","Rosa:female,Annie:female,Ruth:female,Gloria:female,Jeremy:male,Stephanie:female",test
1bd10b48-9405-4de4-b47b-9e945459a402,"('Sheila', 'Cristina')",mother,father-daughter-sister-brother-mother,"['father', 'daughter', 'sister', 'brother', 'mother']","Sheila:female,Jonathan:male,Traci:female,Diana:female,William:male,Cristina:female",test
e7b3a2e7-e783-474f-92e2-d4446cce795c,"('Ruth', 'Jeff')",son,husband-daughter-sister-brother-brother,"['husband', 'daughter', 'sister', 'brother', 'brother']","Ruth:female,Jason:male,Gloria:female,Stephanie:female,Jeremy:male,Jeff:male",test
06b7bcc8-d304-428b-ac49-a4c5a18548f9,"('Sean', 'Cristina')",aunt,father-son-sister-mother-sister,"['father', 'son', 'sister', 'mother', 'sister']","Sean:male,Christian:male,Darren:male,Nichole:female,Evelyn:female,Cristina:female",test
ae6852af-acfb-4eb0-b629-549e3e51dca6,"('Rosa', 'William')",nephew,daughter-father-brother-wife-son,"['daughter', 'father', 'brother', 'wife', 'son']","Rosa:female,Margaret:female,Stephen:male,Jonathan:male,Cristina:female,William:male",test
fcad10c2-5c02-4f08-8a63-13c2e38c6f12,"('Seth', 'Sheila')",granddaughter,son-brother-daughter-brother-sister,"['son', 'brother', 'daughter', 'brother', 'sister']","Seth:male,Jason:male,Jonathan:male,Diana:female,William:male,Sheila:female",test
ce6a1a57-ca51-44a1-b145-9fc3d698ba36,"('Evelyn', 'Cristina')",sister,son-sister-father-daughter-aunt,"['son', 'sister', 'father', 'daughter', 'aunt']","Evelyn:female,Sean:male,Nichole:female,Christian:male,Pennie:female,Cristina:female",test
6d7f2077-c6aa-4c8a-8757-872db9cf0c89,"('Annie', 'Seth')",grandfather,father-daughter-sister-mother-father,"['father', 'daughter', 'sister', 'mother', 'father']","Annie:female,Stephen:male,Margaret:female,Melissa:female,Rosa:female,Seth:male",test
45c4609b-8e1f-4dc4-9364-85cc08afb38a,"('Jeremy', 'Ruth')",mother,brother-sister-father-daughter-mother,"['brother', 'sister', 'father', 'daughter', 'mother']","Jeremy:male,Jeff:male,Gloria:female,Jason:male,Stephanie:female,Ruth:female",test
8d697855-790b-4618-9541-64093db5bac5,"('Jeff', 'Gloria')",sister,brother-mother-daughter-brother-sister,"['brother', 'mother', 'daughter', 'brother', 'sister']","Jeff:male,Jeremy:male,Ruth:female,Stephanie:female,Gloria:female",test
3d048db1-5c89-4349-9912-86e1a493e5ff,"('Ruth', 'Gloria')",daughter,son-brother-sister-father-daughter,"['son', 'brother', 'sister', 'father', 'daughter']","Ruth:female,Jeff:male,Jeremy:male,Stephanie:female,Jason:male,Gloria:female",test
26c18f95-848a-4f4e-b17e-905961a61d00,"('Jonathan', 'Diana')",daughter,daughter-mother-daughter-brother-sister,"['daughter', 'mother', 'daughter', 'brother', 'sister']","Jonathan:male,Traci:female,Cristina:female,Sheila:female,William:male,Diana:female",test
046c5373-f233-4eb4-874f-31b3bbd0b6f0,"('Laura', 'Darren')",grandson,daughter-brother-daughter-uncle-son,"['daughter', 'brother', 'daughter', 'uncle', 'son']","Laura:female,Rosa:female,Jonathan:male,Traci:female,Christian:male,Darren:male",test
ad04f8ca-3a10-4b7e-bf06-987c653c9a75,"('Jonathan', 'Jason')",brother,wife-daughter-sister-brother-uncle,"['wife', 'daughter', 'sister', 'brother', 'uncle']","Jonathan:male,Cristina:female,Diana:female,Sheila:female,William:male,Jason:male",test
ff8e7040-5ba8-4ed2-aa25-5b2d16ef7f1c,"('Margaret', 'Annie')",sister,sister-father-daughter-mother-daughter,"['sister', 'father', 'daughter', 'mother', 'daughter']","Margaret:female,Melissa:female,Stephen:male,Rosa:female,Annie:female",test
f4f140f6-a2d1-48ed-8188-9272a9367f11,"('Jason', 'Jonathan')",brother,daughter-brother-brother-mother-brother,"['daughter', 'brother', 'brother', 'mother', 'brother']","Jason:male,Stephanie:female,Jeff:male,Jeremy:male,Ruth:female,Jonathan:male",test
2574dde3-4d75-4e3c-b5ec-bcf17f971d6f,"('Rosa', 'Cristina')",sister,daughter-sister-father-daughter-aunt,"['daughter', 'sister', 'father', 'daughter', 'aunt']","Rosa:female,Margaret:female,Melissa:female,Stephen:male,Lisa:female,Cristina:female",test
13886eac-c2df-4cf2-aca4-d3cc6354124a,"('Jonathan', 'Rosa')",sister,daughter-sister-sister-mother-sister,"['daughter', 'sister', 'sister', 'mother', 'sister']","Jonathan:male,Diana:female,Sheila:female,Traci:female,Cristina:female,Rosa:female",test
c00122c1-4483-49d6-a5ae-e3731e516c19,"('Anne', 'Frank')",uncle,mother-mother-husband-son,"['mother', 'mother', 'husband', 'son']","Anne:female,Jenny:female,Nicole:female,Cornelius:male,Frank:male",test
2aedcc3b-415e-4c9c-98e7-7e2d1828e221,"('Kimberley', 'Nicole')",grandmother,sister-sister-mother-mother,"['sister', 'sister', 'mother', 'mother']","Kimberley:female,Kelley:female,Anne:female,Jenny:female,Nicole:female",test
b8887d79-d7ff-4651-9c5d-ea8858eaa3a6,"('Jenny', 'Toni')",niece,father-daughter-daughter-sister,"['father', 'daughter', 'daughter', 'sister']","Jenny:female,Cornelius:male,April:female,Sharon:female,Toni:female",test
454f0d2f-19ea-414b-80f0-ddc028950b85,"('Nicole', 'Connie')",granddaughter,daughter-son-sister-sister,"['daughter', 'son', 'sister', 'sister']","Nicole:female,Patricia:female,Timothy:male,Christine:female,Connie:female",test
22777421-bac3-4dce-9048-ab3a56e1e9f3,"('April', 'Beverly')",niece,brother-sister-brother-daughter,"['brother', 'sister', 'brother', 'daughter']","April:female,Richard:male,Patricia:female,Frank:male,Beverly:female",test
1d458ddb-017d-4f23-b18c-05a487159801,"('Connie', 'William')",father,sister-sister-brother-father,"['sister', 'sister', 'brother', 'father']","Connie:female,Christina:female,Christine:female,Timothy:male,William:male",test
5f118ef5-8983-4d79-9da0-39e2c397def2,"('Melba', 'Dorothy')",aunt,sister-mother-father-daughter,"['sister', 'mother', 'father', 'daughter']","Melba:female,Sharon:female,April:female,Cornelius:male,Dorothy:female",test
3fb1bc7e-6e4e-428c-b8d7-f31919d824ce,"('Jenny', 'Connie')",niece,daughter-grandfather-daughter-daughter,"['daughter', 'grandfather', 'daughter', 'daughter']","Jenny:female,Anne:female,Cornelius:male,Patricia:female,Connie:female",test
137a1b55-8c75-4c85-acc4-a6e80f223ee3,"('Dorothy', 'Patricia')",sister,daughter-grandmother-husband-daughter,"['daughter', 'grandmother', 'husband', 'daughter']","Dorothy:female,Julia:female,Nicole:female,Cornelius:male,Patricia:female",test
f4c3083e-3b82-4c9b-aac8-1553cdc08207,"('Nicole', 'William')",son,daughter-father-son-brother,"['daughter', 'father', 'son', 'brother']","Nicole:female,Jenny:female,Cornelius:male,Frank:male,William:male",test
fd195e6a-d287-4696-928f-0c7c7620e95b,"('Cornelius', 'Kimberley')",granddaughter,son-brother-brother-daughter,"['son', 'brother', 'brother', 'daughter']","Cornelius:male,Frank:male,William:male,Richard:male,Kimberley:female",test
836b4658-2a2e-447e-b75e-25f52489e2b9,"('William', 'Timothy')",son,daughter-sister-sister-brother,"['daughter', 'sister', 'sister', 'brother']","William:male,Christina:female,Christine:female,Connie:female,Timothy:male",test
118fc9f0-f136-4475-8db6-7cfc2f62c92e,"('Sharon', 'Dorothy')",aunt,sister-mother-mother-daughter,"['sister', 'mother', 'mother', 'daughter']","Sharon:female,Melba:female,April:female,Nicole:female,Dorothy:female",test
0ab3b468-627a-47e7-8059-73915c24abba,"('Stephanie', 'Seth')",grandfather,brother-mother-brother-daughter-grandfather,"['brother', 'mother', 'brother', 'daughter', 'grandfather']","Stephanie:female,Jeremy:male,Ruth:female,Jonathan:male,Diana:female,Seth:male",test
6b774ec5-d47d-45dd-ad24-e17d6a62c419,"('Seth', 'Diana')",granddaughter,son-daughter-brother-mother-daughter,"['son', 'daughter', 'brother', 'mother', 'daughter']","Seth:male,Jonathan:male,Sheila:female,William:male,Cristina:female,Diana:female",test
eb5546a1-9fa3-4730-8eec-164551122687,"('Traci', 'Rosa')",aunt,sister-father-brother-brother-sister,"['sister', 'father', 'brother', 'brother', 'sister']","Traci:female,Diana:female,Jonathan:male,Jason:male,Christian:male,Rosa:female",test
c7df321b-ac95-4d51-9625-55de83decbc8,"('Cristina', 'Jeff')",nephew,daughter-sister-aunt-son-brother,"['daughter', 'sister', 'aunt', 'son', 'brother']","Cristina:female,Sheila:female,Traci:female,Ruth:female,Jeremy:male,Jeff:male",test
f1cabc16-c16e-401b-ad32-8f555143d6ec,"('Ruth', 'Melissa')",niece,brother-son-grandmother-daughter-daughter,"['brother', 'son', 'grandmother', 'daughter', 'daughter']","Ruth:female,Christian:male,Sean:male,Laura:female,Rosa:female,Melissa:female",test
eab57314-aee6-466d-8ece-14d68905549f,"('Melissa', 'Evelyn')",aunt,father-daughter-sister-sister-aunt,"['father', 'daughter', 'sister', 'sister', 'aunt']","Melissa:female,Stephen:male,Margaret:female,Annie:female,Evelyn:female",test
b9e51861-d889-416c-851b-cfdce6ccfd99,"('Laura', 'Margaret')",granddaughter,son-sister-father-daughter-daughter,"['son', 'sister', 'father', 'daughter', 'daughter']","Laura:female,Stephen:male,Ruth:female,Seth:male,Rosa:female,Margaret:female",test
4ad52836-7c49-42fe-aff3-db7055b8d4cf,"('Nichole', 'Stephen')",uncle,brother-mother-daughter-brother-uncle,"['brother', 'mother', 'daughter', 'brother', 'uncle']","Nichole:female,Darren:male,Evelyn:female,Pennie:female,Stephen:male",test
8208ad64-36c1-46ab-915d-98f11ffa8f79,"('Evelyn', 'Stephanie')",niece,daughter-brother-grandmother-daughter-daughter,"['daughter', 'brother', 'grandmother', 'daughter', 'daughter']","Evelyn:female,Nichole:female,Darren:male,Laura:female,Ruth:female,Stephanie:female",test
a1ebab77-952a-44be-bb17-89041db392b3,"('William', 'Laura')",grandmother,sister-father-daughter-sister-grandmother,"['sister', 'father', 'daughter', 'sister', 'grandmother']","William:male,Traci:female,Jonathan:male,Sheila:female,Laura:female",test
02c18002-c57a-484e-9499-94abd754d12b,"('Cristina', 'Margaret')",niece,brother-sister-husband-daughter-sister,"['brother', 'sister', 'husband', 'daughter', 'sister']","Cristina:female,Christian:male,Rosa:female,Stephen:male,Lisa:female,Margaret:female",test
f03d7f4e-ace6-4d22-ad50-2ff11958ea24,"('Jason', 'Stephen')",brother,son-mother-husband-son-uncle,"['son', 'mother', 'husband', 'son', 'uncle']","Jason:male,Jeremy:male,Ruth:female,Jeff:male,Stephen:male",test
9463fc74-4fc7-434c-82a1-31d5c9553898,"('Rosa', 'Jeff')",nephew,sister-husband-daughter-sister-brother,"['sister', 'husband', 'daughter', 'sister', 'brother']","Rosa:female,Ruth:female,Jason:male,Stephanie:female,Gloria:female,Jeff:male",test
c73ab339-33a1-42d6-a85b-0e779b42b35b,"('Christian', 'Melissa')",niece,son-sister-grandmother-daughter-daughter,"['son', 'sister', 'grandmother', 'daughter', 'daughter']","Christian:male,Darren:male,Pennie:female,Laura:female,Rosa:female,Melissa:female",test
e29cdab7-0562-46ef-8d02-96dedc3e51a1,"('Seth', 'Gloria')",granddaughter,son-brother-sister-son-sister,"['son', 'brother', 'sister', 'son', 'sister']","Seth:male,Jonathan:male,Christian:male,Ruth:female,Jeff:male,Gloria:female",test
5f7123f6-ce8a-461e-b67f-a759fd60c00d,"('Rosa', 'Traci')",niece,daughter-father-mother-son-daughter,"['daughter', 'father', 'mother', 'son', 'daughter']","Rosa:female,Margaret:female,Stephen:male,Laura:female,Jonathan:male,Traci:female",test
e20e4046-5f1f-4ba4-8b95-23cec1ba26c3,"('Evelyn', 'Jill')",daughter-in-law,daughter-brother-father-son-wife,"['daughter', 'brother', 'father', 'son', 'wife']","Evelyn:female,Nichole:female,Sean:male,Christian:male,Darren:male,Jill:female",test
b324e135-6f59-40a9-bde7-336625b46bc1,"('Sheila', 'Laura')",grandmother,mother-daughter-father-son-grandmother,"['mother', 'daughter', 'father', 'son', 'grandmother']","Sheila:female,Cristina:female,Diana:female,Jonathan:male,William:male,Laura:female",test
80c9dc64-bd02-487a-b6b0-dabb0a924ecf,"('Cristina', 'Christian')",brother,brother-son-grandfather-son-brother,"['brother', 'son', 'grandfather', 'son', 'brother']","Cristina:female,Jason:male,Jeff:male,Seth:male,Stephen:male,Christian:male",test
49126c95-8093-4707-b394-85b964340284,"('Rosa', 'Nichole')",niece,father-son-brother-brother-daughter,"['father', 'son', 'brother', 'brother', 'daughter']","Rosa:female,Seth:male,Stephen:male,Jason:male,Christian:male,Nichole:female",test
f6279f8e-264c-44b9-b726-877bbde86ce8,"('Laura', 'Jonathan')",son,husband-daughter-brother-brother-brother,"['husband', 'daughter', 'brother', 'brother', 'brother']","Laura:female,Seth:male,Rosa:female,Jason:male,Christian:male,Jonathan:male",test
db69c8c4-ebe4-4e3c-8063-70ae4721ee2f,"('Margaret', 'Seth')",grandfather,sister-sister-mother-daughter-grandfather,"['sister', 'sister', 'mother', 'daughter', 'grandfather']","Margaret:female,Annie:female,Melissa:female,Rosa:female,Seth:male",test
24909e65-990b-4ff1-b4a4-5f8866def7ca,"('Diana', 'Stephen')",uncle,mother-daughter-father-father-son,"['mother', 'daughter', 'father', 'father', 'son']","Diana:female,Cristina:female,Sheila:female,Jonathan:male,Seth:male,Stephen:male",test
f31b377b-762c-4282-bf8f-890b09879571,"('Pennie', 'Darren')",brother,brother-sister-father-daughter-brother,"['brother', 'sister', 'father', 'daughter', 'brother']","Pennie:female,Sean:male,Nichole:female,Christian:male,Darren:male",test
c27b4dd8-b813-4465-9a2d-3e5fd1f406bc,"('Annie', 'Ruth')",aunt,sister-mother-daughter-mother-sister,"['sister', 'mother', 'daughter', 'mother', 'sister']","Annie:female,Melissa:female,Rosa:female,Lisa:female,Ruth:female",test
9b47efc2-b55e-4a7b-a6b6-b9264a66f4f5,"('Lisa', 'Laura')",grandmother,sister-mother-daughter-father-mother,"['sister', 'mother', 'daughter', 'father', 'mother']","Lisa:female,Melissa:female,Rosa:female,Stephen:male,Laura:female",test
7b888a22-5f22-4c49-b2c5-5f8980fddcd8,"('Jason', 'Rosa')",sister,daughter-brother-brother-sister-aunt,"['daughter', 'brother', 'brother', 'sister', 'aunt']","Jason:male,Stephanie:female,Jeremy:male,Jeff:male,Gloria:female,Rosa:female",test
8815fc96-d7b6-4d14-9fec-2e988ea1df0f,"('Laura', 'Evelyn')",daughter,daughter-father-son-brother-sister,"['daughter', 'father', 'son', 'brother', 'sister']","Laura:female,Ruth:female,Seth:male,Jason:male,Jonathan:male,Evelyn:female",test
33aa989e-6c67-4b94-9e88-213403508850,"('Jeremy', 'Jonathan')",uncle,mother-mother-daughter-sister-brother,"['mother', 'mother', 'daughter', 'sister', 'brother']","Jeremy:male,Ruth:female,Laura:female,Evelyn:female,Rosa:female,Jonathan:male",test
5c1e5f47-65e1-42ce-82f6-c9616a580bfc,"('William', 'Stephen')",uncle,sister-father-daughter-sister-uncle,"['sister', 'father', 'daughter', 'sister', 'uncle']","William:male,Sheila:female,Jonathan:male,Traci:female,Diana:female,Stephen:male",test
13ffc182-ca28-46a9-99fe-d2f169e8f5d2,"('Traci', 'Jason')",uncle,sister-sister-brother-father-brother,"['sister', 'sister', 'brother', 'father', 'brother']","Traci:female,Sheila:female,Diana:female,William:male,Jonathan:male,Jason:male",test
30021831-2456-480c-95e9-b4332a4e889a,"('Dorothy', 'David')",son-in-law,son-sister-sister-husband,"['son', 'sister', 'sister', 'husband']","Dorothy:female,Charles:male,Julia:female,Rachel:female,David:male",test
d3a25546-b1da-4e1d-b25f-53123cfb78a4,"('Jenny', 'Philip')",son-in-law,daughter-sister-sister-husband,"['daughter', 'sister', 'sister', 'husband']","Jenny:female,Kelley:female,Mary:female,Anne:female,Philip:male",test
ec2247af-4a7f-4ff7-bafe-3127cf42b970,"('Benjamin', 'Beverly')",niece,brother-wife-son-sister,"['brother', 'wife', 'son', 'sister']","Benjamin:male,Frank:male,Dorothy:female,Charles:male,Beverly:female",test
ac51438e-4e10-4360-970a-9572343bf3a8,"('Dorothy', 'Christina')",niece,sister-son-sister-sister,"['sister', 'son', 'sister', 'sister']","Dorothy:female,Patricia:female,Timothy:male,Christine:female,Christina:female",test
f55f68c8-699d-4058-8e9d-4ec6195b5413,"('Patricia', 'Cornelius')",father,daughter-father-daughter-grandfather,"['daughter', 'father', 'daughter', 'grandfather']","Patricia:female,Christine:female,William:male,Connie:female,Cornelius:male",test
f2743193-6ee1-4967-b796-a88f6922250a,"('Christina', 'Patricia')",mother,sister-father-daughter-mother,"['sister', 'father', 'daughter', 'mother']","Christina:female,Connie:female,William:male,Christine:female,Patricia:female",test
1abedd72-7156-496d-b4e5-3475891957da,"('William', 'Charles')",nephew,brother-wife-daughter-brother,"['brother', 'wife', 'daughter', 'brother']","William:male,Frank:male,Dorothy:female,Rachel:female,Charles:male",test
2340f1d1-bdb4-4e7b-8d3a-6331885f4a53,"('Melba', 'April')",mother,father-daughter-sister-mother,"['father', 'daughter', 'sister', 'mother']","Melba:female,Benjamin:male,Lucille:female,Toni:female,April:female",test
10b56fdd-9206-4d2e-b0d2-9f78e062aeb3,"('Donald', 'Dorothy')",mother-in-law,wife-father-daughter-mother,"['wife', 'father', 'daughter', 'mother']","Donald:male,Beverly:female,Frank:male,Rachel:female,Dorothy:female",test
9da452a6-fed6-4adf-a706-7dbd7b71753a,"('Dorothy', 'Anne')",niece,brother-daughter-sister-sister,"['brother', 'daughter', 'sister', 'sister']","Dorothy:female,Richard:male,Kelley:female,Kimberley:female,Anne:female",test
f842002f-a0b5-46ba-8656-c703a2702af0,"('Richard', 'Beverly')",niece,brother-son-sister-sister,"['brother', 'son', 'sister', 'sister']","Richard:male,Frank:male,Charles:male,Rachel:female,Beverly:female",test
15063761-61d5-4bc5-aed1-1d5cc58ec1a5,"('Lucille', 'Nicole')",grandmother,mother-brother-brother-mother,"['mother', 'brother', 'brother', 'mother']","Lucille:female,April:female,William:male,Frank:male,Nicole:female",test
24ad77ee-f938-42b7-9b01-fb90e2fc90b5,"('Nicole', 'Richard')",son,daughter-daughter-sister-uncle,"['daughter', 'daughter', 'sister', 'uncle']","Nicole:female,Dorothy:female,Beverly:female,Rachel:female,Richard:male",test
4c86ee86-02c2-4a55-858a-c6dbbb9a0e90,"('Michael', 'Stanley')",father,son-brother-grandfather,"['son', 'brother', 'grandfather']","Michael:male,Thomas:male,Jeremy:male,Stanley:male",test
d7e1ac20-9cdd-4d3a-acd7-f5781acb34fd,"('James', 'Jenny')",mother-in-law,wife-sister-sister-mother,"['wife', 'sister', 'sister', 'mother']","James:male,Kimberley:female,Kelley:female,Anne:female,Jenny:female",test
4ade8dc8-cdc8-44de-b693-60e655702998,"('Connie', 'April')",aunt,mother-mother-son-sister,"['mother', 'mother', 'son', 'sister']","Connie:female,Patricia:female,Nicole:female,Richard:male,April:female",test
e47bdf95-9dc5-4fba-8d42-51c65fff5396,"('Evelyn', 'Diana')",niece,son-father-brother-wife-daughter,"['son', 'father', 'brother', 'wife', 'daughter']","Evelyn:female,Darren:male,Christian:male,Jonathan:male,Cristina:female,Diana:female",test
1eb91d33-7f56-44cd-9288-86dc15632ead,"('Anne', 'Nicole')",grandmother,father-daughter-sister-grandmother,"['father', 'daughter', 'sister', 'grandmother']","Anne:female,Richard:male,Mary:female,Kelley:female,Nicole:female",test
4610d988-9229-4d97-baf7-24532a37c16d,"('Jonathan', 'Annie')",niece,father-daughter-husband-daughter-sister,"['father', 'daughter', 'husband', 'daughter', 'sister']","Jonathan:male,Seth:male,Rosa:female,Stephen:male,Margaret:female,Annie:female",test
061da62d-e799-4e56-91b7-b7a52bb83790,"('Ruth', 'Laura')",mother,son-brother-father-son-grandmother,"['son', 'brother', 'father', 'son', 'grandmother']","Ruth:female,Jeremy:male,Jeff:male,Jason:male,Laura:female",test
cfe4d4a9-42e7-4c28-8211-ef0624f252de,"('Gloria', 'Jason')",father,sister-mother-daughter-brother-father,"['sister', 'mother', 'daughter', 'brother', 'father']","Gloria:female,Stephanie:female,Ruth:female,Jeremy:male,Jason:male",test
1289ebe3-26d2-4204-b8d8-6697d15b2e55,"('Sheila', 'William')",brother,father-daughter-brother-sister-brother,"['father', 'daughter', 'brother', 'sister', 'brother']","Sheila:female,Jonathan:male,Diana:female,William:male,Traci:female",test
de8e4c2c-f569-44df-bd5e-d9fec9609bd6,"('Ruth', 'Stephen')",brother,husband-son-sister-father-brother,"['husband', 'son', 'sister', 'father', 'brother']","Ruth:female,Jason:male,Jeremy:male,Gloria:female,Stephen:male",test
b024a934-60ee-4685-9d01-a5db2ad9b334,"('Cristina', 'Darren')",nephew,husband-daughter-uncle-daughter-brother,"['husband', 'daughter', 'uncle', 'daughter', 'brother']","Cristina:female,Jonathan:male,Diana:female,Christian:male,Pennie:female,Darren:male",test
6bbb569d-df05-4538-8ac4-b52a929a8239,"('Christian', 'Stephanie')",niece,sister-son-mother-son-sister,"['sister', 'son', 'mother', 'son', 'sister']","Christian:male,Ruth:female,Jeremy:male,Jeff:male,Stephanie:female",test
420fd65b-1e7f-4311-9b73-0c6fe59a391a,"('Laura', 'Nichole')",granddaughter,son-brother-brother-son-sister,"['son', 'brother', 'brother', 'son', 'sister']","Laura:female,Jonathan:male,Stephen:male,Christian:male,Darren:male,Nichole:female",test
ae8eb31e-a33e-4328-9856-c889ce4c61d0,"('Melissa', 'Stephen')",father,sister-mother-daughter-sister-father,"['sister', 'mother', 'daughter', 'sister', 'father']","Melissa:female,Margaret:female,Rosa:female,Lisa:female,Annie:female,Stephen:male",test
af0eb9ff-f81b-4f5e-a6fa-b54f0d51b4e0,"('Nichole', 'Evelyn')",mother,father-son-sister-brother-mother,"['father', 'son', 'sister', 'brother', 'mother']","Nichole:female,Christian:male,Darren:male,Pennie:female,Sean:male,Evelyn:female",test
dea7ade2-fe56-4433-85bb-f5bce8789e1c,"('Cornelius', 'Mary')",granddaughter,daughter-sister-brother-daughter,"['daughter', 'sister', 'brother', 'daughter']","Cornelius:male,Patricia:female,April:female,Richard:male,Mary:female",test
ddbdab26-10bf-4c1b-92a8-2402f72f14da,"('Cristina', 'Melissa')",niece,son-aunt-daughter-sister-sister,"['son', 'aunt', 'daughter', 'sister', 'sister']","Cristina:female,William:male,Rosa:female,Annie:female,Lisa:female,Melissa:female",test
79e7f006-8383-4544-81f1-e37b43388828,"('Michelle', 'Stanley')",father,sister-daughter-grandfather,"['sister', 'daughter', 'grandfather']","Michelle:female,Marian:female,Darnell:female,Stanley:male",test
52c34118-d6b8-43d3-8394-521da43d4c5f,"('Michael', 'Stanley')",father,son-brother-grandfather,"['son', 'brother', 'grandfather']","Michael:male,Thomas:male,Jeremy:male,Stanley:male",test
f2ee8bf0-f70c-4e54-af8a-c60bb35d7318,"('Frank', 'Richard')",brother,son-sister-sister-uncle,"['son', 'sister', 'sister', 'uncle']","Frank:male,Charles:male,Rachel:female,Beverly:female,Richard:male",test
ae3c9c5a-6d67-4edf-81fc-c457e446f918,"('Christine', 'Frank')",uncle,sister-mother-daughter-uncle,"['sister', 'mother', 'daughter', 'uncle']","Christine:female,Connie:female,Patricia:female,Frank:male",test
0af42371-b9a2-4ae9-9341-40c4606b0507,"('Cornelius', 'Beverly')",granddaughter,daughter-brother-daughter-sister,"['daughter', 'brother', 'daughter', 'sister']","Cornelius:male,April:female,Frank:male,Julia:female,Beverly:female",test
3f7eacb7-96eb-4a2a-8a6b-36f643ac3dee,"('Jenny', 'Benjamin')",brother,daughter-father-daughter-uncle,"['daughter', 'father', 'daughter', 'uncle']","Jenny:female,Anne:female,Richard:male,Kimberley:female,Benjamin:male",test
6a5fc2ff-ac3b-4f3e-89ff-935f6568126f,"('Alan', 'Stanley')",father,sister-daughter-grandfather,"['sister', 'daughter', 'grandfather']","Alan:male,Marian:female,Karen:female,Stanley:male",test
9ac2c6be-6b84-4c8e-9a02-85589dd1b0df,"('William', 'Frank')",brother,son-sister-mother-brother,"['son', 'sister', 'mother', 'brother']","William:male,Timothy:male,Connie:female,Patricia:female,Frank:male",test
98746bf1-5564-4bfc-8eb9-accc480e2828,"('Nicole', 'Julia')",granddaughter,daughter-daughter-uncle-daughter,"['daughter', 'daughter', 'uncle', 'daughter']","Nicole:female,April:female,Melba:female,Frank:male,Julia:female",test
5fcf4080-69ed-4d17-88a9-a44c047b0561,"('Christine', 'Benjamin')",uncle,brother-mother-daughter-uncle,"['brother', 'mother', 'daughter', 'uncle']","Christine:female,Timothy:male,Patricia:female,Connie:female,Benjamin:male",test
e9668d08-46b6-41a9-b9fe-7a900d5b6d6b,"('Cornelius', 'Melba')",granddaughter,son-daughter-aunt-daughter,"['son', 'daughter', 'aunt', 'daughter']","Cornelius:male,Richard:male,Anne:female,April:female,Melba:female",test
d3d7cc6b-e2be-41ee-b799-21c7bbc480c1,"('Christine', 'Cornelius')",grandfather,sister-mother-daughter-grandfather,"['sister', 'mother', 'daughter', 'grandfather']","Christine:female,Christina:female,Patricia:female,Connie:female,Cornelius:male",test
8cc3b8f1-4309-4eb5-a331-9b7e2d21a92e,"('Nicole', 'Dorothy')",daughter,son-sister-daughter-aunt,"['son', 'sister', 'daughter', 'aunt']","Nicole:female,William:male,April:female,Sharon:female,Dorothy:female",test
ecee40de-fdc1-4a8b-a7c8-f87bb9783b73,"('Connie', 'Timothy')",brother,sister-mother-husband-son,"['sister', 'mother', 'husband', 'son']","Connie:female,Christine:female,Patricia:female,William:male,Timothy:male",test
1c8f1879-7e7d-4f01-9e99-f1f400f18849,"('Christina', 'Richard')",uncle,brother-mother-son-uncle,"['brother', 'mother', 'son', 'uncle']","Christina:female,Timothy:male,Patricia:female,Richard:male",test
0c108020-2c7b-4864-8887-8e9a60bd0bae,"('Donald', 'Frank')",father-in-law,wife-brother-sister-father,"['wife', 'brother', 'sister', 'father']","Donald:male,Beverly:female,Charles:male,Julia:female,Frank:male",test
fc56c98e-c457-455d-9e81-19f06820d709,"('Melba', 'Frank')",uncle,sister-sister-mother-brother,"['sister', 'sister', 'mother', 'brother']","Melba:female,Lucille:female,Toni:female,April:female,Frank:male",test
1fc3a986-ac0d-404b-a9d7-830e71e5afb7,"('Jenny', 'April')",sister,husband-daughter-father-sister,"['husband', 'daughter', 'father', 'sister']","Jenny:female,Richard:male,Anne:female,April:female",test
40e98ddb-998a-4dc7-b731-bb13e8cfa5b6,"('Dorothy', 'John')",son-in-law,son-father-daughter-husband,"['son', 'father', 'daughter', 'husband']","Dorothy:female,Charles:male,Frank:male,Julia:female,John:male",test
1506b09f-e502-4f31-bbff-3948e2ba3dba,"('Anne', 'Kimberley')",sister,mother-daughter-mother-daughter,"['mother', 'daughter', 'mother', 'daughter']","Anne:female,Jenny:female,Mary:female,Kimberley:female",test
f16e8463-c244-4570-9ec0-9865d304ab9c,"('Jenny', 'Mary')",daughter,daughter-sister-father-daughter,"['daughter', 'sister', 'father', 'daughter']","Jenny:female,Kelley:female,Anne:female,Richard:male,Mary:female",test
135fa009-d5d6-487e-acd1-560757881f0f,"('Benjamin', 'Dorothy')",sister,wife-daughter-mother-sister,"['wife', 'daughter', 'mother', 'sister']","Benjamin:male,April:female,Lucille:female,Dorothy:female",test
e609421d-d993-49ee-92c0-fda8dad247e2,"('Patricia', 'Nicole')",mother,husband-daughter-brother-grandmother,"['husband', 'daughter', 'brother', 'grandmother']","Patricia:female,William:male,Christina:female,Timothy:male,Nicole:female",test
bf2a09bb-4251-4cb0-aec4-1b1912951a96,"('Christina', 'April')",aunt,mother-daughter-brother-aunt,"['mother', 'daughter', 'brother', 'aunt']","Christina:female,Patricia:female,Connie:female,Timothy:male,April:female",test
ac46362b-345d-4d38-95c2-9eed867c0e6a,"('William', 'Jenny')",sister,daughter-sister-mother-sister,"['daughter', 'sister', 'mother', 'sister']","William:male,Connie:female,Christina:female,Patricia:female,Jenny:female",test
e1cbe63b-fca7-4a35-bbf1-c1abcf532fae,"('Julia', 'Charles')",brother,sister-sister-father-son,"['sister', 'sister', 'father', 'son']","Julia:female,Rachel:female,Beverly:female,Frank:male,Charles:male",test
7e883b06-fced-4f40-a500-85c1f268d28a,"('Dorothy', 'Kimberley')",niece,daughter-sister-uncle-daughter,"['daughter', 'sister', 'uncle', 'daughter']","Dorothy:female,Rachel:female,Julia:female,Richard:male,Kimberley:female",test
88fbd4a3-181f-4dd7-bfa1-6319116b3b94,"('Frank', 'Rachel')",daughter,son-sister-sister-sister,"['son', 'sister', 'sister', 'sister']","Frank:male,Charles:male,Beverly:female,Julia:female,Rachel:female",test
310da6c1-668c-49ec-878b-e7d4d801a569,"('Kelley', 'Nicole')",grandmother,sister-father-daughter-grandmother,"['sister', 'father', 'daughter', 'grandmother']","Kelley:female,Kimberley:female,Richard:male,Anne:female,Nicole:female",test
131242f6-ca51-48cc-b437-8644a40726d3,"('Jenny', 'Christine')",niece,daughter-father-sister-daughter,"['daughter', 'father', 'sister', 'daughter']","Jenny:female,Kimberley:female,Richard:male,Patricia:female,Christine:female",test
67444f2e-5f5d-44b3-85f6-3033e5171209,"('Nicole', 'Benjamin')",son-in-law,son-daughter-aunt-husband,"['son', 'daughter', 'aunt', 'husband']","Nicole:female,Richard:male,Kelley:female,April:female,Benjamin:male",test
c5d22d3d-a6c7-45be-8a39-25ca54680905,"('William', 'Christine')",daughter,daughter-brother-mother-daughter,"['daughter', 'brother', 'mother', 'daughter']","William:male,Connie:female,Timothy:male,Patricia:female,Christine:female",test
30979ce0-dcd3-4d93-843c-59eba02c8b75,"('Frank', 'Connie')",niece,son-sister-aunt-daughter,"['son', 'sister', 'aunt', 'daughter']","Frank:male,Charles:male,Beverly:female,Patricia:female,Connie:female",test
557fd789-4972-4b80-83b1-23c29d234ed4,"('Christine', 'Dorothy')",aunt,brother-mother-son-aunt,"['brother', 'mother', 'son', 'aunt']","Christine:female,Timothy:male,Patricia:female,Dorothy:female",test
d73abfbf-3138-43d9-9d80-3aa341ac9513,"('Lucille', 'Richard')",uncle,sister-mother-mother-son,"['sister', 'mother', 'mother', 'son']","Lucille:female,Melba:female,April:female,Nicole:female,Richard:male",test
c6e9f311-48c7-4945-83e3-d2195e31acdf,"('Richard', 'William')",brother,daughter-mother-daughter-uncle,"['daughter', 'mother', 'daughter', 'uncle']","Richard:male,Mary:female,Jenny:female,Anne:female,William:male",test
590cae8c-fdb0-40b7-9ea1-ee46653a9fac,"('Frank', 'Toni')",niece,sister-husband-daughter-sister,"['sister', 'husband', 'daughter', 'sister']","Frank:male,April:female,Benjamin:male,Lucille:female,Toni:female",test
8f722648-10a1-4314-bca9-0b3633186c22,"('Connie', 'Benjamin')",uncle,sister-father-son-uncle,"['sister', 'father', 'son', 'uncle']","Connie:female,Christina:female,William:male,Timothy:male,Benjamin:male",test
d6d25197-032f-435b-b32c-257737349b30,"('Melba', 'Jenny')",aunt,sister-sister-father-sister,"['sister', 'sister', 'father', 'sister']","Melba:female,Toni:female,Sharon:female,Benjamin:male,Jenny:female",test
fb0ca8b0-3254-44be-89f7-ec22e4034d56,"('Rachel', 'Beverly')",sister,mother-husband-daughter-sister,"['mother', 'husband', 'daughter', 'sister']","Rachel:female,Dorothy:female,Frank:male,Julia:female,Beverly:female",test
5f3729ca-383b-4468-a633-7b3f0917c958,"('Stephen', 'Jeff')",nephew,daughter-aunt-brother-sister-son,"['daughter', 'aunt', 'brother', 'sister', 'son']","Stephen:male,Annie:female,Cristina:female,Christian:male,Ruth:female,Jeff:male",test
c3eb589a-3569-4fc4-a1bd-210c992578d7,"('Nicole', 'Toni')",granddaughter,daughter-sister-sister-daughter,"['daughter', 'sister', 'sister', 'daughter']","Nicole:female,Patricia:female,Dorothy:female,April:female,Toni:female",test
cef5cff2-4641-4ab4-9ab8-cb9581c6c456,"('Timothy', 'Dorothy')",aunt,sister-mother-daughter-aunt,"['sister', 'mother', 'daughter', 'aunt']","Timothy:male,Christina:female,Patricia:female,Connie:female,Dorothy:female",test
73c63dab-9c82-4dc2-b91c-3c71a888fd35,"('Jenny', 'Frank')",brother,daughter-sister-father-brother,"['daughter', 'sister', 'father', 'brother']","Jenny:female,Kimberley:female,Anne:female,Richard:male,Frank:male",test
88c09929-0a5e-4644-8c0b-33dffb25736d,"('Rachel', 'Benjamin')",uncle,father-son-sister-uncle,"['father', 'son', 'sister', 'uncle']","Rachel:female,Frank:male,Charles:male,Julia:female,Benjamin:male",test
93b3d937-96a0-4997-b120-dc170ddae060,"('Dorothy', 'William')",brother,husband-daughter-sister-uncle,"['husband', 'daughter', 'sister', 'uncle']","Dorothy:female,Frank:male,Rachel:female,Beverly:female,William:male",test
b1c49093-3115-4343-b582-b266cb74e02d,"('Kelley', 'Frank')",uncle,sister-sister-father-brother,"['sister', 'sister', 'father', 'brother']","Kelley:female,Anne:female,Kimberley:female,Richard:male,Frank:male",test
81559d3d-4340-4a56-af52-353c7b3f2772,"('Nicole', 'Kelley')",granddaughter,son-sister-brother-daughter,"['son', 'sister', 'brother', 'daughter']","Nicole:female,Frank:male,April:female,Richard:male,Kelley:female",test
45b1a81b-c0fc-45c4-afe2-9db07e3c8a2d,"('Jenny', 'Beverly')",niece,daughter-uncle-daughter-sister,"['daughter', 'uncle', 'daughter', 'sister']","Jenny:female,Kimberley:female,Frank:male,Julia:female,Beverly:female",test
1b22df18-84ba-4a1f-9a05-6d2380d55f90,"('Richard', 'Charles')",nephew,daughter-uncle-daughter-brother,"['daughter', 'uncle', 'daughter', 'brother']","Richard:male,Kimberley:female,Frank:male,Julia:female,Charles:male",test
dba23077-b9d8-4a88-863f-035244858519,"('Lucille', 'Frank')",uncle,mother-daughter-sister-uncle,"['mother', 'daughter', 'sister', 'uncle']","Lucille:female,April:female,Toni:female,Sharon:female,Frank:male",test
60dbfad0-dca9-4028-95cc-3685dc003953,"('Benjamin', 'Nicole')",mother-in-law,wife-daughter-sister-grandmother,"['wife', 'daughter', 'sister', 'grandmother']","Benjamin:male,April:female,Toni:female,Lucille:female,Nicole:female",test
725803a1-c80d-401d-a3b9-ac870fc7683e,"('April', 'Lucille')",daughter,daughter-father-daughter-sister,"['daughter', 'father', 'daughter', 'sister']","April:female,Melba:female,Benjamin:male,Sharon:female,Lucille:female",test
5386f4cc-0d56-41d3-9f08-eaf9912058d1,"('Kelley', 'Patricia')",aunt,father-wife-daughter-aunt,"['father', 'wife', 'daughter', 'aunt']","Kelley:female,Richard:male,Jenny:female,Kimberley:female,Patricia:female",test
bbd13217-7794-4fa9-a9d5-afa3e601ad80,"('Mary', 'April')",aunt,father-daughter-mother-sister,"['father', 'daughter', 'mother', 'sister']","Mary:female,Richard:male,Kimberley:female,Jenny:female,April:female",test
833fedd3-239d-4db0-aaf6-c07bad514469,"('Melba', 'Benjamin')",father,sister-father-daughter-father,"['sister', 'father', 'daughter', 'father']","Melba:female,Sharon:female,Benjamin:male,Lucille:female",test
7bdc93f7-6bd7-4a00-bd99-11ee8bab9aa9,"('Cornelius', 'Richard')",son,son-sister-daughter-uncle,"['son', 'sister', 'daughter', 'uncle']","Cornelius:male,Frank:male,April:female,Sharon:female,Richard:male",test
028f8174-5f0c-4b82-bf9e-09f78c2088e3,"('Toni', 'Melba')",sister,sister-sister-mother-daughter,"['sister', 'sister', 'mother', 'daughter']","Toni:female,Sharon:female,Melba:female,April:female",test
ef2e178e-208c-4f9a-a5d7-07da9b5c75c2,"('Anne', 'Benjamin')",uncle,father-daughter-sister-uncle,"['father', 'daughter', 'sister', 'uncle']","Anne:female,Richard:male,Kelley:female,Kimberley:female,Benjamin:male",test
97984524-8a53-4f77-86d6-384f1eba63be,"('Dorothy', 'Lucille')",niece,sister-daughter-sister-sister,"['sister', 'daughter', 'sister', 'sister']","Dorothy:female,April:female,Melba:female,Sharon:female,Lucille:female",test
efe4737a-967b-4519-9fac-0d8a0c51424c,"('Christine', 'Timothy')",brother,mother-daughter-sister-brother,"['mother', 'daughter', 'sister', 'brother']","Christine:female,Patricia:female,Connie:female,Christina:female,Timothy:male",test
40754bc0-194e-430d-87ab-c0c8edf57674,"('William', 'Dorothy')",sister,daughter-brother-sister-aunt,"['daughter', 'brother', 'sister', 'aunt']","William:male,Christine:female,Timothy:male,Connie:female,Dorothy:female",test
9abff098-5a15-4d78-8107-093c43194252,"('William', 'Benjamin')",brother,daughter-mother-son-uncle,"['daughter', 'mother', 'son', 'uncle']","William:male,Connie:female,Patricia:female,Timothy:male,Benjamin:male",test
60999e25-744b-4ef6-ace2-696275f9fa4b,"('Nicole', 'Timothy')",grandson,son-sister-husband-son,"['son', 'sister', 'husband', 'son']","Nicole:female,Frank:male,Patricia:female,William:male,Timothy:male",test
d99d255c-87a4-462c-acc7-eae58cace649,"('Andrew', 'Angela')",aunt,father-son-mother-son-aunt,"['father', 'son', 'mother', 'son', 'aunt']","Andrew:male,Donald:male,Charles:male,Victoria:female,Angela:female",test
ae58585a-761b-483d-96f3-7ceb7a6555fe,"('Melanie', 'Margaretta')",niece,daughter-brother-uncle-daughter-sister,"['daughter', 'brother', 'uncle', 'daughter', 'sister']","Melanie:female,Thelma:female,Henry:male,Milton:male,Arlene:female,Margaretta:female",test
7319093c-d909-4b70-8ba6-0fdf70d3a7a9,"('Milton', 'Antonia')",mother,daughter-brother-mother-daughter-grandmother,"['daughter', 'brother', 'mother', 'daughter', 'grandmother']","Milton:male,Irene:female,Pat:male,Guadalupe:female,Margaretta:female,Antonia:female",test
8e4581e8-ed71-4368-b01c-333f6effeb20,"('Charles', 'Victoria')",mother,brother-father-son-brother-mother,"['brother', 'father', 'son', 'brother', 'mother']","Charles:male,Jeremy:male,Donald:male,Richard:male,Andrew:male,Victoria:female",test
89b4b8d5-910c-43c1-9220-14a702483470,"('Irene', 'William')",uncle,father-son-sister-mother-brother,"['father', 'son', 'sister', 'mother', 'brother']","Irene:female,Milton:male,Pat:male,Margaretta:female,Guadalupe:female,William:male",test
f7c42ca9-f0f1-4978-bbec-2d91c66160b5,"('Gilbert', 'Adeline')",sister,sister-sister-sister-mother-daughter,"['sister', 'sister', 'sister', 'mother', 'daughter']","Gilbert:male,Nancy:female,Hattie:female,Adeline:female,Angela:female",test
11456a6d-524c-4fbc-be31-108d563f7a27,"('Jeremy', 'Donald')",father,brother-brother-brother-brother-father,"['brother', 'brother', 'brother', 'brother', 'father']","Jeremy:male,Richard:male,Andrew:male,Charles:male,Donald:male",test
7a919a37-b5a9-49a3-a141-43170d0f7443,"('Jose', 'Melanie')",daughter,daughter-son-brother-brother-aunt,"['daughter', 'son', 'brother', 'brother', 'aunt']","Jose:male,Victoria:female,Jeremy:male,Andrew:male,Richard:male,Melanie:female",test
0c17b305-8d01-41d1-84d5-6069f38f4041,"('William', 'Juan')",son-in-law,son-sister-brother-sister-husband,"['son', 'sister', 'brother', 'sister', 'husband']","William:male,Benito:male,Patricia:female,Henry:male,Juan:male",test
ffc387c1-ae5f-4f28-909b-45dd38dc30fc,"('Donald', 'Mollie')",daughter-in-law,son-brother-brother-brother-wife,"['son', 'brother', 'brother', 'brother', 'wife']","Donald:male,Richard:male,Andrew:male,Charles:male,Jeremy:male,Mollie:female",test
c72a2a80-c2e3-47f1-a5d8-fc09c681de50,"('Melanie', 'Jeremy')",nephew,son-grandfather-daughter-husband-son,"['son', 'grandfather', 'daughter', 'husband', 'son']","Melanie:female,Benito:male,Jose:male,Victoria:female,Donald:male,Jeremy:male",test
17819a6f-564b-4921-94d2-49810e05df75,"('Andrew', 'Victoria')",mother,brother-brother-brother-brother-mother,"['brother', 'brother', 'brother', 'brother', 'mother']","Andrew:male,Jeremy:male,Richard:male,Charles:male,Victoria:female",test
189164ac-c52c-45eb-b000-e209e9c959f5,"('Arlene', 'Melanie')",aunt,sister-sister-brother-father-sister,"['sister', 'sister', 'brother', 'father', 'sister']","Arlene:female,Irene:female,Margaretta:female,Pat:male,Milton:male,Melanie:female",test
d2323979-ad9f-4357-8120-c67a34e860bc,"('Patricia', 'Thelma')",sister,brother-brother-mother-husband-daughter,"['brother', 'brother', 'mother', 'husband', 'daughter']","Patricia:female,Henry:male,Benito:male,Melanie:female,William:male,Thelma:female",test
4913b75c-fecf-48f0-b43e-f592a3acad8c,"('Andrew', 'Samuel')",uncle,brother-brother-mother-son-uncle,"['brother', 'brother', 'mother', 'son', 'uncle']","Andrew:male,Jeremy:male,Richard:male,Victoria:female,Samuel:male",test
3756ab02-c85a-4384-b747-d5a08c864b05,"('Samuel', 'Guadalupe')",sister,wife-daughter-brother-mother-sister,"['wife', 'daughter', 'brother', 'mother', 'sister']","Samuel:male,Angela:female,Nancy:female,Gilbert:male,Guadalupe:female",test
d93728ee-a9d5-45e6-8f0e-7424feb9e996,"('Richard', 'Angela')",aunt,brother-father-wife-son-aunt,"['brother', 'father', 'wife', 'son', 'aunt']","Richard:male,Jeremy:male,Donald:male,Victoria:female,Charles:male,Angela:female",test
a4240f00-8912-48c0-bae5-18b8f940d410,"('Benito', 'William')",father,brother-sister-mother-daughter-father,"['brother', 'sister', 'mother', 'daughter', 'father']","Benito:male,Henry:male,Thelma:female,Melanie:female,Patricia:female,William:male",test
398f12bc-3ad3-4b9e-9f7c-d80241f9b065,"('Donald', 'Richard')",son,wife-son-brother-brother-brother,"['wife', 'son', 'brother', 'brother', 'brother']","Donald:male,Victoria:female,Charles:male,Jeremy:male,Andrew:male,Richard:male",test
98d4fc5a-4a04-4176-adae-3d4ab7d59eac,"('Victoria', 'Arlene')",niece,mother-son-daughter-sister-sister,"['mother', 'son', 'daughter', 'sister', 'sister']","Victoria:female,Antonia:female,Milton:male,Irene:female,Margaretta:female,Arlene:female",test
5131260d-b36f-4009-89f7-1c94e325d132,"('Guadalupe', 'Gilbert')",nephew,daughter-father-son-uncle-son,"['daughter', 'father', 'son', 'uncle', 'son']","Guadalupe:female,Margaretta:female,Milton:male,Pat:male,Samuel:male,Gilbert:male",test
b7307d1a-62fc-4e8d-b5ba-65a78f5c6474,"('William', 'Milton')",brother,father-daughter-daughter-sister-uncle,"['father', 'daughter', 'daughter', 'sister', 'uncle']","William:male,Jose:male,Melanie:female,Patricia:female,Thelma:female,Milton:male",test
e9315427-f170-46ba-99cc-950c459cf383,"('Milton', 'Charles')",nephew,wife-daughter-mother-sister-son,"['wife', 'daughter', 'mother', 'sister', 'son']","Milton:male,Guadalupe:female,Arlene:female,Victoria:female,Charles:male",test
e4dd682f-acdd-4858-b7af-1f99f724a3b9,"('Jose', 'Margaretta')",granddaughter,son-daughter-brother-sister-sister,"['son', 'daughter', 'brother', 'sister', 'sister']","Jose:male,Milton:male,Irene:female,Pat:male,Arlene:female,Margaretta:female",test
839690c0-0e3e-4f44-b3a1-dafd265dd80b,"('Victoria', 'Angela')",sister,son-brother-father-son-aunt,"['son', 'brother', 'father', 'son', 'aunt']","Victoria:female,Andrew:male,Charles:male,Donald:male,Jeremy:male,Angela:female",test
9c4efd57-d8ff-4d0e-bd0c-78c4701e67bf,"('Dawn', 'Patricia')",mother,sister-daughter-grandmother,"['sister', 'daughter', 'grandmother']","Dawn:female,Marissa:female,Leslie:female,Patricia:female,Antonio:male,Alex:male",test
82ea64d8-90ad-46a5-8db5-20c2e3053027,"('Margaretta', 'Pat')",brother,sister-brother-mother-husband-son,"['sister', 'brother', 'mother', 'husband', 'son']","Margaretta:female,Irene:female,Pat:male,Guadalupe:female,Milton:male",test
cff6a7ee-60ec-416e-a52b-21c6851095e7,"('Angela', 'Victoria')",sister,husband-son-father-daughter-aunt,"['husband', 'son', 'father', 'daughter', 'aunt']","Angela:female,Samuel:male,Gilbert:male,Nancy:female,Victoria:female",test
b2754c5d-3cf4-4d3b-bf66-1d2f6039737d,"('Rachel', 'Charles')",brother,sister-mother-daughter-brother,"['sister', 'mother', 'daughter', 'brother']","Rachel:female,Beverly:female,Dorothy:female,Julia:female,Charles:male",test
a75ce842-786b-4d92-8be7-a389d0343380,"('Pat', 'Samuel')",uncle,father-daughter-brother-sister-uncle,"['father', 'daughter', 'brother', 'sister', 'uncle']","Pat:male,Milton:male,Margaretta:female,Irene:female,Samuel:male",test
51f19c5e-638f-46d2-bf35-33ca81fb7f82,"('Arlene', 'Jose')",grandfather,father-daughter-sister-sister-grandfather,"['father', 'daughter', 'sister', 'sister', 'grandfather']","Arlene:female,Milton:male,Margaretta:female,Irene:female,Jose:male",test
fef05677-b1c7-4a4a-b5b1-425e8e005ead,"('Mary', 'Anne')",sister,sister-father-wife-daughter,"['sister', 'father', 'wife', 'daughter']","Mary:female,Kimberley:female,Richard:male,Jenny:female,Anne:female",test
b06bf69b-8745-489b-a71c-80fc9a2aec39,"('William', 'Nicole')",mother,daughter-sister-mother-mother,"['daughter', 'sister', 'mother', 'mother']","William:male,Christina:female,Connie:female,Patricia:female,Nicole:female",test
57fdd80d-1309-4de7-a297-d45feadbe9f8,"('Jenny', 'Timothy')",nephew,daughter-sister-aunt-son,"['daughter', 'sister', 'aunt', 'son']","Jenny:female,Mary:female,Anne:female,Patricia:female,Timothy:male",test
021cf308-4163-4ec3-a08a-805ad4787a79,"('Dorothy', 'April')",sister,daughter-sister-father-sister,"['daughter', 'sister', 'father', 'sister']","Dorothy:female,Julia:female,Beverly:female,Frank:male,April:female",test
4f371dff-3c24-4523-8ff9-587f8d3960fd,"('Patricia', 'Frank')",brother,daughter-sister-sister-uncle,"['daughter', 'sister', 'sister', 'uncle']","Patricia:female,Connie:female,Christine:female,Christina:female,Frank:male",test
5acef084-757a-47de-91a1-1fd76c4577e7,"('April', 'Anne')",niece,father-son-daughter-sister,"['father', 'son', 'daughter', 'sister']","April:female,Cornelius:male,Richard:male,Mary:female,Anne:female",test
fc7ae67a-667a-4dc6-883b-14019359b22f,"('Constance', 'Kelly')",daughter,husband-daughter,"['husband', 'daughter']","Constance:female,Ernest:male,Kelly:female",test
1326d754-93e6-4520-824b-792c6481ef35,"('Martha', 'Robert')",son,husband-son,"['husband', 'son']","Martha:female,John:male,Robert:male",test
7cb483ec-4d8e-4170-9ef6-858e12d15e73,"('Mary', 'John')",son,husband-son,"['husband', 'son']","Mary:female,Roy:male,John:male",test
4d79e72d-c26c-40af-ab83-4a69d47737e8,"('Patricia', 'Donald')",uncle,brother-father-daughter-mother-brother,"['brother', 'father', 'daughter', 'mother', 'brother']","Patricia:female,Benito:male,William:male,Thelma:female,Melanie:female,Donald:male",test
58d48c00-ff54-4b63-bde5-ad108d8b74c4,"('Henry', 'Angela')",aunt,brother-father-daughter-brother-aunt,"['brother', 'father', 'daughter', 'brother', 'aunt']","Henry:male,Benito:male,William:male,Patricia:female,Angela:female",test
f3045438-5550-4ef5-90ab-20f859b8a3c2,"('Melanie', 'Charles')",nephew,husband-daughter-aunt-husband-son,"['husband', 'daughter', 'aunt', 'husband', 'son']","Melanie:female,William:male,Patricia:female,Victoria:female,Donald:male,Charles:male",test
dc0b42ee-b6fe-4746-86e6-b0fd8a10535a,"('Jose', 'Adeline')",granddaughter,son-brother-wife-son-sister,"['son', 'brother', 'wife', 'son', 'sister']","Jose:male,Milton:male,Samuel:male,Angela:female,Gilbert:male,Adeline:female",test
2af04164-5d3d-4555-9714-d905f2ad9bfc,"('Irene', 'Milton')",father,mother-daughter-brother-sister-father,"['mother', 'daughter', 'brother', 'sister', 'father']","Irene:female,Guadalupe:female,Margaretta:female,Pat:male,Arlene:female,Milton:male",test
946553fc-9f44-4c38-bb6f-d82b0ca9fe2d,"('Christopher', 'Guadalupe')",mother-in-law,wife-sister-father-son-mother,"['wife', 'sister', 'father', 'son', 'mother']","Christopher:male,Arlene:female,Margaretta:female,Milton:male,Pat:male,Guadalupe:female",test
bdc81c14-8266-4e17-b2c9-cc0fdeda0071,"('Angela', 'Patricia')",niece,daughter-uncle-wife-daughter-sister,"['daughter', 'uncle', 'wife', 'daughter', 'sister']","Angela:female,Nancy:female,William:male,Melanie:female,Thelma:female,Patricia:female",test
0dbf499a-af86-4418-8772-7b57a3132842,"('Melanie', 'Henry')",son,daughter-father-daughter-father-son,"['daughter', 'father', 'daughter', 'father', 'son']","Melanie:female,Patricia:female,William:male,Thelma:female,Henry:male",test
67c93a7f-b3f2-4270-856d-5cdb5d436564,"('Benito', 'Antonia')",grandmother,sister-father-daughter-mother-mother,"['sister', 'father', 'daughter', 'mother', 'mother']","Benito:male,Thelma:female,William:male,Patricia:female,Melanie:female,Antonia:female",test
020dfe93-9483-4f8a-9cd2-003d95bbca23,"('Patricia', 'Henry')",brother,mother-son-mother-daughter-brother,"['mother', 'son', 'mother', 'daughter', 'brother']","Patricia:female,Melanie:female,Benito:male,Thelma:female,Henry:male",test
0e68ac05-871a-4f94-b1f4-f7c630d3f8fe,"('Samuel', 'Gilbert')",son,daughter-father-daughter-mother-son,"['daughter', 'father', 'daughter', 'mother', 'son']","Samuel:male,Adeline:female,Hattie:female,Angela:female,Gilbert:male",test
286e7208-6bc4-48d3-ae6d-dc36fe844db6,"('Andrew', 'Guadalupe')",aunt,brother-brother-father-son-aunt,"['brother', 'brother', 'father', 'son', 'aunt']","Andrew:male,Charles:male,Jeremy:male,Donald:male,Guadalupe:female",test
22d1de6b-d68a-4288-be3e-9b3e27e98078,"('Charles', 'William')",uncle,brother-brother-brother-mother-brother,"['brother', 'brother', 'brother', 'mother', 'brother']","Charles:male,Andrew:male,Richard:male,Victoria:female,William:male",test
7eed151a-50f5-434a-bd2c-f0a81a17e3c3,"('Guadalupe', 'Adeline')",niece,daughter-father-daughter-uncle-daughter,"['daughter', 'father', 'daughter', 'uncle', 'daughter']","Guadalupe:female,Irene:female,Milton:male,Margaretta:female,Samuel:male,Adeline:female",test
e0dff27e-7af8-495c-9a32-31df0fe29f37,"('Donald', 'Guadalupe')",sister,son-brother-brother-mother-sister,"['son', 'brother', 'brother', 'mother', 'sister']","Donald:male,Jeremy:male,Charles:male,Andrew:male,Victoria:female,Guadalupe:female",test
050ade5d-088f-446d-97a7-d812a7b17b69,"('Samuel', 'William')",brother,son-sister-mother-son-uncle,"['son', 'sister', 'mother', 'son', 'uncle']","Samuel:male,Gilbert:male,Nancy:female,Angela:female,William:male",test
8f37dee3-be86-416a-acd0-0039aa180308,"('William', 'Antonia')",mother,wife-son-sister-mother-mother,"['wife', 'son', 'sister', 'mother', 'mother']","William:male,Melanie:female,Benito:male,Thelma:female,Antonia:female",test
80bcbf6b-61d8-4ec8-ae5a-9df4452890f1,"('Victoria', 'Gilbert')",nephew,son-uncle-daughter-sister-brother,"['son', 'uncle', 'daughter', 'sister', 'brother']","Victoria:female,Richard:male,Samuel:male,Hattie:female,Nancy:female,Gilbert:male",test
6c652ce8-b478-4c6f-90d4-d34eb3707b34,"('Antonia', 'Melanie')",daughter,son-son-aunt-son-aunt,"['son', 'son', 'aunt', 'son', 'aunt']","Antonia:female,Milton:male,Pat:male,Victoria:female,Charles:male,Melanie:female",test
9d897a07-9b2f-480a-9c24-9c724c498fa5,"('Kelley', 'Richard')",father,sister-sister-sister-father,"['sister', 'sister', 'sister', 'father']","Kelley:female,Anne:female,Mary:female,Richard:male",test
b3eef3a2-82d6-427b-935b-c8a0db6c5a0a,"('April', 'Nicole')",mother,daughter-sister-sister-grandmother,"['daughter', 'sister', 'sister', 'grandmother']","April:female,Sharon:female,Melba:female,Lucille:female,Nicole:female",test
860eed90-cb3a-46be-a632-0cddbe963bcc,"('Benjamin', 'Andrew')",son-in-law,wife-daughter-sister-husband,"['wife', 'daughter', 'sister', 'husband']","Benjamin:male,April:female,Sharon:female,Toni:female,Andrew:male",test
b4247779-5416-48e5-beaa-1975010a45db,"('Gabrielle', 'Dan')",grandson,grandson-brother,"['grandson', 'brother']","Gabrielle:female,Vincent:male,Dan:male",test
2b78a110-9072-4cc5-8502-a6f39b149125,"('Alma', 'Jennifer')",daughter,husband-daughter,"['husband', 'daughter']","Alma:female,Michael:male,Jennifer:female",test
63ee0266-c5a0-4d12-ad5e-60ac299ed049,"('Jason', 'Vincent')",grandson,grandson-brother,"['grandson', 'brother']","Jason:male,Dan:male,Vincent:male",test
8aaf7ff1-3ec9-4f57-b0b0-7d0021e6eebf,"('Jason', 'Russell')",grandson,grandson-brother,"['grandson', 'brother']","Jason:male,Donald:male,Russell:male",test
6ecc8502-8743-4ddc-9d5e-59b315edacf4,"('Myrna', 'Angela')",daughter,husband-daughter,"['husband', 'daughter']","Myrna:female,Christopher:male,Angela:female",test
b04bed6d-a9ee-47f1-8937-d4d9bcc8e35e,"('Myrna', 'Guillermina')",daughter,husband-daughter,"['husband', 'daughter']","Myrna:female,Christopher:male,Guillermina:female",test
9a48d3e9-c071-4925-b235-8965fafe5f2c,"('Gabrielle', 'Russell')",grandson,grandson-brother,"['grandson', 'brother']","Gabrielle:female,Donald:male,Russell:male",test
f6e134c5-2181-407e-a78d-6f2064ffd0d3,"('Myrna', 'Lucille')",daughter,husband-daughter,"['husband', 'daughter']","Myrna:female,Christopher:male,Lucille:female",test
09169134-8f60-44da-93d4-7466ae24bbc7,"('Gabrielle', 'Jeffrey')",grandson,grandson-brother,"['grandson', 'brother']","Gabrielle:female,William:male,Jeffrey:male",test
7d0c838f-ecb1-4cd9-8bd5-c182fe76e5f4,"('Molly', 'Clarence')",grandson,husband-grandson-brother,"['husband', 'grandson', 'brother']","Molly:female,Stanley:male,Carlos:male,Clarence:male",test
b8dd4512-a513-4df1-bb16-66b09b8d4bc8,"('Michael', 'Molly')",mother,wife-son-grandmother,"['wife', 'son', 'grandmother']","Michael:male,Michelle:female,Jeremy:male,Molly:female",test
a5e34a19-f452-4dc7-bf7e-7d13cf79adfb,"('Michelle', 'Stanley')",father,son-father-father,"['son', 'father', 'father']","Michelle:female,Thomas:male,Michael:male,Stanley:male",test
427865fc-f5d3-457e-b7ce-9708ee0c6b26,"('Molly', 'Venita')",granddaughter,daughter-husband-daughter,"['daughter', 'husband', 'daughter']","Molly:female,Valerie:female,Alan:male,Venita:female",test
c65f934a-1d19-4253-b56a-e732af5926e3,"('Elliott', 'Stanley')",father,sister-daughter-grandfather,"['sister', 'daughter', 'grandfather']","Elliott:male,Michelle:female,Angela:female,Stanley:male",test
6753f8fb-46de-42cd-908e-d88444d81cae,"('James', 'Stanley')",father,son-brother-grandfather,"['son', 'brother', 'grandfather']","James:male,Lee:male,Anthony:male,Stanley:male",test
b4f3822d-29f1-4422-8ff5-0ab2845facfd,"('Molly', 'Anthony')",grandson,husband-grandson-brother,"['husband', 'grandson', 'brother']","Molly:female,Stanley:male,Matthew:male,Anthony:male",test
b603e57c-9ee6-49cd-843f-2e59bcccfa14,"('Elliott', 'Molly')",mother,wife-son-grandmother,"['wife', 'son', 'grandmother']","Elliott:male,Marian:female,Craig:male,Molly:female",test
dc3e1ccd-7299-483e-bfa4-125d95549cfd,"('Michael', 'Molly')",mother,son-mother-mother,"['son', 'mother', 'mother']","Michael:male,Kirk:male,Michelle:female,Molly:female",test
d338bf22-ec48-4cab-86ee-57883c623efe,"('Michelle', 'Stanley')",father,sister-daughter-grandfather,"['sister', 'daughter', 'grandfather']","Michelle:female,Marian:female,Karen:female,Stanley:male",test
8612fb8b-52ca-4949-b6d8-c13416c81fe3,"('Michelle', 'Stanley')",father,son-father-father,"['son', 'father', 'father']","Michelle:female,Thomas:male,Michael:male,Stanley:male",test
c00878c1-855f-4b97-823b-faa01e410147,"('Molly', 'Lisa')",granddaughter,daughter-husband-daughter,"['daughter', 'husband', 'daughter']","Molly:female,Michelle:female,Michael:male,Lisa:female",test
e1951c7b-b71b-4214-9619-18f2fcd55a5e,"('Michael', 'Molly')",mother,wife-son-grandmother,"['wife', 'son', 'grandmother']","Michael:male,Michelle:female,Thomas:male,Molly:female",test
693e8e34-8034-4bad-a117-90e87fa2a9aa,"('Molly', 'Jeremy')",grandson,husband-grandson-brother,"['husband', 'grandson', 'brother']","Molly:female,Stanley:male,Thomas:male,Jeremy:male",test
3c2c2db2-5d7c-41f5-90c9-5271cf0e678e,"('Michael', 'Stanley')",father,son-brother-grandfather,"['son', 'brother', 'grandfather']","Michael:male,Jeremy:male,Thomas:male,Stanley:male",test
ca289908-d0bf-4a62-b1a6-8275c3dc25e2,"('Elliott', 'Molly')",mother,son-mother-mother,"['son', 'mother', 'mother']","Elliott:male,Mark:male,Marian:female,Molly:female",test
54533233-42c4-44c1-83a9-01e1ab377ebc,"('Michelle', 'Stanley')",father,sister-daughter-grandfather,"['sister', 'daughter', 'grandfather']","Michelle:female,Valerie:female,Elizabeth:female,Stanley:male",test
cf9bc1f6-7a7a-475c-a8f3-c81282761168,"('Michael', 'Stanley')",father,son-brother-grandfather,"['son', 'brother', 'grandfather']","Michael:male,Paul:male,Kirk:male,Stanley:male",test
0c69eebf-79bf-4836-b21a-558516e9028b,"('Gabrielle', 'Lisa')",daughter,husband-daughter,"['husband', 'daughter']","Gabrielle:female,Jason:male,Lisa:female",test
f9900e90-8022-467d-91ac-873354c504cf,"('Molly', 'May')",granddaughter,daughter-husband-daughter,"['daughter', 'husband', 'daughter']","Molly:female,Michelle:female,Michael:male,May:female",test
36f685a8-fa1e-4301-affd-1ff9f99a42e1,"('Jason', 'Jeffrey')",grandson,grandson-brother,"['grandson', 'brother']","Jason:male,William:male,Jeffrey:male",test
ef7618ce-3af5-4b6e-a4ca-3dca08fd0df3,"('Alma', 'Annette')",daughter,husband-daughter,"['husband', 'daughter']","Alma:female,Michael:male,Annette:female",test
125918d3-324f-45ca-a7c0-0e5c3f15f236,"('Alan', 'Molly')",mother,son-mother-mother,"['son', 'mother', 'mother']","Alan:male,Emmanuel:male,Valerie:female,Molly:female",test
b3556763-c1f1-4e17-b687-fb19e7590771,"('Alan', 'Stanley')",father,son-brother-grandfather,"['son', 'brother', 'grandfather']","Alan:male,Jason:male,Clarence:male,Stanley:male",test
3c90f068-712a-49db-84e1-7fb6a761e0d8,"('Molly', 'Matthew')",grandson,husband-grandson-brother,"['husband', 'grandson', 'brother']","Molly:female,Stanley:male,Ellis:male,Matthew:male",test
9c6055c5-187a-48c8-a665-ba763dc10ed6,"('Elliott', 'Molly')",mother-in-law,wife-son-grandmother,"['wife', 'son', 'grandmother']","Elliott:male,Marian:female,John:male,Molly:female",test
caf0c921-1a99-4985-8889-7e672f4f9ef6,"('Alan', 'Stanley')",father,sister-daughter-grandfather,"['sister', 'daughter', 'grandfather']","Alan:male,Michelle:female,Angela:female,Stanley:male",test
f2e175d7-0048-48dd-a1ec-1f080d0da78a,"('Marian', 'Stanley')",father,son-father-father,"['son', 'father', 'father']","Marian:female,John:male,Elliott:male,Stanley:male",test
c33243f6-c59d-493c-af7a-f9098a6c8f4e,"('Michelle', 'Stanley')",father,son-father-father,"['son', 'father', 'father']","Michelle:female,Thomas:male,Michael:male,Stanley:male",test
a4511e28-d31b-4e29-b935-c742b5b854f0,"('Elliott', 'Molly')",mother,son-mother-mother,"['son', 'mother', 'mother']","Elliott:male,Mark:male,Marian:female,Molly:female",test
50a6fff0-f3af-47cc-99b0-1f8ca76c7e30,"('Michael', 'Stanley')",father,sister-daughter-grandfather,"['sister', 'daughter', 'grandfather']","Michael:male,Marian:female,Rosie:female,Stanley:male",test
e4b4d090-0b84-4a9e-bcc8-75babf8e5f8f,"('Alan', 'Molly')",mother,son-mother-mother,"['son', 'mother', 'mother']","Alan:male,Emmanuel:male,Valerie:female,Molly:female",test
c394479e-162f-48b7-a000-2454d3f2b4bc,"('Michael', 'Stanley')",father,sister-daughter-grandfather,"['sister', 'daughter', 'grandfather']","Michael:male,Marian:female,Connie:female,Stanley:male",test
bf00219b-bdff-4925-b539-b827023e16db,"('Michael', 'Molly')",mother,son-mother-mother,"['son', 'mother', 'mother']","Michael:male,Kirk:male,Michelle:female,Molly:female",test
ce7ba4c9-51ee-4c02-8c24-2ac632751404,"('Michelle', 'Stanley')",father,son-father-father,"['son', 'father', 'father']","Michelle:female,Thomas:male,Michael:male,Stanley:male",test
f69ccc97-11b0-4609-9972-6e477979385c,"('Michelle', 'Stanley')",father,son-father-father,"['son', 'father', 'father']","Michelle:female,Jeremy:male,Michael:male,Stanley:male",test
b65b7b0e-33f1-49be-8b04-2f9ce2841e52,"('Elliott', 'Stanley')",father,son-brother-grandfather,"['son', 'brother', 'grandfather']","Elliott:male,John:male,Sidney:male,Stanley:male",test
6d72652a-04fa-4432-a09e-2bab1b624de0,"('Stanley', 'Teresa')",granddaughter,daughter-husband-daughter,"['daughter', 'husband', 'daughter']","Stanley:male,Sandra:female,James:male,Teresa:female",test
62ad6730-173d-495b-9256-10b44a8df602,"('Sandra', 'Stanley')",father,son-brother-grandfather,"['son', 'brother', 'grandfather']","Sandra:female,Matthew:male,Ellis:male,Stanley:male",test
f397e30e-7061-4a96-b873-2d03c277515c,"('Elliott', 'Molly')",mother-in-law,wife-son-grandmother,"['wife', 'son', 'grandmother']","Elliott:male,Marian:female,John:male,Molly:female",test
22d45a93-8c05-43a9-8ba9-0b7251446890,"('Molly', 'Ellis')",grandson,husband-grandson-brother,"['husband', 'grandson', 'brother']","Molly:female,Stanley:male,Matthew:male,Ellis:male",test
ad5ca094-7faa-44a1-a7aa-a3847fc39772,"('Michelle', 'Stanley')",father,sister-daughter-grandfather,"['sister', 'daughter', 'grandfather']","Michelle:female,Marian:female,Darnell:female,Stanley:male",test
7ef88fba-be71-4566-946c-b1729ec9f879,"('Molly', 'Angela')",granddaughter,daughter-husband-daughter,"['daughter', 'husband', 'daughter']","Molly:female,Michelle:female,Michael:male,Angela:female",test
cc7a082b-7fd7-4468-ab9f-c48e82639ecb,"('Valerie', 'Stanley')",father,sister-daughter-grandfather,"['sister', 'daughter', 'grandfather']","Valerie:female,Marian:female,Darnell:female,Stanley:male",test
b002ebc5-b364-447a-a30f-2f258fb24884,"('Gabrielle', 'Lisa')",daughter,husband-daughter,"['husband', 'daughter']","Gabrielle:female,Jason:male,Lisa:female",test
bef083b2-fcf3-4a63-beb9-2fe937196900,"('Gabrielle', 'Kevin')",grandson,grandson-brother,"['grandson', 'brother']","Gabrielle:female,Micheal:male,Kevin:male",test
6fc2a527-1a7c-4f0a-977d-dd1c446841fa,"('Gabrielle', 'Kevin')",grandson,grandson-brother,"['grandson', 'brother']","Gabrielle:female,Micheal:male,Kevin:male",test
baf6f0db-b7b2-47ad-8e3b-6ca3eb661d36,"('Michael', 'Molly')",mother,son-mother-mother,"['son', 'mother', 'mother']","Michael:male,Kirk:male,Michelle:female,Molly:female",test
00d49e83-628b-40c9-94ab-af37f855c55b,"('Lisa', 'Deborah')",daughter,husband-daughter,"['husband', 'daughter']","Lisa:female,Dwight:male,Deborah:female",test
25ae9e66-79d8-4600-b0ea-13a53fd6a138,"('Dorothy', 'Aida')",daughter,husband-daughter,"['husband', 'daughter']","Dorothy:female,James:male,Aida:female",test
ac02c173-164b-4d22-b166-5b06d10d9cba,"('Elliott', 'Molly')",mother,wife-son-grandmother,"['wife', 'son', 'grandmother']","Elliott:male,Marian:female,Mark:male,Molly:female",test
5c737804-6678-44dc-809e-67dde4ce09f0,"('Michelle', 'Stanley')",father,son-father-father,"['son', 'father', 'father']","Michelle:female,Paul:male,Michael:male,Stanley:male",test
5eecd19c-1610-46a1-8a0d-ea12759cbc98,"('Molly', 'Jason')",grandson,husband-grandson-brother,"['husband', 'grandson', 'brother']","Molly:female,Stanley:male,Clarence:male,Jason:male",test
982173ce-f523-4219-a11e-18000250c714,"('William', 'Kelley')",niece,brother-daughter-mother-daughter,"['brother', 'daughter', 'mother', 'daughter']","William:male,Richard:male,Anne:female,Jenny:female,Kelley:female",test
58d16775-3e9a-47c3-bd68-a9ad56feee4d,"('Connie', 'Frank')",uncle,brother-father-daughter-uncle,"['brother', 'father', 'daughter', 'uncle']","Connie:female,Timothy:male,William:male,Christina:female,Frank:male",test
cba7bccd-e43b-45cc-a80a-5ddb34c55e45,"('Christina', 'Connie')",sister,father-wife-son-sister,"['father', 'wife', 'son', 'sister']","Christina:female,William:male,Patricia:female,Timothy:male,Connie:female",test
b7b56ef0-e0eb-47e6-bfb5-e72b89f5488c,"('Kimberley', 'Cornelius')",grandfather,sister-father-daughter-grandfather,"['sister', 'father', 'daughter', 'grandfather']","Kimberley:female,Mary:female,Richard:male,Anne:female,Cornelius:male",test
0e7a7ec1-f17b-471c-9cf4-0bbf85924997,"('Julia', 'Benjamin')",uncle,father-daughter-mother-brother,"['father', 'daughter', 'mother', 'brother']","Julia:female,Frank:male,Rachel:female,Dorothy:female,Benjamin:male",test
30d14392-ff9f-4cf9-8e6c-ce66ec1f8951,"('Beverly', 'Nicole')",grandmother,father-son-mother-mother,"['father', 'son', 'mother', 'mother']","Beverly:female,Frank:male,Charles:male,Dorothy:female,Nicole:female",test
b274076f-f0b4-4256-96b3-7150c903345d,"('Cornelius', 'Kelley')",granddaughter,son-brother-wife-daughter,"['son', 'brother', 'wife', 'daughter']","Cornelius:male,Frank:male,Richard:male,Jenny:female,Kelley:female",test
685abfd0-be65-4a73-b231-5418d46b83ef,"('April', 'Christine')",niece,father-daughter-sister-daughter,"['father', 'daughter', 'sister', 'daughter']","April:female,Cornelius:male,Dorothy:female,Patricia:female,Christine:female",test
26a622f0-c485-470f-954f-26aa72c711ed,"('Julia', 'Frank')",father,mother-daughter-sister-father,"['mother', 'daughter', 'sister', 'father']","Julia:female,Dorothy:female,Beverly:female,Rachel:female,Frank:male",test
553ceb50-e410-4234-9743-fc218bd39660,"('Jenny', 'Melba')",niece,daughter-sister-aunt-daughter,"['daughter', 'sister', 'aunt', 'daughter']","Jenny:female,Mary:female,Kelley:female,April:female,Melba:female",test
0441fa87-2eb3-440c-a5ac-f7f10f2905e3,"('Rachel', 'Jenny')",aunt,sister-father-daughter-aunt,"['sister', 'father', 'daughter', 'aunt']","Rachel:female,Julia:female,Frank:male,Beverly:female,Jenny:female",test
734439b3-e176-43c3-99b0-b0a0eacb97a6,"('Benjamin', 'Christine')",niece,daughter-mother-sister-daughter,"['daughter', 'mother', 'sister', 'daughter']","Benjamin:male,Sharon:female,April:female,Patricia:female,Christine:female",test
bed4020e-3c62-4f60-aaa5-a9b369114eae,"('Harry', 'Richard')",father-in-law,wife-sister-sister-father,"['wife', 'sister', 'sister', 'father']","Harry:male,Mary:female,Anne:female,Kelley:female,Richard:male",test
69fc6639-0c32-4bfb-82d5-e005b00b8921,"('April', 'Timothy')",nephew,sister-husband-daughter-brother,"['sister', 'husband', 'daughter', 'brother']","April:female,Patricia:female,William:male,Christine:female,Timothy:male",test
1d4477ff-4b60-4cc5-92ab-f8e7bb4aa7fe,"('Frank', 'Timothy')",nephew,daughter-grandfather-daughter-son,"['daughter', 'grandfather', 'daughter', 'son']","Frank:male,Julia:female,Cornelius:male,Patricia:female,Timothy:male",test
5646347e-ba87-44df-b55b-4dc7860dec96,"('Nicole', 'Christina')",granddaughter,daughter-sister-daughter-sister,"['daughter', 'sister', 'daughter', 'sister']","Nicole:female,Jenny:female,Patricia:female,Connie:female,Christina:female",test
8e9c6830-bf5f-4408-9b00-40ac7668d016,"('Patricia', 'Toni')",niece,mother-husband-daughter-daughter,"['mother', 'husband', 'daughter', 'daughter']","Patricia:female,Nicole:female,Cornelius:male,April:female,Toni:female",test
fee8cb68-facc-4575-a022-a79b65aa3e26,"('April', 'Rachel')",niece,brother-daughter-brother-sister,"['brother', 'daughter', 'brother', 'sister']","April:female,Frank:male,Beverly:female,Charles:male,Rachel:female",test
b07ebeb1-7d34-4f93-8b40-73479461726c,"('Nicole', 'Charles')",grandson,son-daughter-uncle-son,"['son', 'daughter', 'uncle', 'son']","Nicole:female,William:male,Christine:female,Frank:male,Charles:male",test
7076b76b-c46e-47c1-963f-4150e651e161,"('Mary', 'Kimberley')",sister,sister-sister-father-daughter,"['sister', 'sister', 'father', 'daughter']","Mary:female,Kelley:female,Anne:female,Richard:male,Kimberley:female",test
3fddba36-6561-4f9e-b440-a97b8fa52770,"('Jenny', 'Christina')",niece,daughter-aunt-husband-daughter,"['daughter', 'aunt', 'husband', 'daughter']","Jenny:female,Mary:female,Patricia:female,William:male,Christina:female",test
d21ba9cf-231a-49e1-a742-91653c7a6c69,"('Richard', 'Lucille')",niece,sister-father-daughter-daughter,"['sister', 'father', 'daughter', 'daughter']","Richard:male,Patricia:female,Cornelius:male,April:female,Lucille:female",test
99e55ad6-adcc-4f09-897d-ba80f6b20ed7,"('William', 'Melba')",niece,son-aunt-daughter-sister,"['son', 'aunt', 'daughter', 'sister']","William:male,Timothy:male,April:female,Toni:female,Melba:female",test
582909c2-e758-485b-945c-216e9b90db09,"('Toni', 'Frank')",uncle,mother-father-daughter-brother,"['mother', 'father', 'daughter', 'brother']","Toni:female,April:female,Cornelius:male,Jenny:female,Frank:male",test
be784bcd-e884-49db-a789-de303f4a5f9b,"('Melba', 'Lucille')",sister,sister-father-daughter-sister,"['sister', 'father', 'daughter', 'sister']","Melba:female,Toni:female,Benjamin:male,Sharon:female,Lucille:female",test
4ecc5116-0428-48c3-9bcc-ff43fdf81c9e,"('Julia', 'Dorothy')",mother,sister-sister-brother-mother,"['sister', 'sister', 'brother', 'mother']","Julia:female,Beverly:female,Rachel:female,Charles:male,Dorothy:female",test
e734b1a0-1862-4563-ab8b-1474446b567b,"('Frank', 'Amanda')",daughter-in-law,wife-daughter-brother-wife,"['wife', 'daughter', 'brother', 'wife']","Frank:male,Dorothy:female,Beverly:female,Charles:male,Amanda:female",test
0d4e9aeb-f46d-4557-92aa-60991d6becef,"('Richard', 'Timothy')",nephew,sister-daughter-father-son,"['sister', 'daughter', 'father', 'son']","Richard:male,Patricia:female,Connie:female,William:male,Timothy:male",test
3767efd3-c85c-4650-aec0-da6d8d1a76db,"('Frank', 'Kimberley')",niece,son-uncle-daughter-sister,"['son', 'uncle', 'daughter', 'sister']","Frank:male,Charles:male,Richard:male,Mary:female,Kimberley:female",test
ba225afc-3f0d-462e-a4e8-4e34b58dbfb4,"('Richard', 'Anne')",daughter,daughter-sister-sister-sister,"['daughter', 'sister', 'sister', 'sister']","Richard:male,Kimberley:female,Mary:female,Kelley:female,Anne:female",test
69828c61-17fa-4722-9f00-7154bd2ed2f7,"('Julia', 'Nicole')",grandmother,mother-son-father-mother,"['mother', 'son', 'father', 'mother']","Julia:female,Dorothy:female,Charles:male,Frank:male,Nicole:female",test
6272772d-57ea-44d1-a968-f6194562263e,"('Michael', 'Stanley')",father,sister-daughter-grandfather,"['sister', 'daughter', 'grandfather']","Michael:male,Valerie:female,Elizabeth:female,Stanley:male",test
cabf3ae9-bb06-425c-a2b2-2e3b52eb4680,"('Molly', 'Jason')",grandson,husband-grandson-brother,"['husband', 'grandson', 'brother']","Molly:female,Stanley:male,Clarence:male,Jason:male",test
60d1b25e-b652-4dc5-8835-bb8169eee2f9,"('Elliott', 'Molly')",mother-in-law,wife-son-grandmother,"['wife', 'son', 'grandmother']","Elliott:male,Marian:female,John:male,Molly:female",test
fbf458a7-ea7a-43cf-8ae5-8af4b5ac7434,"('Michelle', 'Stanley')",father,son-father-father,"['son', 'father', 'father']","Michelle:female,Paul:male,Michael:male,Stanley:male",test
1047ec00-7c0b-4d66-9d60-15051cd5b49f,"('Michael', 'Molly')",mother,son-mother-mother,"['son', 'mother', 'mother']","Michael:male,Thomas:male,Michelle:female,Molly:female",test
198c0f8a-8c5f-46a8-afd3-1a5d0c39b284,"('Stanley', 'Teresa')",granddaughter,daughter-husband-daughter,"['daughter', 'husband', 'daughter']","Stanley:male,Sandra:female,James:male,Teresa:female",test
5a5dff49-c360-4aeb-a18e-d28a5323d330,"('Michael', 'Stanley')",father,son-brother-grandfather,"['son', 'brother', 'grandfather']","Michael:male,Thomas:male,Jeremy:male,Stanley:male",test
8ac249e6-4945-4029-8b2b-acad1f6b4a13,"('Elliott', 'Molly')",mother,son-mother-mother,"['son', 'mother', 'mother']","Elliott:male,Mark:male,Marian:female,Molly:female",test
bbec04a6-359b-4c28-bea9-319544dd24e4,"('Alan', 'Molly')",mother,son-mother-mother,"['son', 'mother', 'mother']","Alan:male,Clarence:male,Valerie:female,Molly:female",test
0c869a15-1123-484e-bf54-a91210edeff7,"('Michelle', 'Stanley')",father,son-father-father,"['son', 'father', 'father']","Michelle:female,Kirk:male,Michael:male,Stanley:male",test
472a1680-afc6-4def-a709-ba1cdfb2cbe4,"('Molly', 'Mark')",grandson,husband-grandson-brother,"['husband', 'grandson', 'brother']","Molly:female,Stanley:male,John:male,Mark:male",test
184e1e1a-4687-4e6a-b7a5-9405095eb169,"('Stanley', 'May')",granddaughter,daughter-husband-daughter,"['daughter', 'husband', 'daughter']","Stanley:male,Michelle:female,Michael:male,May:female",test
ab6d45cd-bdc5-4c64-a57a-3d697394e825,"('Connie', 'Christine')",sister,father-daughter-brother-sister,"['father', 'daughter', 'brother', 'sister']","Connie:female,William:male,Christina:female,Timothy:male,Christine:female",test
d2d2b3e4-d96a-41e8-9328-5540f2fa5e77,"('Stanley', 'Venita')",granddaughter,daughter-husband-daughter,"['daughter', 'husband', 'daughter']","Stanley:male,Valerie:female,Alan:male,Venita:female",test
04b3fc13-f5de-4347-a5fc-de153c559fcc,"('Cornelius', 'Anne')",granddaughter,wife-son-daughter-sister,"['wife', 'son', 'daughter', 'sister']","Cornelius:male,Nicole:female,Richard:male,Kimberley:female,Anne:female",test
ded97e03-a1de-4b8c-bb5e-f016b57e7df0,"('Toni', 'Nicole')",grandmother,sister-mother-daughter-grandmother,"['sister', 'mother', 'daughter', 'grandmother']","Toni:female,Lucille:female,April:female,Sharon:female,Nicole:female",test
dc002225-9112-46fd-a452-3b8e8fd547be,"('Anne', 'Dorothy')",aunt,mother-daughter-father-sister,"['mother', 'daughter', 'father', 'sister']","Anne:female,Jenny:female,Kimberley:female,Richard:male,Dorothy:female",test
6be2b8df-cafd-49f7-b0df-ff77f9ae39f6,"('Jenny', 'James')",son-in-law,husband-daughter-sister-husband,"['husband', 'daughter', 'sister', 'husband']","Jenny:female,Richard:male,Anne:female,Kimberley:female,James:male",test
fbcdeace-958a-4e5c-a0b5-14e011023bae,"('Christina', 'Cornelius')",grandfather,sister-mother-son-grandfather,"['sister', 'mother', 'son', 'grandfather']","Christina:female,Christine:female,Patricia:female,Timothy:male,Cornelius:male",test
abfb1067-3f9b-4218-ae2b-18cc67ac4164,"('Cornelius', 'Dorothy')",daughter,daughter-sister-daughter-aunt,"['daughter', 'sister', 'daughter', 'aunt']","Cornelius:male,Patricia:female,April:female,Melba:female,Dorothy:female",test
acdb49e0-fdb2-4033-8103-3895625cf79e,"('Rachel', 'Richard')",uncle,father-father-daughter-brother,"['father', 'father', 'daughter', 'brother']","Rachel:female,Frank:male,Cornelius:male,Dorothy:female,Richard:male",test
5a3f5dfc-5c84-46f7-8ec7-5b47e8d70ed9,"('Richard', 'Dorothy')",sister,daughter-sister-sister-aunt,"['daughter', 'sister', 'sister', 'aunt']","Richard:male,Anne:female,Kimberley:female,Mary:female,Dorothy:female",test
7df5f11f-d052-4b7d-b555-d4e980e580a3,"('Lucille', 'Cornelius')",grandfather,sister-sister-mother-father,"['sister', 'sister', 'mother', 'father']","Lucille:female,Toni:female,Sharon:female,April:female,Cornelius:male",test
163925f6-e7e5-4ace-9bdb-b24f82e08097,"('April', 'Patricia')",sister,husband-daughter-sister-aunt,"['husband', 'daughter', 'sister', 'aunt']","April:female,Benjamin:male,Sharon:female,Toni:female,Patricia:female",test
0833a56f-7d56-4c45-9e2c-b563bfcbf777,"('Nicole', 'Sharon')",granddaughter,daughter-daughter-aunt-daughter,"['daughter', 'daughter', 'aunt', 'daughter']","Nicole:female,Jenny:female,Mary:female,April:female,Sharon:female",test
6c0b2815-8aae-4d1e-8009-3e6845a5b080,"('Nicole', 'Frank')",son,daughter-sister-father-son,"['daughter', 'sister', 'father', 'son']","Nicole:female,Dorothy:female,Patricia:female,Cornelius:male,Frank:male",test
01e39236-24c2-4fac-abf3-75c04c6f9fea,"('Connie', 'Patricia')",mother,sister-mother-son-mother,"['sister', 'mother', 'son', 'mother']","Connie:female,Christina:female,Patricia:female,Timothy:male",test
25ddeca1-65e1-411a-8ba0-7b9bf153b626,"('Jenny', 'Charles')",nephew,daughter-uncle-wife-son,"['daughter', 'uncle', 'wife', 'son']","Jenny:female,Kelley:female,Frank:male,Dorothy:female,Charles:male",test
b27ca800-2d58-446e-bfd3-e6e7bb033032,"('William', 'Connie')",daughter,son-sister-brother-sister,"['son', 'sister', 'brother', 'sister']","William:male,Timothy:male,Christina:female,Connie:female",test
7b19ba3f-a8fd-4130-b297-7b7b53879a85,"('Jeff', 'Christian')",uncle,sister-mother-daughter-father-brother,"['sister', 'mother', 'daughter', 'father', 'brother']","Jeff:male,Gloria:female,Ruth:female,Stephanie:female,Jason:male,Christian:male",test
b0ddbf1e-5c69-44a6-b34d-adf35206f0dc,"('Stanley', 'Connie')",granddaughter,daughter-husband-daughter,"['daughter', 'husband', 'daughter']","Stanley:male,Marian:female,Elliott:male,Connie:female",test
3e088b43-6986-4478-ba81-0705dc27cff6,"('Evelyn', 'Stephen')",brother,husband-daughter-brother-father-brother,"['husband', 'daughter', 'brother', 'father', 'brother']","Evelyn:female,Christian:male,Nichole:female,Sean:male,Stephen:male",test
1e25e700-56bf-441f-82da-a826bfa57d0a,"('Harry', 'Valerie')",sister,daughter-brother-sister-mother-son-sister-mother-sister-son-aunt,"['daughter', 'brother', 'sister', 'mother', 'son', 'sister', 'mother', 'sister', 'son', 'aunt']","Harry:male,Kerrie:female,Victor:male,Isabel:female,Joy:female,Machelle:female,Melissa:female,Scott:male,Valerie:female",test
2f579a24-6b15-46b6-a8bd-a2010ddf02d0,"('Valerie', 'Isabel')",niece,brother-son-father-daughter-brother-mother-sister-son-sister-sister,"['brother', 'son', 'father', 'daughter', 'brother', 'mother', 'sister', 'son', 'sister', 'sister']","Valerie:female,Brian:male,Scott:male,Linda:female,John:male,Melissa:female,Joy:female,Victor:male,Machelle:female,Isabel:female",test
025d9691-ea95-4606-9906-0d86a19bd08f,"('Joy', 'Darryl')",nephew,daughter-father-sister-daughter-sister-brother-father-sister-son-brother,"['daughter', 'father', 'sister', 'daughter', 'sister', 'brother', 'father', 'sister', 'son', 'brother']","Joy:female,Isabel:female,Harry:male,Morgan:female,Ouida:female,Danielle:female,Donald:male,Dale:male,Valerie:female,Robert:male,Darryl:male",test
25340b9a-e7bd-4c56-a661-3f2f2182df4b,"('Brian', 'Valerie')",sister,brother-sister-daughter-sister-brother-grandmother-daughter-brother-brother-sister,"['brother', 'sister', 'daughter', 'sister', 'brother', 'grandmother', 'daughter', 'brother', 'brother', 'sister']","Brian:male,Dale:male,Joy:female,Kerrie:female,Machelle:female,Victor:male,Debra:female,Melissa:female,Harry:male,Valerie:female",test
c60fd221-33ed-441d-bb51-9d0f4e3a3254,"('Elizabeth', 'Joy')",aunt,brother-sister-brother-sister-father-daughter-mother-brother-brother-sister,"['brother', 'sister', 'brother', 'sister', 'father', 'daughter', 'mother', 'brother', 'brother', 'sister']","Elizabeth:female,Robert:male,Darryl:male,Brittney:female,Kenneth:male,Valerie:female,Dale:male,Brian:male,Joy:female",test
a3e3659d-a608-4152-af45-ae9fd41cfa86,"('Dale', 'Linda')",niece,sister-sister-mother-husband-daughter-brother-sister-husband-son-sister,"['sister', 'sister', 'mother', 'husband', 'daughter', 'brother', 'sister', 'husband', 'son', 'sister']","Dale:male,Valerie:female,Morgan:female,Debra:female,Kevin:male,Harry:male,Melissa:female,Brian:male,Scott:male,Linda:female",test
cb128a58-25d2-40fb-93dd-11d6c83bef43,"('Morgan', 'Scott')",nephew,son-aunt-son-sister-sister-uncle-daughter-sister-aunt-son,"['son', 'aunt', 'son', 'sister', 'sister', 'uncle', 'daughter', 'sister', 'aunt', 'son']","Morgan:female,Donald:male,Joy:female,Victor:male,Isabel:female,Machelle:female,Dale:male,Frances:female,Danielle:female,Melissa:female,Scott:male",test
da84ee64-4491-499e-a006-3c4628e8237e,"('Joy', 'Scott')",nephew,brother-father-daughter-brother-daughter-sister-uncle-brother-daughter-brother,"['brother', 'father', 'daughter', 'brother', 'daughter', 'sister', 'uncle', 'brother', 'daughter', 'brother']","Joy:female,Kenneth:male,Kevin:male,Morgan:female,Harry:male,Isabel:female,Machelle:female,Dale:male,Brian:male,Linda:female,Scott:male",test
852db64c-b518-48af-8650-aa93f360fd1d,"('Brian', 'Isabel')",niece,son-grandmother-son-son-aunt-sister-brother-son-sister-sister,"['son', 'grandmother', 'son', 'son', 'aunt', 'sister', 'brother', 'son', 'sister', 'sister']","Brian:male,Scott:male,Debra:female,Kenneth:male,Robert:male,Joy:female,Morgan:female,Harry:male,Victor:male,Machelle:female,Isabel:female",test
509a0843-288b-4f5c-b691-8e9e9962faa3,"('Harry', 'Danielle')",niece,daughter-uncle-son-brother-mother-brother-wife-daughter-brother-sister,"['daughter', 'uncle', 'son', 'brother', 'mother', 'brother', 'wife', 'daughter', 'brother', 'sister']","Harry:male,Isabel:female,Kenneth:male,Darryl:male,Robert:male,Valerie:female,Dale:male,Morgan:female,Ouida:female,Donald:male,Danielle:female",test
cfcea17e-4978-458f-b9e4-d896a258ea29,"('Brittney', 'Kevin')",grandfather,sister-mother-husband-son-grandmother-son-brother-daughter-brother-grandfather,"['sister', 'mother', 'husband', 'son', 'grandmother', 'son', 'brother', 'daughter', 'brother', 'grandfather']","Brittney:female,Elizabeth:female,Valerie:female,Kenneth:male,Darryl:male,Debra:female,Harry:male,Kevin:male",test
d0ba7a5e-dedd-4d55-a39a-12c139575081,"('Valerie', 'Donald')",nephew,daughter-mother-son-brother-sister-father-daughter-aunt-daughter-brother,"['daughter', 'mother', 'son', 'brother', 'sister', 'father', 'daughter', 'aunt', 'daughter', 'brother']","Valerie:female,Elizabeth:female,Darryl:male,Robert:male,Brittney:female,Kenneth:male,Morgan:female,Danielle:female,Donald:male",test
3dd16918-331d-4cc2-9369-75be7a62e820,"('Morgan', 'Brittney')",niece,daughter-brother-sister-grandfather-daughter-brother-brother-son-sister-sister,"['daughter', 'brother', 'sister', 'grandfather', 'daughter', 'brother', 'brother', 'son', 'sister', 'sister']","Morgan:female,Frances:female,Donald:male,Danielle:female,Kevin:male,Valerie:female,Harry:male,Kenneth:male,Robert:male,Elizabeth:female,Brittney:female",test
27de9ea9-f9c7-4725-b530-ffef8d3e4a90,"('Kenneth', 'Harry')",brother,daughter-sister-brother-uncle-wife-son-brother-sister-mother-brother,"['daughter', 'sister', 'brother', 'uncle', 'wife', 'son', 'brother', 'sister', 'mother', 'brother']","Kenneth:male,Brittney:female,Elizabeth:female,Darryl:male,Brian:male,Melissa:female,Scott:male,John:male,Linda:female,Harry:male",test
f4600a38-e241-4616-b91a-9a37b5a9fc5f,"('Joy', 'Ouida')",niece,mother-daughter-brother-mother-daughter-sister-brother-son-sister-sister,"['mother', 'daughter', 'brother', 'mother', 'daughter', 'sister', 'brother', 'son', 'sister', 'sister']","Joy:female,Debra:female,Morgan:female,Brian:male,Melissa:female,Valerie:female,Dale:male,Donald:male,Danielle:female,Ouida:female",test
46b7687f-7c52-485f-a311-cac26665ba10,"('Morgan', 'Valerie')",sister,daughter-sister-father-daughter-uncle-brother-daughter-brother-mother-sister,"['daughter', 'sister', 'father', 'daughter', 'uncle', 'brother', 'daughter', 'brother', 'mother', 'sister']","Morgan:female,Danielle:female,Frances:female,Dale:male,Kenneth:male,Brian:male,Linda:female,John:male,Melissa:female,Valerie:female",test
a36a37d9-43ef-4662-8efc-1fd1991e02d2,"('Isabel', 'Melissa')",aunt,mother-daughter-brother-father-sister-father-daughter-sister-daughter-aunt,"['mother', 'daughter', 'brother', 'father', 'sister', 'father', 'daughter', 'sister', 'daughter', 'aunt']","Isabel:female,Joy:female,Kerrie:female,Victor:male,Harry:male,Valerie:female,Kevin:male,Morgan:female,Brittney:female,Melissa:female",test
32b51f6e-9240-4979-a1c4-2793c9b6578a,"('Morgan', 'Harry')",brother,daughter-mother-son-sister-brother-sister-father-daughter-father-brother,"['daughter', 'mother', 'son', 'sister', 'brother', 'sister', 'father', 'daughter', 'father', 'brother']","Morgan:female,Danielle:female,Donald:male,Frances:female,Dale:male,Ouida:female,Harry:male",test
b164423e-c421-4ab9-851d-19c19027d189,"('Dale', 'Joy')",sister,wife-daughter-sister-brother-sister-mother-brother-mother-daughter-sister,"['wife', 'daughter', 'sister', 'brother', 'sister', 'mother', 'brother', 'mother', 'daughter', 'sister']","Dale:male,Morgan:female,Danielle:female,Frances:female,Donald:male,Harry:male,Debra:female,Valerie:female,Joy:female",test
07d91765-e1f0-4367-924b-6e8bb43f3526,"('Frances', 'Brian')",uncle,brother-mother-daughter-father-daughter-aunt-brother-brother-daughter-uncle,"['brother', 'mother', 'daughter', 'father', 'daughter', 'aunt', 'brother', 'brother', 'daughter', 'uncle']","Frances:female,Donald:male,Morgan:female,Ouida:female,Dale:male,Joy:female,Kenneth:male,Harry:male,Isabel:female,Brian:male",test
9ed3c26a-5949-448a-95aa-850fd24528d4,"('Debra', 'Kenneth')",son,daughter-brother-brother-sister-son-father-sister-brother-brother-brother,"['daughter', 'brother', 'brother', 'sister', 'son', 'father', 'sister', 'brother', 'brother', 'brother']","Debra:female,Joy:female,Brian:male,Kenneth:male,Morgan:female,Donald:male,Dale:male,Melissa:female,Harry:male",test
b20064aa-d487-44c3-83a7-018e57a00e14,"('Darryl', 'Melissa')",aunt,sister-father-son-sister-mother-sister-brother-brother-son-aunt,"['sister', 'father', 'son', 'sister', 'mother', 'sister', 'brother', 'brother', 'son', 'aunt']","Darryl:male,Elizabeth:female,Kenneth:male,Robert:male,Brittney:female,Valerie:female,Morgan:female,Brian:male,Harry:male,Victor:male,Melissa:female",test
4c49af9e-78ce-4d5c-9153-261f1ab8ad77,"('Kerrie', 'Debra')",grandmother,mother-son-father-daughter-sister-mother-sister-daughter-aunt-mother,"['mother', 'son', 'father', 'daughter', 'sister', 'mother', 'sister', 'daughter', 'aunt', 'mother']","Kerrie:female,Joy:female,Victor:male,Harry:male,Machelle:female,Melissa:female,Linda:female,Valerie:female,Debra:female",test
ceb25bfa-0268-4f1e-b938-4d6bb2ee28d9,"('Joy', 'John')",nephew,sister-brother-daughter-aunt-brother-daughter-sister-brother-sister-brother,"['sister', 'brother', 'daughter', 'aunt', 'brother', 'daughter', 'sister', 'brother', 'sister', 'brother']","Joy:female,Melissa:female,Kenneth:male,Brittney:female,Morgan:female,Brian:male,Barbara:female,Linda:female,Scott:male,John:male",test
488c8ff3-d8e6-4081-9a6e-865c5fb00d34,"('Joy', 'Dale')",brother,daughter-sister-sister-father-daughter-brother-father-father-son-brother,"['daughter', 'sister', 'sister', 'father', 'daughter', 'brother', 'father', 'father', 'son', 'brother']","Joy:female,Isabel:female,Machelle:female,Harry:male,Kerrie:female,Victor:male,Kevin:male,Kenneth:male,Dale:male",test
dcac769e-443d-4c0a-95f8-9800c5ed5af0,"('Valerie', 'Kevin')",father,son-sister-father-father-daughter-son-sister-aunt-daughter-grandfather,"['son', 'sister', 'father', 'father', 'daughter', 'son', 'sister', 'aunt', 'daughter', 'grandfather']","Valerie:female,Darryl:male,Elizabeth:female,Kenneth:male,Kevin:male,Morgan:female,Donald:male,Danielle:female,Melissa:female,Linda:female",test
bb0ebe0e-ae59-471d-9ead-9d1c9b174262,"('Joy', 'Bruce')",nephew,husband-daughter-sister-sister-brother-father-sister-husband-son-brother,"['husband', 'daughter', 'sister', 'sister', 'brother', 'father', 'sister', 'husband', 'son', 'brother']","Joy:female,Harry:male,Isabel:female,Kerrie:female,Machelle:female,Victor:male,Melissa:female,Brian:male,Scott:male,Bruce:male",test
74b252f2-475a-481c-b558-11a6d5b1414c,"('Melissa', 'Dale')",brother,son-brother-brother-father-brother-daughter-sister-sister-mother-brother,"['son', 'brother', 'brother', 'father', 'brother', 'daughter', 'sister', 'sister', 'mother', 'brother']","Melissa:female,Scott:male,John:male,Bruce:male,Brian:male,Harry:male,Isabel:female,Kerrie:female,Machelle:female,Joy:female,Dale:male",test
c33c0de8-76e1-4403-ba83-dcad905666c3,"('Kenneth', 'Donald')",nephew,son-brother-sister-sister-sister-brother-brother-mother-sister-son,"['son', 'brother', 'sister', 'sister', 'sister', 'brother', 'brother', 'mother', 'sister', 'son']","Kenneth:male,Darryl:male,Robert:male,Elizabeth:female,Brittney:female,Valerie:female,Morgan:female,Donald:male",test
5423189a-e6ff-486c-a34e-877d73994cf2,"('Kenneth', 'Danielle')",niece,wife-daughter-sister-mother-son-brother-uncle-wife-daughter-sister,"['wife', 'daughter', 'sister', 'mother', 'son', 'brother', 'uncle', 'wife', 'daughter', 'sister']","Kenneth:male,Valerie:female,Brittney:female,Elizabeth:female,Robert:male,Darryl:male,Dale:male,Morgan:female,Frances:female,Danielle:female",test
9b503ef1-ea04-4928-8ec5-1b7e672de081,"('Debra', 'Linda')",granddaughter,son-sister-son-uncle-daughter-brother-brother-brother-mother-daughter,"['son', 'sister', 'son', 'uncle', 'daughter', 'brother', 'brother', 'brother', 'mother', 'daughter']","Debra:female,Kenneth:male,Morgan:female,Donald:male,Brian:male,Linda:female,Bruce:male,John:male,Scott:male,Melissa:female",test
38c2f1e2-d6d8-4dd4-8adf-1c426a486bf2,"('Gabrielle', 'William')",grandson,grandson-brother,"['grandson', 'brother']","Gabrielle:female,Jeffrey:male,William:male",test
50e306aa-001d-4a1a-9c49-7ae262123a2d,"('Gabrielle', 'Jeffrey')",grandson,grandson-brother,"['grandson', 'brother']","Gabrielle:female,William:male,Jeffrey:male",test
68bb473b-290c-433d-a86c-3e1e4cf2807a,"('Gabrielle', 'Lisa')",daughter,husband-daughter,"['husband', 'daughter']","Gabrielle:female,Jason:male,Lisa:female",test
94c80581-1374-4e63-97bb-5701627ddf4e,"('Jason', 'Chad')",grandson,grandson-brother,"['grandson', 'brother']","Jason:male,Robert:male,Chad:male",test
317b259c-0641-4131-810d-2602a91a2046,"('Alma', 'Vanessa')",daughter,husband-daughter,"['husband', 'daughter']","Alma:female,Michael:male,Vanessa:female",test
83c02944-0a78-4c42-8bfc-c24105d8ec57,"('Gabrielle', 'Alma')",daughter,husband-daughter,"['husband', 'daughter']","Gabrielle:female,Jason:male,Alma:female",test
56d5887e-dc9f-4a46-ac2f-cce0f491e7ba,"('Alma', 'Jennifer')",daughter,husband-daughter,"['husband', 'daughter']","Alma:female,Michael:male,Jennifer:female",test
53288ba6-7e1b-4101-b80b-334daaae738e,"('Gabrielle', 'Kevin')",grandson,grandson-brother,"['grandson', 'brother']","Gabrielle:female,Dan:male,Kevin:male",test
b9e9666b-1371-400c-a8d0-1a9d3d4a0324,"('Gabrielle', 'Micheal')",grandson,grandson-brother,"['grandson', 'brother']","Gabrielle:female,Dan:male,Micheal:male",test
b3bb50ae-7517-4a31-800d-fa95b63fdc15,"('Gabrielle', 'Dan')",grandson,grandson-brother,"['grandson', 'brother']","Gabrielle:female,Kevin:male,Dan:male",test
53b546f6-074b-4da3-89bd-386cca0d3375,"('Myrna', 'Lucille')",daughter,husband-daughter,"['husband', 'daughter']","Myrna:female,Christopher:male,Lucille:female",test
5b0a8348-b57c-4a6a-8edb-d1ec18cdf454,"('Dorothy', 'Theresa')",daughter,husband-daughter,"['husband', 'daughter']","Dorothy:female,James:male,Theresa:female",test
182831a7-ebee-42c6-9e28-0ee78c35a022,"('Morgan', 'Bruce')",nephew,daughter-sister-father-daughter-brother-father-brother-daughter-brother-brother,"['daughter', 'sister', 'father', 'daughter', 'brother', 'father', 'brother', 'daughter', 'brother', 'brother']","Morgan:female,Frances:female,Ouida:female,Dale:male,Donald:male,Brian:male,Linda:female,Scott:male,Bruce:male",test
72c01a0b-7416-4ff2-ae7f-1e1736e327a8,"('Jason', 'Russell')",grandson,grandson-brother,"['grandson', 'brother']","Jason:male,Donald:male,Russell:male",test
d6c1d802-f129-4c65-b60f-83dcfbe51e87,"('Gabrielle', 'Myrna')",daughter,husband-daughter,"['husband', 'daughter']","Gabrielle:female,Jason:male,Myrna:female",test
3865f2ad-c7e9-45f0-b5e6-a64bc6960962,"('Gabrielle', 'Lisa')",daughter,husband-daughter,"['husband', 'daughter']","Gabrielle:female,Jason:male,Lisa:female",test
a44d478f-c68e-4557-8750-1b2f6f17d705,"('Jason', 'Lewis')",grandson,grandson-brother,"['grandson', 'brother']","Jason:male,Scott:male,Lewis:male",test
d4164de6-1894-4ce2-8fff-7528f7a26689,"('Machelle', 'Debra')",grandmother,brother-sister-brother-mother-daughter-grandfather-daughter-brother-brother-mother,"['brother', 'sister', 'brother', 'mother', 'daughter', 'grandfather', 'daughter', 'brother', 'brother', 'mother']","Machelle:female,Cyrus:male,Kerrie:female,Victor:male,Joy:female,Kevin:male,Valerie:female,Brian:male,Kenneth:male,Debra:female",test
8217b6e0-afa0-4701-a227-0c6111d24708,"('Harry', 'Danielle')",niece,brother-mother-daughter-father-son-sister-sister-sister-husband-daughter,"['brother', 'mother', 'daughter', 'father', 'son', 'sister', 'sister', 'sister', 'husband', 'daughter']","Harry:male,Kenneth:male,Debra:female,Valerie:female,Kevin:male,Brian:male,Morgan:female,Joy:female,Dale:male,Danielle:female",test
56c3048d-e998-4c7d-9aa9-42468beb2d1e,"('Debra', 'Victor')",grandson,son-sister-sister-sister-son-aunt-sister-daughter-brother-brother,"['son', 'sister', 'sister', 'sister', 'son', 'aunt', 'sister', 'daughter', 'brother', 'brother']","Debra:female,Brian:male,Morgan:female,Melissa:female,Valerie:female,Darryl:male,Joy:female,Kerrie:female,Cyrus:male,Victor:male",test
3836bcf6-b0b5-47a3-afae-82760c3cacaf,"('Darryl', 'Joy')",aunt,brother-sister-father-daughter-mother-daughter-mother-sister-mother-daughter,"['brother', 'sister', 'father', 'daughter', 'mother', 'daughter', 'mother', 'sister', 'mother', 'daughter']","Darryl:male,Robert:male,Elizabeth:female,Kenneth:male,Valerie:female,Brittney:female,Melissa:female,Debra:female,Joy:female",test
036524ff-c1f4-4911-9e17-08e91c8a48dc,"('Kenneth', 'Victor')",nephew,brother-son-uncle-wife-daughter-mother-sister-son-father-son,"['brother', 'son', 'uncle', 'wife', 'daughter', 'mother', 'sister', 'son', 'father', 'son']","Kenneth:male,Brian:male,Bruce:male,Dale:male,Morgan:female,Frances:female,Joy:female,Cyrus:male,Harry:male,Victor:male",test
fdc69921-cae9-413b-a118-274aad938be6,"('Dale', 'Valerie')",sister,wife-son-mother-sister-brother-brother-sister-son-grandmother-daughter,"['wife', 'son', 'mother', 'sister', 'brother', 'brother', 'sister', 'son', 'grandmother', 'daughter']","Dale:male,Morgan:female,Donald:male,Joy:female,Kenneth:male,Harry:male,Melissa:female,John:male,Debra:female,Valerie:female",test
8c0a9c9b-3638-4d5f-9f1a-54ac0842cae1,"('Morgan', 'Melissa')",sister,son-sister-uncle-sister-brother-brother-brother-son-sister-aunt,"['son', 'sister', 'uncle', 'sister', 'brother', 'brother', 'brother', 'son', 'sister', 'aunt']","Morgan:female,Donald:male,Danielle:female,Brian:male,Valerie:female,Harry:male,Kenneth:male,Victor:male,Machelle:female,Melissa:female",test
eef22690-b1b6-4928-8878-497a0f2b618f,"('Debra', 'Scott')",grandson,son-brother-sister-brother-brother-brother-sister-son-sister-brother,"['son', 'brother', 'sister', 'brother', 'brother', 'brother', 'sister', 'son', 'sister', 'brother']","Debra:female,Kenneth:male,Brian:male,Morgan:female,Harry:male,Dale:male,Melissa:female,Bruce:male,Linda:female,Scott:male",test
91d4253e-5d41-4016-8072-54afccb209bb,"('Debra', 'Melissa')",daughter,son-father-son-sister-brother-father-wife-daughter-brother-sister,"['son', 'father', 'son', 'sister', 'brother', 'father', 'wife', 'daughter', 'brother', 'sister']","Debra:female,Harry:male,Kevin:male,Kenneth:male,Morgan:female,Brian:male,Joy:female,Dale:male,Melissa:female",test
f2ab9c15-f3b6-48fb-b7a4-69a131051e39,"('Gabrielle', 'Joe')",grandson,grandson-brother,"['grandson', 'brother']","Gabrielle:female,David:male,Joe:male",test
f5229fe7-10b8-4fa9-893f-3b910dac1c68,"('Elizabeth', 'Melissa')",aunt,father-brother-son-aunt-daughter-brother-aunt-son-aunt-sister,"['father', 'brother', 'son', 'aunt', 'daughter', 'brother', 'aunt', 'son', 'aunt', 'sister']","Elizabeth:female,Kenneth:male,Harry:male,Victor:male,Valerie:female,Robert:male,Melissa:female,Bruce:male,Morgan:female",test
74db6a64-b08f-415e-8a07-666b72c25b5f,"('John', 'Debra')",grandmother,brother-sister-father-wife-son-father-daughter-brother-mother-mother,"['brother', 'sister', 'father', 'wife', 'son', 'father', 'daughter', 'brother', 'mother', 'mother']","John:male,Bruce:male,Linda:female,Brian:male,Melissa:female,Scott:male,Debra:female",test
18617ad1-5568-4f7c-8547-98031ffb9925,"('Darryl', 'Dale')",uncle,brother-father-son-aunt-sister-brother-sister-daughter-brother-uncle,"['brother', 'father', 'son', 'aunt', 'sister', 'brother', 'sister', 'daughter', 'brother', 'uncle']","Darryl:male,Robert:male,Kenneth:male,Morgan:female,Valerie:female,Harry:male,Melissa:female,Linda:female,Scott:male,Dale:male",test
eb2e4d96-b2db-4078-94a4-ee807954ee0f,"('Debra', 'Donald')",grandson,daughter-son-brother-aunt-daughter-sister-father-daughter-sister-brother,"['daughter', 'son', 'brother', 'aunt', 'daughter', 'sister', 'father', 'daughter', 'sister', 'brother']","Debra:female,Melissa:female,John:male,Scott:male,Morgan:female,Danielle:female,Frances:female,Dale:male,Ouida:female,Donald:male",test
fde9053f-78c9-4f3e-a081-c29db6ae42ae,"('Stephen', 'Nettie')",mother,daughter-mother-mother,"['daughter', 'mother', 'mother']","Stephen:male,Dana:female,Cecilia:female,Nettie:female,Carolina:female",test
450aecf0-6d9b-4534-a56f-af45502d69ff,"('Cecilia', 'Nettie')",mother,son-father-mother,"['son', 'father', 'mother']","Cecilia:female,David:male,Stephen:male,Nettie:female,Sherman:male",test
f1d2134f-a691-4c14-be24-3786b8ad3af8,"('Mary', 'Paul')",father,son-aunt-father,"['son', 'aunt', 'father']","Mary:female,Pedro:male,Carolina:female,Paul:male,Ryan:male",test
cbe89f3a-c81a-4967-9efe-7b318bce6236,"('Mary', 'Paul')",father,son-father-father,"['son', 'father', 'father']","Mary:female,Jose:male,Ryan:male,Paul:male,Cecilia:female",test
f32a8f3c-6a2e-40ba-98a5-4df663a5b34f,"('Ryan', 'Nettie')",mother-in-law,wife-son-grandmother,"['wife', 'son', 'grandmother']","Ryan:male,Mary:female,Jose:male,Nettie:female,Patricia:female",test
dc4ee5c9-fb79-4b9c-a322-68a7925c28df,"('William', 'Nettie')",mother,sister-daughter-grandmother,"['sister', 'daughter', 'grandmother']","William:male,Cecilia:female,Maria:female,Nettie:female,Robert:male",test
e62ec19e-3921-415b-8ffe-fd9c9f8289de,"('Mario', 'Nettie')",grandmother,mother-sister-mother,"['mother', 'sister', 'mother']","Mario:male,Carolina:female,Mary:female,Nettie:female,Carly:female",test
83c27006-4af4-4e22-86b8-068ebb8ea330,"('Carly', 'Nettie')",grandmother,mother-sister-mother,"['mother', 'sister', 'mother']","Carly:female,Carolina:female,Cecilia:female,Nettie:female,Michael:male",test
9073e92a-b27c-4860-9bf5-fc8ad80b7ec9,"('William', 'Nettie')",mother,wife-son-grandmother,"['wife', 'son', 'grandmother']","William:male,April:female,Kevin:male,Nettie:female,Eldon:male",test
2edc6d47-7194-4dc5-a23e-d954a50d8c8a,"('Cecilia', 'Nettie')",mother,son-father-mother,"['son', 'father', 'mother']","Cecilia:female,Sherman:male,Stephen:male,Nettie:female,Leah:female",test
388a15ba-8f97-4409-bf3e-392276e7e119,"('Robert', 'Nettie')",mother,daughter-mother-mother,"['daughter', 'mother', 'mother']","Robert:male,Carly:female,Carolina:female,Nettie:female,Jeanette:female",test
7fdf8185-cf4f-4220-98fb-42683d590f9e,"('Stephen', 'Nettie')",mother,sister-daughter-grandmother,"['sister', 'daughter', 'grandmother']","Stephen:male,Carolina:female,Luella:female,Nettie:female,April:female",test
e85da752-cb2f-4d08-9d59-9ade1df93463,"('Mary', 'Paul')",father,son-aunt-father,"['son', 'aunt', 'father']","Mary:female,Denver:male,Carolina:female,Paul:male,Pedro:male",test
dd807f37-03a0-41b2-b450-dc846ac2bd72,"('Carolina', 'Paul')",father,son-father-father,"['son', 'father', 'father']","Carolina:female,Mario:male,Robert:male,Paul:male,Michael:male",test
7b2d2b08-cce2-4a97-a912-b3627e21ce2b,"('Carolina', 'Nettie')",mother,son-father-mother,"['son', 'father', 'mother']","Carolina:female,Harold:male,Robert:male,Nettie:female,Adrian:male",test
181d4f54-d1a0-4e7a-867b-b6658a992723,"('Mary', 'Paul')",father,son-father-father,"['son', 'father', 'father']","Mary:female,Denver:male,Ryan:male,Paul:male,Jennifer:female",test
6dc75058-bfd5-4c48-bf89-6187a4d12d6d,"('William', 'Nettie')",mother,wife-son-grandmother,"['wife', 'son', 'grandmother']","William:male,April:female,Wayne:male,Nettie:female,Lou:female",test
a928f40c-009d-4a74-8b32-bb95919a17ff,"('William', 'Nettie')",mother,sister-daughter-grandmother,"['sister', 'daughter', 'grandmother']","William:male,Carolina:female,Katherine:female,Nettie:female,Stephen:male",test
501c2468-49d3-4a5d-98e9-de21d92cef2e,"('Ryan', 'Paul')",father,son-aunt-father,"['son', 'aunt', 'father']","Ryan:male,Denver:male,Cecilia:female,Paul:male,Pedro:male",test
4b91e6ff-88ae-40de-87d2-331aa7264974,"('Robert', 'Nettie')",mother,daughter-mother-mother,"['daughter', 'mother', 'mother']","Robert:male,Katherine:female,Carolina:female,Nettie:female,William:male",test
523f204d-ace8-4781-9c1d-bfc24bf56797,"('Peggy', 'Nettie')",grandmother,mother-sister-mother,"['mother', 'sister', 'mother']","Peggy:female,Cecilia:female,Mary:female,Nettie:female,Leah:female",test
98ad8822-d59b-4bcd-b4a4-46b5da919ae7,"('Cecilia', 'Paul')",father,son-father-father,"['son', 'father', 'father']","Cecilia:female,Sherman:male,Stephen:male,Paul:male,Charles:male",test
03149de4-1450-4d72-ab4d-00c35d8083b5,"('Stephen', 'Nettie')",mother,daughter-mother-mother,"['daughter', 'mother', 'mother']","Stephen:male,Dana:female,Cecilia:female,Nettie:female,April:female",test
3394e719-cba5-48b3-8fd4-c15cfad4f581,"('Cecilia', 'Nettie')",mother,son-father-mother,"['son', 'father', 'mother']","Cecilia:female,Jonathan:male,Stephen:male,Nettie:female,Carolina:female",test
04d0031f-8f74-4d24-91c1-7006361312b0,"('Robert', 'Nettie')",mother,daughter-mother-mother,"['daughter', 'mother', 'mother']","Robert:male,Luella:female,Carolina:female,Nettie:female,Carly:female",test
24565658-53ad-4ea8-b86a-ebb1924b991a,"('Cecilia', 'Paul')",father,son-aunt-father,"['son', 'aunt', 'father']","Cecilia:female,Jonathan:male,Carolina:female,Paul:male,Ryan:male",test
0a4ad12e-2d92-48f7-9255-de7ebfafce98,"('Cecilia', 'Nettie')",mother,son-father-mother,"['son', 'father', 'mother']","Cecilia:female,Jonathan:male,Stephen:male,Nettie:female,Ryan:male",test
4230f96e-cf83-4dd5-987d-e8269a1942bf,"('Pedro', 'Nettie')",grandmother,mother-sister-mother,"['mother', 'sister', 'mother']","Pedro:male,Mary:female,Carolina:female,Nettie:female,Krystal:female",test
07304073-0046-4869-9733-66d1ed4008ae,"('Harry', 'Ouida')",niece,sister-daughter-aunt-sister-brother-son-uncle-daughter-sister-sister,"['sister', 'daughter', 'aunt', 'sister', 'brother', 'son', 'uncle', 'daughter', 'sister', 'sister']","Harry:male,Valerie:female,Brittney:female,Morgan:female,Melissa:female,Kenneth:male,Robert:male,Dale:male,Danielle:female,Frances:female,Ouida:female",test
4c24d5b3-8fe9-4766-8bb3-25a2c5693fe7,"('Carolina', 'Nettie')",mother,sister-daughter-grandmother,"['sister', 'daughter', 'grandmother']","Carolina:female,Cecilia:female,Peggy:female,Nettie:female,Paul:male",test
aec6f22a-9fcb-47a0-9a44-596a356c5ef9,"('David', 'Jennifer')",mother-in-law,wife-son-grandmother,"['wife', 'son', 'grandmother']","David:male,Judy:female,Michael:male,Jennifer:female,Dorothy:female",test
e5da0404-19b5-4278-b033-9f4e35f4b97d,"('Kevin', 'Kenneth')",son,son-brother-sister-daughter-brother-aunt-daughter-grandmother-daughter-brother,"['son', 'brother', 'sister', 'daughter', 'brother', 'aunt', 'daughter', 'grandmother', 'daughter', 'brother']","Kevin:male,Brian:male,Kenneth:male,Joy:female,Machelle:female,Victor:male,Morgan:female,Ouida:female,Debra:female,Melissa:female",test
4f995af8-1a22-4a62-bbe2-726542a533bf,"('Harry', 'Frances')",niece,brother-mother-daughter-sister-sister-sister-brother-brother-wife-daughter,"['brother', 'mother', 'daughter', 'sister', 'sister', 'sister', 'brother', 'brother', 'wife', 'daughter']","Harry:male,Kenneth:male,Debra:female,Melissa:female,Valerie:female,Joy:female,Brian:male,Dale:male,Morgan:female,Frances:female",test
84437b18-99dd-42a6-9074-055d8cba78eb,"('Robert', 'Joy')",aunt,sister-sister-father-brother-daughter-brother-mother-sister-mother-daughter,"['sister', 'sister', 'father', 'brother', 'daughter', 'brother', 'mother', 'sister', 'mother', 'daughter']","Robert:male,Brittney:female,Elizabeth:female,Kenneth:male,Harry:male,Kerrie:female,Victor:male,Joy:female,Melissa:female,Debra:female",test
2494c780-0d51-4358-8ea3-0665b7a0b56c,"('Scott', 'Valerie')",aunt,brother-sister-mother-brother-mother-daughter-brother-brother-brother-sister,"['brother', 'sister', 'mother', 'brother', 'mother', 'daughter', 'brother', 'brother', 'brother', 'sister']","Scott:male,John:male,Linda:female,Melissa:female,Kenneth:male,Debra:female,Morgan:female,Harry:male,Brian:male,Dale:male,Valerie:female",test
be1494fa-6e27-46a9-8f8d-2d98dd623313,"('Dale', 'Melissa')",sister,son-sister-sister-sister-brother-mother-sister-brother-son-aunt,"['son', 'sister', 'sister', 'sister', 'brother', 'mother', 'sister', 'brother', 'son', 'aunt']","Dale:male,Donald:male,Ouida:female,Frances:female,Danielle:female,Morgan:female,Joy:female,Kenneth:male,Robert:male,Melissa:female",test
661ebade-40b8-4b9c-9bdb-dc415da629ae,"('Bruce', 'Kenneth')",uncle,mother-son-father-sister-daughter-sister-sister-sister-father-brother,"['mother', 'son', 'father', 'sister', 'daughter', 'sister', 'sister', 'sister', 'father', 'brother']","Bruce:male,Melissa:female,Brian:male,Joy:female,Kerrie:female,Isabel:female,Machelle:female,Harry:male,Kenneth:male",test
2b73a059-7943-4dd0-97a5-1414c1efee21,"('Danielle', 'Brian')",uncle,sister-father-son-sister-sister-mother-brother-daughter-brother-uncle,"['sister', 'father', 'son', 'sister', 'sister', 'mother', 'brother', 'daughter', 'brother', 'uncle']","Danielle:female,Ouida:female,Dale:male,Donald:male,Frances:female,Morgan:female,Kenneth:male,Elizabeth:female,Darryl:male,Brian:male",test
f3caf3a6-c638-4116-a3e5-8dfae4b1fea1,"('Ouida', 'Brian')",uncle,mother-son-father-son-sister-aunt-mother-son-son-uncle,"['mother', 'son', 'father', 'son', 'sister', 'aunt', 'mother', 'son', 'son', 'uncle']","Ouida:female,Morgan:female,Donald:male,Dale:male,Frances:female,Valerie:female,Debra:female,Harry:male,Victor:male,Brian:male",test
f80942ce-590e-4471-9115-6e31d338872e,"('Joy', 'John')",nephew,brother-son-aunt-brother-daughter-brother-aunt-son-brother-brother,"['brother', 'son', 'aunt', 'brother', 'daughter', 'brother', 'aunt', 'son', 'brother', 'brother']","Joy:female,Brian:male,John:male,Valerie:female,Harry:male,Kerrie:female,Victor:male,Melissa:female,Bruce:male,Scott:male",test
84acf477-85f4-4132-bf4d-87d7914dce73,"('Melissa', 'Debra')",mother,sister-brother-daughter-sister-uncle-daughter-mother-brother-brother-mother,"['sister', 'brother', 'daughter', 'sister', 'uncle', 'daughter', 'mother', 'brother', 'brother', 'mother']","Melissa:female,Joy:female,Dale:male,Danielle:female,Frances:female,Kenneth:male,Elizabeth:female,Valerie:female,Brian:male,Debra:female",test
5207b3f4-85a1-4687-bd38-66a94c255a2c,"('Dale', 'Victor')",nephew,daughter-sister-brother-uncle-daughter-sister-sister-sister-mother-son,"['daughter', 'sister', 'brother', 'uncle', 'daughter', 'sister', 'sister', 'sister', 'mother', 'son']","Dale:male,Danielle:female,Ouida:female,Donald:male,Harry:male,Machelle:female,Isabel:female,Kerrie:female,Joy:female,Victor:male",test
f40522bc-5b4d-46cc-a55f-0821e70fde03,"('Bruce', 'Debra')",grandmother,mother-son-father-sister-daughter-brother-father-son-father-mother,"['mother', 'son', 'father', 'sister', 'daughter', 'brother', 'father', 'son', 'father', 'mother']","Bruce:male,Melissa:female,Brian:male,Valerie:female,Brittney:female,Darryl:male,Kenneth:male,Robert:male,Debra:female",test
5e465356-d3c9-4b67-bbc0-3dbaf555e857,"('Brian', 'Morgan')",sister,brother-sister-sister-mother-daughter-daughter-uncle-daughter-sister-aunt,"['brother', 'sister', 'sister', 'mother', 'daughter', 'daughter', 'uncle', 'daughter', 'sister', 'aunt']","Brian:male,Dale:male,Joy:female,Valerie:female,Debra:female,Elizabeth:female,Harry:male,Kerrie:female,Isabel:female,Morgan:female",test
eb590f74-2986-43ef-9eef-56a2ded281b2,"('Valerie', 'Morgan')",sister,brother-mother-son-daughter-brother-uncle-sister-son-brother-aunt,"['brother', 'mother', 'son', 'daughter', 'brother', 'uncle', 'sister', 'son', 'brother', 'aunt']","Valerie:female,Harry:male,Debra:female,Kenneth:male,Elizabeth:female,Darryl:male,Dale:male,Melissa:female,Bruce:male,John:male,Morgan:female",test
286dad30-dff5-4517-8381-e116a902f6b6,"('Dale', 'Brittney')",niece,brother-daughter-uncle-sister-son-sister-father-sister-son-sister,"['brother', 'daughter', 'uncle', 'sister', 'son', 'sister', 'father', 'sister', 'son', 'sister']","Dale:male,Harry:male,Kerrie:female,Kenneth:male,Joy:female,Victor:male,Valerie:female,Robert:male,Brittney:female",test
e659d6f3-ce38-4865-82e2-6ae96fd5c899,"('Valerie', 'John')",nephew,son-brother-sister-grandfather-son-sister-sister-daughter-brother-brother,"['son', 'brother', 'sister', 'grandfather', 'son', 'sister', 'sister', 'daughter', 'brother', 'brother']","Valerie:female,Robert:male,Darryl:male,Elizabeth:female,Kevin:male,Kenneth:male,Morgan:female,Melissa:female,Linda:female,Scott:male,John:male",test
b4bc992e-a38d-4aa9-ab05-cce63c127ff3,"('Harry', 'Scott')",nephew,daughter-mother-sister-daughter-brother-aunt-husband-son-sister-brother,"['daughter', 'mother', 'sister', 'daughter', 'brother', 'aunt', 'husband', 'son', 'sister', 'brother']","Harry:male,Machelle:female,Joy:female,Valerie:female,Brittney:female,Darryl:male,Melissa:female,Brian:male,Bruce:male,Linda:female,Scott:male",test
5be81a88-5e77-4809-85f1-28cdbcfa74e8,"('Kenneth', 'Kerrie')",niece,son-uncle-brother-sister-sister-son-sister-sister-sister-sister,"['son', 'uncle', 'brother', 'sister', 'sister', 'son', 'sister', 'sister', 'sister', 'sister']","Kenneth:male,Robert:male,Dale:male,Brian:male,Morgan:female,Joy:female,Victor:male,Isabel:female,Machelle:female,Kerrie:female",test
6b73ec45-bd7a-48ac-8287-cf769aa1643c,"('Victor', 'Debra')",grandmother,mother-sister-son-brother-father-sister-son-sister-uncle-mother,"['mother', 'sister', 'son', 'brother', 'father', 'sister', 'son', 'sister', 'uncle', 'mother']","Victor:male,Joy:female,Valerie:female,Robert:male,Darryl:male,Kenneth:male,Morgan:female,Donald:male,Frances:female,Harry:male,Debra:female",test
a047c4b8-5026-4cdb-bd8d-9ce9106080b2,"('Machelle', 'Valerie')",aunt,brother-sister-brother-father-brother-son-uncle-daughter-brother-aunt,"['brother', 'sister', 'brother', 'father', 'brother', 'son', 'uncle', 'daughter', 'brother', 'aunt']","Machelle:female,Victor:male,Kerrie:female,Harry:male,Brian:male,Scott:male,Dale:male,Ouida:female,Donald:male,Valerie:female",test
3125e386-60f0-428c-8707-efb6018141fc,"('Bruce', 'Kevin')",grandfather,brother-sister-mother-brother-brother-wife-son-mother-daughter-grandfather,"['brother', 'sister', 'mother', 'brother', 'brother', 'wife', 'son', 'mother', 'daughter', 'grandfather']","Bruce:male,Scott:male,Linda:female,Melissa:female,Dale:male,Kenneth:male,Valerie:female,Darryl:male,Elizabeth:female,Kevin:male",test
e7e602ac-b305-43ce-843c-2f2373aefc2d,"('Harry', 'Ouida')",niece,daughter-uncle-brother-daughter-brother-aunt-husband-son-sister-sister,"['daughter', 'uncle', 'brother', 'daughter', 'brother', 'aunt', 'husband', 'son', 'sister', 'sister']","Harry:male,Isabel:female,Brian:male,Kenneth:male,Elizabeth:female,Darryl:male,Morgan:female,Dale:male,Donald:male,Frances:female,Ouida:female",test
e0d417cd-2bf5-4da5-bdd1-58be2df83fda,"('Morgan', 'Harry')",brother,sister-husband-daughter-grandmother-daughter-daughter-brother-uncle-brother-brother,"['sister', 'husband', 'daughter', 'grandmother', 'daughter', 'daughter', 'brother', 'uncle', 'brother', 'brother']","Morgan:female,Joy:female,Harry:male,Kerrie:female,Debra:female,Valerie:female,Brittney:female,Robert:male,Brian:male,Kenneth:male",test
9754aa35-5c6f-4950-90e6-5049832f29d6,"('Scott', 'Kenneth')",uncle,father-brother-daughter-sister-mother-sister-father-daughter-father-son,"['father', 'brother', 'daughter', 'sister', 'mother', 'sister', 'father', 'daughter', 'father', 'son']","Scott:male,Brian:male,Harry:male,Kerrie:female,Isabel:female,Joy:female,Melissa:female,Kevin:male,Kenneth:male",test
a111a1e2-9387-4fab-ac33-982a18a5e9fb,"('Kevin', 'Kenneth')",son,wife-daughter-son-aunt-daughter-sister-sister-father-sister-brother,"['wife', 'daughter', 'son', 'aunt', 'daughter', 'sister', 'sister', 'father', 'sister', 'brother']","Kevin:male,Debra:female,Melissa:female,John:male,Joy:female,Machelle:female,Kerrie:female,Isabel:female,Harry:male,Morgan:female,Kenneth:male",test
c61f023d-6f77-4427-a5bb-d676b9c35b11,"('Melissa', 'Brittney')",niece,son-sister-father-son-brother-sister-sister-uncle-son-sister,"['son', 'sister', 'father', 'son', 'brother', 'sister', 'sister', 'uncle', 'son', 'sister']","Melissa:female,John:male,Linda:female,Brian:male,Scott:male,Barbara:female,Kenneth:male,Robert:male,Brittney:female",test
d79284db-3098-4ed2-9e05-811db36af294,"('Gabrielle', 'Alma')",daughter,husband-daughter,"['husband', 'daughter']","Gabrielle:female,Jason:male,Alma:female",test
41d7c0b8-d7a1-4c25-b721-7623b5ec59ad,"('Latasha', 'Jacob')",father,son-aunt-father,"['son', 'aunt', 'father']","Latasha:female,Justin:male,Rachel:female,Jacob:male,Rodney:male",test
9fb05bc4-8ff7-4cc5-ace0-89db7abef198,"('Morgan', 'Robert')",nephew,husband-son-sister-father-sister-son-sister-sister-father-son,"['husband', 'son', 'sister', 'father', 'sister', 'son', 'sister', 'sister', 'father', 'son']","Morgan:female,Dale:male,Donald:male,Ouida:female,Valerie:female,Darryl:male,Elizabeth:female,Brittney:female,Kenneth:male,Robert:male",test
fc69ed3d-b4c4-4c1f-85b2-0e6f812f8788,"('Brittney', 'Joy')",aunt,mother-son-sister-brother-father-sister-daughter-brother-sister-aunt,"['mother', 'son', 'sister', 'brother', 'father', 'sister', 'daughter', 'brother', 'sister', 'aunt']","Brittney:female,Valerie:female,Darryl:male,Elizabeth:female,Kenneth:male,Morgan:female,Ouida:female,Donald:male,Danielle:female,Joy:female",test
d6d4cc44-b6dd-4aaf-b631-021db3537d35,"('Isabel', 'Brian')",uncle,father-daughter-sister-sister-grandfather-daughter-daughter-aunt-daughter-uncle,"['father', 'daughter', 'sister', 'sister', 'grandfather', 'daughter', 'daughter', 'aunt', 'daughter', 'uncle']","Isabel:female,Harry:male,Machelle:female,Kevin:male,Joy:female,Valerie:female,Elizabeth:female,Brian:male",test
729874e1-b72e-4482-ae48-3fab6fd0b4a6,"('Joy', 'Donald')",nephew,son-sister-sister-sister-father-father-son-sister-daughter-brother,"['son', 'sister', 'sister', 'sister', 'father', 'father', 'son', 'sister', 'daughter', 'brother']","Joy:female,Victor:male,Kerrie:female,Isabel:female,Machelle:female,Harry:male,Kevin:male,Kenneth:male,Morgan:female,Frances:female,Donald:male",test
92309d92-b630-4d0d-a72c-5fa1262d7f32,"('Clarence', 'Patricia')",grandmother,mother-sister-mother,"['mother', 'sister', 'mother']","Clarence:male,Elizabeth:female,Marissa:female,Patricia:female,James:male,Marguerite:female",test
36e9964d-856e-4770-8b34-4a0bc5524463,"('James', 'Antonio')",father,son-aunt-father,"['son', 'aunt', 'father']","James:male,Leroy:male,Dawn:female,Antonio:male,Norman:male,Alex:male",test
dc7345d0-8613-495a-8d44-d01cd1e61b68,"('Norman', 'Patricia')",mother,daughter-mother-mother,"['daughter', 'mother', 'mother']","Norman:male,Miriam:female,Dawn:female,Patricia:female,Nancy:female,Todd:male",test
6160974b-a959-4a3f-8a21-c217bc657bdf,"('James', 'Patricia')",mother,sister-daughter-grandmother,"['sister', 'daughter', 'grandmother']","James:male,Dawn:female,Audry:female,Patricia:female,Elizabeth:female,Marissa:female",test
2556015d-bb8d-4e20-809d-b9f87f8d553a,"('Blanca', 'Patricia')",grandmother,mother-sister-mother,"['mother', 'sister', 'mother']","Blanca:female,Elizabeth:female,Dawn:female,Patricia:female,Robert:male,Maureen:female",test
304554ed-2a77-44e8-bc95-93a586e54352,"('Dawn', 'Antonio')",father,son-father-father,"['son', 'father', 'father']","Dawn:female,Henry:male,Norman:male,Antonio:male,Patricia:female,Frank:male",test
d69d2db7-6ce0-4db1-8988-75814c8c8d28,"('James', 'Patricia')",mother,daughter-mother-mother,"['daughter', 'mother', 'mother']","James:male,Blanca:female,Elizabeth:female,Patricia:female,Norman:male,Audry:female",test
8a4bb483-3d08-4720-ad06-c70c6ef91f09,"('Elizabeth', 'Patricia')",mother,son-father-mother,"['son', 'father', 'mother']","Elizabeth:female,Frank:male,James:male,Patricia:female,Antonio:male,Alverta:female",test
4521cea8-c301-4e4c-9f06-c10dbbca45a2,"('Elizabeth', 'Patricia')",mother,son-father-mother,"['son', 'father', 'mother']","Elizabeth:female,Clarence:male,James:male,Patricia:female,Alverta:female,Doris:female",test
abec0c70-6413-4f98-8e2f-a03bfb4e584e,"('Dawn', 'Patricia')",mother,son-father-mother,"['son', 'father', 'mother']","Dawn:female,Henry:male,Norman:male,Patricia:female,Robert:male,Elizabeth:female",test
54a14dc6-d9fc-4fea-8445-1d54755f8bde,"('Fred', 'Antonio')",father,son-aunt-father,"['son', 'aunt', 'father']","Fred:male,Gary:male,Dawn:female,Antonio:male,Marissa:female,Ronald:male",test
7f11d858-b732-44a5-999a-984e9f584a38,"('Fred', 'Patricia')",mother,daughter-mother-mother,"['daughter', 'mother', 'mother']","Fred:male,Marguerite:female,Marissa:female,Patricia:female,Todd:male,Nancy:female",test
59286d84-ee67-41c6-93f6-a0a5ea0eb0d3,"('Fred', 'Patricia')",mother,daughter-mother-mother,"['daughter', 'mother', 'mother']","Fred:male,Marguerite:female,Marissa:female,Patricia:female,Rhonda:female,Jason:male",test
c175cec0-7d86-40ca-91f5-ac746f52cf38,"('Elizabeth', 'Antonio')",father,son-father-father,"['son', 'father', 'father']","Elizabeth:female,Leroy:male,James:male,Antonio:male,Dawn:female,Harold:male",test
24ed4db5-5190-4fdc-9c58-8f1d90330be7,"('Elizabeth', 'Antonio')",father,son-father-father,"['son', 'father', 'father']","Elizabeth:female,Clarence:male,James:male,Antonio:male,Marissa:female,Pablo:male",test
42c919bd-a59a-4c0d-afa0-a3ff5475d225,"('James', 'Antonio')",father,son-aunt-father,"['son', 'aunt', 'father']","James:male,Frank:male,Alverta:female,Antonio:male,Robert:male,Blanca:female",test
c6188537-1d36-498e-9894-4acaf1418b80,"('Elizabeth', 'Patricia')",mother,sister-daughter-grandmother,"['sister', 'daughter', 'grandmother']","Elizabeth:female,Dawn:female,Hilda:female,Patricia:female,Robert:male,Alex:male",test
7f4884ef-9d11-4047-9b1c-aa15e0e8e223,"('Robert', 'Patricia')",mother-in-law,wife-son-grandmother,"['wife', 'son', 'grandmother']","Robert:male,Alverta:female,Pablo:male,Patricia:female,Dawn:female,Henry:male",test
f79367cf-92ad-42cf-b721-a0f0cde7fffe,"('Miriam', 'Patricia')",grandmother,mother-sister-mother,"['mother', 'sister', 'mother']","Miriam:female,Dawn:female,Elizabeth:female,Patricia:female,James:male,Leslie:female",test
d1700fe6-8f0c-4f7d-98b5-6076ec164654,"('James', 'Antonio')",father,son-aunt-father,"['son', 'aunt', 'father']","James:male,Clarence:male,Marissa:female,Antonio:male,Norman:male,Edward:male",test
83339d7e-d10b-40fe-a8d9-3336e94b0431,"('James', 'Patricia')",mother,wife-son-grandmother,"['wife', 'son', 'grandmother']","James:male,Elizabeth:female,Frank:male,Patricia:female,Alverta:female,Alex:male",test
612d4145-361b-4a56-aa5a-98a2ca5844fc,"('Maureen', 'Patricia')",grandmother,mother-sister-mother,"['mother', 'sister', 'mother']","Maureen:female,Dawn:female,Marissa:female,Patricia:female,Alverta:female,Frank:male",test
8a600cfc-7884-47b4-a422-156a1dbbeb0f,"('Norman', 'Patricia')",mother,sister-daughter-grandmother,"['sister', 'daughter', 'grandmother']","Norman:male,Elizabeth:female,Cheryl:female,Patricia:female,Antonio:male,Rhonda:female",test
1d5be397-c3cc-4089-aa3e-f9ac5fec1a61,"('Doris', 'Patricia')",grandmother,mother-sister-mother,"['mother', 'sister', 'mother']","Doris:female,Marissa:female,Elizabeth:female,Patricia:female,Fred:male,Clarence:male",test
89b4b521-1c5b-4e4d-a904-3393fe577b31,"('Fred', 'Antonio')",father,son-aunt-father,"['son', 'aunt', 'father']","Fred:male,Thomas:male,Dawn:female,Antonio:male,James:male,Leroy:male",test
42912560-dfa1-49de-b2a8-ae6d86e562f0,"('Robert', 'Patricia')",mother-in-law,wife-son-grandmother,"['wife', 'son', 'grandmother']","Robert:male,Alverta:female,Dennis:male,Patricia:female,Gary:male,Norman:male",test
9a9175a5-255c-4750-aef5-05e297c66aad,"('Elizabeth', 'Patricia')",mother,sister-daughter-grandmother,"['sister', 'daughter', 'grandmother']","Elizabeth:female,Marissa:female,Rhonda:female,Patricia:female,Fred:male,Norman:male",test
3e257862-0341-4229-9b3f-c206613cec22,"('Robert', 'Patricia')",mother,sister-daughter-grandmother,"['sister', 'daughter', 'grandmother']","Robert:male,Elizabeth:female,Esther:female,Patricia:female,James:male,Cheryl:female",test
2946189a-f15c-4532-8e5d-642ea86dd9b3,"('James', 'Patricia')",mother,daughter-mother-mother,"['daughter', 'mother', 'mother']","James:male,Antonia:female,Elizabeth:female,Patricia:female,Alverta:female,Doris:female",test
9e01179f-f6e0-49d4-86c2-d9e32ff19457,"('Doris', 'Patricia')",grandmother,mother-sister-mother,"['mother', 'sister', 'mother']","Doris:female,Marissa:female,Elizabeth:female,Patricia:female,Ronald:male,Leslie:female",test
ca18d0e7-f7d6-4b04-b56c-8079b74653d2,"('Elizabeth', 'Antonio')",father,son-father-father,"['son', 'father', 'father']","Elizabeth:female,Leroy:male,James:male,Antonio:male,Marissa:female,Frank:male",test
6a1a3f23-5283-4f38-871d-7ec261694a77,"('Norman', 'Patricia')",mother,wife-son-grandmother,"['wife', 'son', 'grandmother']","Norman:male,Dawn:female,Harry:male,Patricia:female,Rachel:female,Fred:male",test
fd3fbadf-01c1-4964-88f7-84999dd7e268,"('Gloria', 'Ruth')",mother,brother-father-son-sister-mother,"['brother', 'father', 'son', 'sister', 'mother']","Gloria:female,Jeff:male,Jason:male,Jeremy:male,Stephanie:female,Ruth:female",test
32bb62bb-db7d-4703-bd75-08db455efe12,"('Robert', 'Patricia')",mother-in-law,wife-son-grandmother,"['wife', 'son', 'grandmother']","Robert:male,Alverta:female,Dennis:male,Patricia:female,Antonio:male,James:male",test
22bc37a6-ad5a-4bd1-9c4c-11a9efc30a60,"('Dawn', 'Antonio')",father,son-father-father,"['son', 'father', 'father']","Dawn:female,Henry:male,Norman:male,Antonio:male,Fred:male,Alverta:female",test
84892c41-3857-4d03-8762-9da77caf6724,"('Dale', 'Victor')",nephew,daughter-brother-sister-sister-mother-mother-son-daughter-sister-brother,"['daughter', 'brother', 'sister', 'sister', 'mother', 'mother', 'son', 'daughter', 'sister', 'brother']","Dale:male,Ouida:female,Donald:male,Frances:female,Danielle:female,Morgan:female,Debra:female,Harry:male,Isabel:female,Kerrie:female,Victor:male",test
f1f47b74-b80d-4f00-92e8-8167c5c5e11d,"('Melissa', 'Morgan')",sister,brother-sister-father-son-son-aunt-son-brother-sister-aunt,"['brother', 'sister', 'father', 'son', 'son', 'aunt', 'son', 'brother', 'sister', 'aunt']","Melissa:female,Kenneth:male,Joy:female,Kevin:male,Harry:male,Victor:male,Valerie:female,Darryl:male,Robert:male,Elizabeth:female,Morgan:female",test
86faef3e-71b9-42ad-9e84-66f7f75969b0,"('Kerrie', 'Dale')",uncle,mother-daughter-brother-sister-brother-sister-father-sister-son-uncle,"['mother', 'daughter', 'brother', 'sister', 'brother', 'sister', 'father', 'sister', 'son', 'uncle']","Kerrie:female,Joy:female,Isabel:female,Victor:male,Machelle:female,Harry:male,Melissa:female,John:male,Dale:male",test
eefbd320-4440-4b51-9138-628ef35774f6,"('Joy', 'Scott')",nephew,daughter-sister-father-brother-daughter-uncle-sister-son-father-son,"['daughter', 'sister', 'father', 'brother', 'daughter', 'uncle', 'sister', 'son', 'father', 'son']","Joy:female,Kerrie:female,Machelle:female,Harry:male,Kenneth:male,Elizabeth:female,Dale:male,Melissa:female,John:male,Brian:male,Scott:male",test
a2f54750-a00c-4c53-96bf-3ba7dc32b42b,"('Harry', 'Danielle')",niece,daughter-grandmother-daughter-sister-sister-husband-son-sister-brother-sister,"['daughter', 'grandmother', 'daughter', 'sister', 'sister', 'husband', 'son', 'sister', 'brother', 'sister']","Harry:male,Kerrie:female,Debra:female,Joy:female,Valerie:female,Morgan:female,Dale:male,Donald:male,Ouida:female,Danielle:female",test
86684097-ca77-4a48-bb59-cabc853cadf4,"('Kevin', 'Scott')",grandson,daughter-brother-brother-sister-sister-sister-husband-daughter-brother-brother,"['daughter', 'brother', 'brother', 'sister', 'sister', 'sister', 'husband', 'daughter', 'brother', 'brother']","Kevin:male,Valerie:female,Harry:male,Kenneth:male,Joy:female,Melissa:female,Brian:male,Barbara:female,John:male,Scott:male",test
d08fd685-e960-4052-81a6-04bb6dd56557,"('Kerrie', 'Kevin')",grandfather,brother-father-daughter-sister-mother-son-sister-sister-father-father,"['brother', 'father', 'daughter', 'sister', 'mother', 'son', 'sister', 'sister', 'father', 'father']","Kerrie:female,Victor:male,Harry:male,Machelle:female,Isabel:female,Joy:female,Kevin:male",test
69f051a2-be8f-4c46-a6ea-199e7d45ae35,"('Kenneth', 'Melissa')",sister,sister-father-daughter-sister-husband-daughter-father-brother-daughter-aunt,"['sister', 'father', 'daughter', 'sister', 'husband', 'daughter', 'father', 'brother', 'daughter', 'aunt']","Kenneth:male,Morgan:female,Kevin:male,Valerie:female,Robyn:female,Dale:male,Danielle:female,Melissa:female",test
d357ec75-68d0-49b7-b705-93b00f8670ff,"('Ouida', 'Joy')",aunt,sister-mother-brother-daughter-sister-brother-grandmother-daughter-brother-sister,"['sister', 'mother', 'brother', 'daughter', 'sister', 'brother', 'grandmother', 'daughter', 'brother', 'sister']","Ouida:female,Danielle:female,Morgan:female,Brian:male,Linda:female,Barbara:female,Scott:male,Debra:female,Valerie:female,Dale:male,Joy:female",test
b1edc5ff-7872-4372-8007-5f5a68b59ccf,"('Dale', 'Isabel')",niece,wife-daughter-brother-sister-sister-sister-sister-mother-sister-daughter,"['wife', 'daughter', 'brother', 'sister', 'sister', 'sister', 'sister', 'mother', 'sister', 'daughter']","Dale:male,Morgan:female,Frances:female,Donald:male,Danielle:female,Ouida:female,Joy:female,Isabel:female",test
2a759e28-4f11-4704-b98d-7a58ce886ab2,"('Isabel', 'Melissa')",aunt,sister-brother-mother-daughter-sister-grandmother-daughter-son-father-sister,"['sister', 'brother', 'mother', 'daughter', 'sister', 'grandmother', 'daughter', 'son', 'father', 'sister']","Isabel:female,Kerrie:female,Victor:male,Joy:female,Machelle:female,Debra:female,Morgan:female,Donald:male,Dale:male,Melissa:female",test
d224af93-668f-4e45-84fd-681bb735d20a,"('Valerie', 'Melissa')",sister,daughter-sister-father-son-sister-sister-grandfather-wife-son-sister,"['daughter', 'sister', 'father', 'son', 'sister', 'sister', 'grandfather', 'wife', 'son', 'sister']","Valerie:female,Brittney:female,Robyn:female,Kenneth:male,Robert:male,Elizabeth:female,Kevin:male,Debra:female,Melissa:female",test
82a6e5b5-58df-4bd4-b76e-c0182a659e56,"('Marissa', 'Patricia')",mother,son-father-mother,"['son', 'father', 'mother']","Marissa:female,Thomas:male,Fred:male,Patricia:female,Antonio:male,James:male",test
b7b63d7b-b853-41ce-9cb4-86eff8b1b99b,"('Scott', 'Kenneth')",uncle,father-son-sister-brother-mother-daughter-sister-brother-father-brother,"['father', 'son', 'sister', 'brother', 'mother', 'daughter', 'sister', 'brother', 'father', 'brother']","Scott:male,Brian:male,John:male,Linda:female,Melissa:female,Barbara:female,Kenneth:male",test
c357368f-d9b7-4389-87c5-119843f03ad8,"('Kevin', 'Ouida')",granddaughter,daughter-sister-son-aunt-daughter-father-sister-husband-daughter-sister,"['daughter', 'sister', 'son', 'aunt', 'daughter', 'father', 'sister', 'husband', 'daughter', 'sister']","Kevin:male,Valerie:female,Melissa:female,Scott:male,Joy:female,Isabel:female,Harry:male,Morgan:female,Dale:male,Danielle:female,Ouida:female",test
0f41a0aa-2c72-4935-892a-7e7e62433c4e,"('Fred', 'Antonio')",father,son-aunt-father,"['son', 'aunt', 'father']","Fred:male,Gary:male,Elizabeth:female,Antonio:male,Jason:male,Marguerite:female",test
c9d65e9b-57be-4e34-ae53-12ef96f77bb6,"('James', 'Patricia')",mother,wife-son-grandmother,"['wife', 'son', 'grandmother']","James:male,Elizabeth:female,Clarence:male,Patricia:female,Fred:male,Dennis:male",test
a9c1e1bc-ed5d-4f3a-81b6-5a7bd1e36d56,"('Dawn', 'Patricia')",mother,son-father-mother,"['son', 'father', 'mother']","Dawn:female,John:male,Norman:male,Patricia:female,Antonio:male,Henry:male",test
14a6f864-d14a-433c-968c-8a671ee6f004,"('Dawn', 'Antonio')",father,son-father-father,"['son', 'father', 'father']","Dawn:female,John:male,Norman:male,Antonio:male,Robert:male,Rachel:female",test
73fca32b-2481-47e2-a10e-7bd25e837a6e,"('Norman', 'Patricia')",mother,daughter-mother-mother,"['daughter', 'mother', 'mother']","Norman:male,Audry:female,Dawn:female,Patricia:female,Marissa:female,Hilda:female",test
796369b6-1d95-4149-8f00-cde3d84a35ac,"('James', 'Patricia')",mother,sister-daughter-grandmother,"['sister', 'daughter', 'grandmother']","James:male,Marissa:female,Rhonda:female,Patricia:female,Pablo:male,Fred:male",test
fd261567-99a6-4f22-9474-cd6a06754509,"('Dawn', 'Antonio')",father,son-aunt-father,"['son', 'aunt', 'father']","Dawn:female,Henry:male,Marissa:female,Antonio:male,Patricia:female,Cheryl:female",test
ecc418fb-a70a-4ded-84c6-6d02f344ed58,"('Robert', 'Patricia')",mother-in-law,wife-son-grandmother,"['wife', 'son', 'grandmother']","Robert:male,Alverta:female,Dennis:male,Patricia:female,Marissa:female,Norman:male",test
d8763cec-753c-4810-9628-4c311f71fdbb,"('David', 'Jennifer')",mother-in-law,wife-son-grandmother,"['wife', 'son', 'grandmother']","David:male,Judy:female,Michael:male,Jennifer:female,Dorothy:female",test
41d502f7-132f-4157-a21c-de4801f92c2a,"('Emerita', 'Jennifer')",grandmother,mother-sister-mother,"['mother', 'sister', 'mother']","Emerita:female,Judy:female,Latasha:female,Jennifer:female,Jose:male",test
bfddab05-2e2d-4273-a164-5a4dffa08f6e,"('Elizabeth', 'Antonio')",father,son-father-father,"['son', 'father', 'father']","Elizabeth:female,Leroy:male,James:male,Antonio:male,Fred:male,Hilda:female",test
56248844-6f46-4db2-bf46-793ceada60cd,"('Valerie', 'Scott')",nephew,son-sister-father-sister-sister-sister-mother-daughter-brother-son,"['son', 'sister', 'father', 'sister', 'sister', 'sister', 'mother', 'daughter', 'brother', 'son']","Valerie:female,Robert:male,Elizabeth:female,Kenneth:male,Morgan:female,Joy:female,Melissa:female,Debra:female,Brian:male,Scott:male",test
59c7c514-c4d9-4898-ad07-6d5e1eaf1f52,"('John', 'Dale')",uncle,sister-brother-sister-father-wife-son-mother-mother-son-brother,"['sister', 'brother', 'sister', 'father', 'wife', 'son', 'mother', 'mother', 'son', 'brother']","John:male,Linda:female,Scott:male,Barbara:female,Brian:male,Melissa:female,Debra:female,Kenneth:male,Dale:male",test
77487a65-52c2-44e5-8fa7-d24edd25cbd7,"('Joy', 'Melissa')",sister,sister-daughter-father-sister-husband-daughter-brother-grandmother-son-sister,"['sister', 'daughter', 'father', 'sister', 'husband', 'daughter', 'brother', 'grandmother', 'son', 'sister']","Joy:female,Morgan:female,Frances:female,Dale:male,Valerie:female,Kenneth:male,Brittney:female,Robert:male,Debra:female,Harry:male,Melissa:female",test
5ef2457f-c3a0-420b-9220-324992444b1d,"('Morgan', 'John')",nephew,brother-sister-sister-daughter-sister-grandfather-wife-daughter-brother-son,"['brother', 'sister', 'sister', 'daughter', 'sister', 'grandfather', 'wife', 'daughter', 'brother', 'son']","Morgan:female,Harry:male,Melissa:female,Frances:female,Ouida:female,Kevin:male,Debra:female,Valerie:female,Brian:male,John:male",test
a62b480b-e8e7-4ad4-83ba-aafeb4990010,"('Donald', 'Melissa')",aunt,sister-sister-father-daughter-aunt-brother-mother-daughter-brother-sister,"['sister', 'sister', 'father', 'daughter', 'aunt', 'brother', 'mother', 'daughter', 'brother', 'sister']","Donald:male,Frances:female,Danielle:female,Dale:male,Valerie:female,Harry:male,Debra:female,Joy:female,Kenneth:male,Melissa:female",test
51476dff-0780-4a77-8975-0533cdba84d1,"('Victor', 'Morgan')",aunt,sister-brother-sister-mother-mother-daughter-sister-sister-brother-sister,"['sister', 'brother', 'sister', 'mother', 'mother', 'daughter', 'sister', 'sister', 'brother', 'sister']","Victor:male,Machelle:female,Cyrus:male,Kerrie:female,Joy:female,Debra:female,Morgan:female,Valerie:female,Melissa:female,Harry:male",test
fd897e63-e410-40f0-b553-ff7fb42dc969,"('Valerie', 'Machelle')",niece,son-sister-brother-father-father-daughter-husband-son-sister-sister,"['son', 'sister', 'brother', 'father', 'father', 'daughter', 'husband', 'son', 'sister', 'sister']","Valerie:female,Robert:male,Elizabeth:female,Darryl:male,Kenneth:male,Kevin:male,Joy:female,Harry:male,Victor:male,Kerrie:female,Machelle:female",test
1b7fccbc-8f84-4f29-b111-d66bb9372451,"('Melissa', 'Kerrie')",niece,son-brother-sister-father-sister-sister-husband-daughter-brother-sister,"['son', 'brother', 'sister', 'father', 'sister', 'sister', 'husband', 'daughter', 'brother', 'sister']","Melissa:female,Scott:male,Bruce:male,Linda:female,Brian:male,Valerie:female,Joy:female,Harry:male,Machelle:female,Victor:male,Kerrie:female",test
65056b01-798d-449a-80f8-67db4545ed65,"('Brian', 'Dale')",brother,son-sister-brother-mother-brother-son-brother-mother-sister-brother,"['son', 'sister', 'brother', 'mother', 'brother', 'son', 'brother', 'mother', 'sister', 'brother']","Brian:male,John:male,Linda:female,Bruce:male,Melissa:female,Kenneth:male,Robert:male,Darryl:male,Valerie:female,Joy:female,Dale:male",test
c4872aff-57a7-4f3f-95ab-d921a329811c,"('Debra', 'Kenneth')",son,daughter-daughter-sister-father-son-sister-grandfather-son-brother-brother,"['daughter', 'daughter', 'sister', 'father', 'son', 'sister', 'grandfather', 'son', 'brother', 'brother']","Debra:female,Morgan:female,Ouida:female,Frances:female,Dale:male,Donald:male,Kevin:male,Brian:male,Harry:male,Kenneth:male",test
2c0300f8-62c0-4b0e-a012-4e9284c38580,"('Danielle', 'Brian')",uncle,sister-mother-son-sister-mother-husband-daughter-father-sister-brother,"['sister', 'mother', 'son', 'sister', 'mother', 'husband', 'daughter', 'father', 'sister', 'brother']","Danielle:female,Ouida:female,Morgan:female,Donald:male,Frances:female,Dale:male,Valerie:female,Brian:male",test
abd6c85e-527e-4dc1-82e6-749e5cb95f19,"('Harry', 'Morgan')",sister,son-sister-mother-brother-sister-son-aunt-mother-son-sister,"['son', 'sister', 'mother', 'brother', 'sister', 'son', 'aunt', 'mother', 'son', 'sister']","Harry:male,Cyrus:male,Machelle:female,Joy:female,Brian:male,Valerie:female,Darryl:male,Debra:female,Kenneth:male,Morgan:female",test
bffe2a87-d8b3-4167-9417-f95ab8a237fe,"('Ouida', 'Brian')",uncle,father-daughter-mother-brother-son-aunt-father-wife-daughter-brother,"['father', 'daughter', 'mother', 'brother', 'son', 'aunt', 'father', 'wife', 'daughter', 'brother']","Ouida:female,Dale:male,Danielle:female,Morgan:female,Kenneth:male,Robert:male,Joy:female,Kevin:male,Debra:female,Valerie:female,Brian:male",test
9b1e0f9b-0f23-447f-8a67-a07b61bf8220,"('Machelle', 'Morgan')",aunt,sister-brother-father-wife-son-brother-sister-grandfather-son-sister,"['sister', 'brother', 'father', 'wife', 'son', 'brother', 'sister', 'grandfather', 'son', 'sister']","Machelle:female,Kerrie:female,Victor:male,Harry:male,Joy:female,Cyrus:male,Kevin:male,Brian:male,Morgan:female",test
f1c38314-253a-4365-bb12-c6a7f28d1cce,"('Debra', 'Darryl')",grandson,daughter-daughter-uncle-son-brother-mother-sister-son-sister-brother,"['daughter', 'daughter', 'uncle', 'son', 'brother', 'mother', 'sister', 'son', 'sister', 'brother']","Debra:female,Joy:female,Machelle:female,Brian:male,Bruce:male,John:male,Melissa:female,Valerie:female,Robert:male,Elizabeth:female,Darryl:male",test
2a6026e5-39d5-4982-8ec3-5d62d9d964fa,"('Harry', 'Valerie')",sister,brother-son-brother-mother-son-brother-sister-uncle-daughter-aunt,"['brother', 'son', 'brother', 'mother', 'son', 'brother', 'sister', 'uncle', 'daughter', 'aunt']","Harry:male,Brian:male,John:male,Bruce:male,Melissa:female,Linda:female,Dale:male,Frances:female,Valerie:female",test
735dce95-43ef-4342-b0f6-6a58c92b788d,"('Kevin', 'Joy')",daughter,son-sister-brother-son-sister-brother-brother-brother-mother-sister,"['son', 'sister', 'brother', 'son', 'sister', 'brother', 'brother', 'brother', 'mother', 'sister']","Kevin:male,Kenneth:male,Morgan:female,Brian:male,John:male,Linda:female,Bruce:male,Scott:male,Melissa:female,Joy:female",test
0fa7af13-53b6-47ab-8555-ab52bd61b366,"('John', 'Valerie')",aunt,father-son-brother-uncle-son-uncle-daughter-uncle-father-daughter,"['father', 'son', 'brother', 'uncle', 'son', 'uncle', 'daughter', 'uncle', 'father', 'daughter']","John:male,Brian:male,Scott:male,Bruce:male,Harry:male,Cyrus:male,Dale:male,Ouida:female,Kevin:male,Valerie:female",test
c5692bfc-2d39-4829-aafb-2f2da5e3de7b,"('Frances', 'Brian')",uncle,sister-sister-sister-brother-mother-brother-son-grandfather-son-brother,"['sister', 'sister', 'sister', 'brother', 'mother', 'brother', 'son', 'grandfather', 'son', 'brother']","Frances:female,Ouida:female,Danielle:female,Donald:male,Morgan:female,Harry:male,Victor:male,Kevin:male,Brian:male",test
1a405c0d-22a4-4642-b305-ad9d91c47599,"('Joy', 'Scott')",nephew,brother-son-sister-brother-mother-sister-son-brother-sister-brother,"['brother', 'son', 'sister', 'brother', 'mother', 'sister', 'son', 'brother', 'sister', 'brother']","Joy:female,Kenneth:male,Darryl:male,Elizabeth:female,Robert:male,Valerie:female,Melissa:female,John:male,Bruce:male,Linda:female,Scott:male",test
81cd6452-0037-4e70-9963-28b8d96e72d0,"('Melissa', 'Isabel')",niece,son-sister-uncle-wife-husband-son-sister-sister-brother-sister,"['son', 'sister', 'uncle', 'wife', 'husband', 'son', 'sister', 'sister', 'brother', 'sister']","Melissa:female,Scott:male,Linda:female,Harry:male,Joy:female,Victor:male,Machelle:female,Kerrie:female,Isabel:female",test
13088f6a-3599-4f29-9d1e-3b08bd2f9014,"('Brian', 'Ouida')",niece,son-brother-mother-brother-brother-daughter-aunt-son-uncle-daughter,"['son', 'brother', 'mother', 'brother', 'brother', 'daughter', 'aunt', 'son', 'uncle', 'daughter']","Brian:male,Scott:male,Bruce:male,Melissa:female,Harry:male,Kenneth:male,Brittney:female,Dale:male,Ouida:female",test
d97d8497-52eb-4455-9c60-6bb974d43176,"('Brian', 'Elizabeth')",niece,sister-brother-brother-daughter-uncle-wife-son-brother-brother-sister,"['sister', 'brother', 'brother', 'daughter', 'uncle', 'wife', 'son', 'brother', 'brother', 'sister']","Brian:male,Joy:female,Dale:male,Harry:male,Machelle:female,Kenneth:male,Valerie:female,Robert:male,Darryl:male,Elizabeth:female",test
0f4ad1d9-64ff-428d-9404-f4a83baa58a7,"('Morgan', 'Melissa')",sister,husband-daughter-uncle-daughter-brother-sister-sister-mother-sister-sister,"['husband', 'daughter', 'uncle', 'daughter', 'brother', 'sister', 'sister', 'mother', 'sister', 'sister']","Morgan:female,Dale:male,Danielle:female,Harry:male,Machelle:female,Victor:male,Kerrie:female,Isabel:female,Joy:female,Valerie:female,Melissa:female",test
3014a099-76c0-4a50-842d-22272516344d,"('Kenneth', 'Brian')",brother,father-wife-daughter-daughter-sister-brother-father-daughter-aunt-brother,"['father', 'wife', 'daughter', 'daughter', 'sister', 'brother', 'father', 'daughter', 'aunt', 'brother']","Kenneth:male,Kevin:male,Debra:female,Joy:female,Kerrie:female,Isabel:female,Victor:male,Harry:male,Machelle:female,Morgan:female,Brian:male",test
c67bf38c-8df8-416b-94a2-3304325635e7,"('Debra', 'Brittney')",granddaughter,son-son-aunt-father-daughter-son-brother-father-son-sister,"['son', 'son', 'aunt', 'father', 'daughter', 'son', 'brother', 'father', 'son', 'sister']","Debra:female,Brian:male,Scott:male,Morgan:female,Kevin:male,Valerie:female,Darryl:male,Robert:male,Kenneth:male,Brittney:female",test
c5a0fb69-4629-45cc-ad52-c905d2fde01b,"('Joy', 'Ouida')",niece,son-grandmother-son-sister-son-brother-uncle-wife-daughter-sister,"['son', 'grandmother', 'son', 'sister', 'son', 'brother', 'uncle', 'wife', 'daughter', 'sister']","Joy:female,Victor:male,Debra:female,Kenneth:male,Melissa:female,John:male,Scott:male,Dale:male,Morgan:female,Danielle:female,Ouida:female",test
b1203616-545f-4259-b0a1-4cf95d37fb8d,"('Latasha', 'Jacob')",father,son-aunt-father,"['son', 'aunt', 'father']","Latasha:female,Jose:male,Rachel:female,Jacob:male,Jonathon:male",test
e3c73eb2-16ea-4ddf-a7e0-99a756c3a9ad,"('Kerrie', 'Kenneth')",uncle,brother-sister-mother-sister-sister-father-daughter-mother-son-brother,"['brother', 'sister', 'mother', 'sister', 'sister', 'father', 'daughter', 'mother', 'son', 'brother']","Kerrie:female,Victor:male,Isabel:female,Joy:female,Morgan:female,Valerie:female,Kevin:male,Debra:female,Brian:male,Kenneth:male",test
47514ab8-633b-4e00-a191-2963e7560cbc,"('John', 'Patricia')",grandmother,mother-sister-mother,"['mother', 'sister', 'mother']","John:male,Dawn:female,Elizabeth:female,Patricia:female,Alverta:female,Frank:male",test
1fd66a43-5cc1-41ee-9abc-66828598f04d,"('Dawn', 'Patricia')",mother,sister-daughter-grandmother,"['sister', 'daughter', 'grandmother']","Dawn:female,Marissa:female,Rhonda:female,Patricia:female,Norman:male,Miriam:female",test
a7f4a840-2dce-4222-ba4f-a560adcb36f7,"('Robert', 'Patricia')",mother-in-law,wife-son-grandmother,"['wife', 'son', 'grandmother']","Robert:male,Alverta:female,Alex:male,Patricia:female,Fred:male,Doris:female",test
d72b0e34-0478-4679-8b55-a847641ec780,"('Dawn', 'Patricia')",mother,son-father-mother,"['son', 'father', 'mother']","Dawn:female,John:male,Norman:male,Patricia:female,Antonio:male,Dennis:male",test
f93acc5e-6457-4987-a76a-f4b42c68321f,"('Fred', 'Patricia')",mother,daughter-mother-mother,"['daughter', 'mother', 'mother']","Fred:male,Rhonda:female,Marissa:female,Patricia:female,Robert:male,Pablo:male",test
fb5cfb82-6a59-4989-b2ff-e874d32f7b96,"('Marissa', 'Antonio')",father,son-father-father,"['son', 'father', 'father']","Marissa:female,Thomas:male,Fred:male,Antonio:male,Leroy:male,Dawn:female",test
509d0c75-dd93-42be-a006-e33705f7902c,"('Robert', 'Patricia')",mother,sister-daughter-grandmother,"['sister', 'daughter', 'grandmother']","Robert:male,Elizabeth:female,Esther:female,Patricia:female,Norman:male,Pablo:male",test
ff61402a-0c26-4797-9c5c-5f70b9c83491,"('Elizabeth', 'Patricia')",mother,son-father-mother,"['son', 'father', 'mother']","Elizabeth:female,Leroy:male,James:male,Patricia:female,Robert:male,Miriam:female",test
bb7723b6-ef54-4386-ad37-e594ff93fcfc,"('Norman', 'Patricia')",mother,wife-son-grandmother,"['wife', 'son', 'grandmother']","Norman:male,Dawn:female,Henry:male,Patricia:female,Robert:male,Leroy:male",test
2619edeb-9e9f-4e64-820b-26545e87c53e,"('Esther', 'Patricia')",grandmother,mother-sister-mother,"['mother', 'sister', 'mother']","Esther:female,Elizabeth:female,Dawn:female,Patricia:female,Robert:male,Kelley:female",test
4c44ab60-0e41-4267-8909-82d0649ed650,"('Robert', 'Antonio')",father,son-aunt-father,"['son', 'aunt', 'father']","Robert:male,Dennis:male,Dawn:female,Antonio:male,Norman:male,Alverta:female",test
f6547039-5d70-4edb-8d1e-5b02b4a8ee7a,"('James', 'Patricia')",mother,daughter-mother-mother,"['daughter', 'mother', 'mother']","James:male,Blanca:female,Elizabeth:female,Patricia:female,Robert:male,Ronald:male",test
2fb056d2-bc54-4cce-b1e8-2bdc31ca7361,"('James', 'Patricia')",mother,wife-son-grandmother,"['wife', 'son', 'grandmother']","James:male,Elizabeth:female,Frank:male,Patricia:female,Antonio:male,Todd:male",test
4421ecf1-896f-4e80-ab82-808ae6ff9a3b,"('Norman', 'Antonio')",father,son-aunt-father,"['son', 'aunt', 'father']","Norman:male,Henry:male,Elizabeth:female,Antonio:male,Todd:male,Dawn:female",test
fb45c84e-7ab6-4af1-a7af-951d3798c6bf,"('Marissa', 'Patricia')",mother,sister-daughter-grandmother,"['sister', 'daughter', 'grandmother']","Marissa:female,Alverta:female,Nancy:female,Patricia:female,Norman:male,Pablo:male",test
16af09a2-930f-455a-a992-e01a84d637d7,"('William', 'Nettie')",mother-in-law,wife-son-grandmother,"['wife', 'son', 'grandmother']","William:male,April:female,Wayne:male,Nettie:female,John:male",test
32493aef-9ba0-426e-9403-b7db913db914,"('Audry', 'Patricia')",grandmother,mother-sister-mother,"['mother', 'sister', 'mother']","Audry:female,Dawn:female,Marissa:female,Patricia:female,James:male,Jason:male",test
049b04bc-2da0-4d0e-86e1-ab003c41be23,"('Elizabeth', 'Patricia')",mother,son-father-mother,"['son', 'father', 'mother']","Elizabeth:female,Leroy:male,James:male,Patricia:female,Fred:male,Rhonda:female",test
b6f45e54-66c6-4a81-9edc-c784a6385c2a,"('Elizabeth', 'Antonio')",father,son-father-father,"['son', 'father', 'father']","Elizabeth:female,Edward:male,James:male,Antonio:male,Alverta:female,Pablo:male",test
03884070-e338-4c21-89e8-946dd18a657f,"('James', 'Patricia')",mother,daughter-mother-mother,"['daughter', 'mother', 'mother']","James:male,Esther:female,Elizabeth:female,Patricia:female,Antonio:male,Henry:male",test
a2e965e8-42ca-4bdd-b0fb-7243640c76df,"('Robert', 'Patricia')",mother-in-law,wife-son-grandmother,"['wife', 'son', 'grandmother']","Robert:male,Alverta:female,Pablo:male,Patricia:female,Dawn:female,Rachel:female",test
0a2b9b99-bc01-4339-93e8-08ba261ef8d5,"('Alverta', 'Patricia')",mother,sister-daughter-grandmother,"['sister', 'daughter', 'grandmother']","Alverta:female,Marissa:female,Doris:female,Patricia:female,Norman:male,Elizabeth:female",test
1a1c4944-f383-4711-a1b1-7bca57356ec9,"('Dawn', 'Antonio')",father,son-aunt-father,"['son', 'aunt', 'father']","Dawn:female,Harry:male,Elizabeth:female,Antonio:male,Marissa:female,Henry:male",test
979025bc-8cdc-49f3-b588-cfacf425c3fa,"('Henry', 'Patricia')",grandmother,mother-sister-mother,"['mother', 'sister', 'mother']","Henry:male,Dawn:female,Marissa:female,Patricia:female,Antonio:male,Edward:male",test
bcfeeb9b-51b8-449d-a459-bee1b533ec9d,"('Elizabeth', 'Patricia')",mother,son-father-mother,"['son', 'father', 'mother']","Elizabeth:female,Clarence:male,James:male,Patricia:female,Nancy:female,Todd:male",test
023c2654-1daa-499d-bfd9-a720ec4c023f,"('James', 'Antonio')",father,son-aunt-father,"['son', 'aunt', 'father']","James:male,Clarence:male,Marissa:female,Antonio:male,Kelley:female,Alex:male",test
6e410edc-3537-4b01-8bd3-09f3ff0d3b39,"('James', 'Patricia')",mother,daughter-mother-mother,"['daughter', 'mother', 'mother']","James:male,Esther:female,Elizabeth:female,Patricia:female,John:male,Hilda:female",test
ed373194-51fd-414d-97e6-740b994907ec,"('Norman', 'Patricia')",mother,wife-son-grandmother,"['wife', 'son', 'grandmother']","Norman:male,Dawn:female,John:male,Patricia:female,Marissa:female,Antonia:female",test
e3b41a39-75a0-446d-8b52-5fd7a0cb037a,"('Dawn', 'Antonio')",father,son-father-father,"['son', 'father', 'father']","Dawn:female,Henry:male,Norman:male,Antonio:male,Marissa:female,John:male",test
70d09c5e-7d4a-4938-945f-f1a7a3f591f6,"('Dawn', 'Patricia')",mother,son-father-mother,"['son', 'father', 'mother']","Dawn:female,John:male,Norman:male,Patricia:female,Rhonda:female,Leslie:female",test
30b2253e-7a5a-448c-ae1f-174806c5f53d,"('Elizabeth', 'Antonio')",father,son-father-father,"['son', 'father', 'father']","Elizabeth:female,Leroy:male,James:male,Antonio:male,Doris:female,Marguerite:female",test
fa1b7756-4b7d-44c3-99cf-880e250fe96e,"('William', 'Nettie')",mother,sister-daughter-grandmother,"['sister', 'daughter', 'grandmother']","William:male,Mary:female,Elise:female,Nettie:female,Ryan:male",test
8331c9ae-8b6f-4a54-9eb0-37d6d91eb995,"('Valerie', 'Cyrus')",nephew,son-father-son-brother-sister-aunt-son-sister-sister-brother,"['son', 'father', 'son', 'brother', 'sister', 'aunt', 'son', 'sister', 'sister', 'brother']","Valerie:female,Robert:male,Kenneth:male,Darryl:male,Elizabeth:female,Joy:female,Victor:male,Machelle:female,Kerrie:female,Cyrus:male",test
086b66e6-16c8-482a-a564-bd021e932f66,"('Carolina', 'Paul')",father,son-aunt-father,"['son', 'aunt', 'father']","Carolina:female,Harold:male,Cecilia:female,Paul:male,Robert:male",test
1c1a7ec5-bcad-48ee-b136-f36657861496,"('Stephen', 'Nettie')",mother,sister-daughter-grandmother,"['sister', 'daughter', 'grandmother']","Stephen:male,April:female,Lori:female,Nettie:female,Kevin:male",test
9478c439-e8d9-4136-a510-3bfca5b38067,"('Robert', 'Paul')",father,son-aunt-father,"['son', 'aunt', 'father']","Robert:male,Adrian:male,April:female,Paul:male,Carolina:female",test
12cd2656-05ac-487a-9f15-b75661658f56,"('Luella', 'Nettie')",grandmother,mother-sister-mother,"['mother', 'sister', 'mother']","Luella:female,Carolina:female,April:female,Nettie:female,Stephen:male",test
588a603b-496e-48a5-ab7c-2c94a7747bfc,"('Mary', 'Nettie')",mother,son-father-mother,"['son', 'father', 'mother']","Mary:female,Denver:male,Ryan:male,Nettie:female,Jose:male",test
fe2f0ef0-a5fb-420d-85e0-27c47f25e266,"('Stephen', 'Nettie')",mother,wife-son-grandmother,"['wife', 'son', 'grandmother']","Stephen:male,Cecilia:female,Charles:male,Nettie:female,Jonathan:male",test
375cfc9e-7c25-41c7-b3ac-5f48ffecba94,"('Georgina', 'Jennifer')",mother,sister-daughter-grandmother,"['sister', 'daughter', 'grandmother']","Georgina:female,Latasha:female,Alisa:female,Jennifer:female,Thomas:male",test
ca4f161e-8803-4ec6-a6b9-5ac3731a4e1f,"('Carolina', 'Paul')",father,son-father-father,"['son', 'father', 'father']","Carolina:female,Michael:male,Robert:male,Paul:male,Carly:female",test
4080d767-bc3e-4a77-b988-9ebb46ef0b46,"('William', 'Nettie')",mother-in-law,wife-son-grandmother,"['wife', 'son', 'grandmother']","William:male,April:female,Eldon:male,Nettie:female,Kevin:male",test
3c62c495-141a-4945-899b-167a7732381b,"('Cecilia', 'Nettie')",mother,son-father-mother,"['son', 'father', 'mother']","Cecilia:female,Charles:male,Stephen:male,Nettie:female,Peggy:female",test
383d7ac8-23a8-41bb-9c32-804cee6a3eb3,"('Carolina', 'Paul')",father,son-father-father,"['son', 'father', 'father']","Carolina:female,Adrian:male,Robert:male,Paul:male,Mario:male",test
a6b16277-1245-4ef2-84a1-4d273708fd4f,"('Charles', 'Nettie')",grandmother,mother-sister-mother,"['mother', 'sister', 'mother']","Charles:male,Cecilia:female,April:female,Nettie:female,Sherman:male",test
96b75158-ac32-4cab-b483-2b6cc413dafd,"('Cecilia', 'Paul')",father,son-aunt-father,"['son', 'aunt', 'father']","Cecilia:female,Jonathan:male,April:female,Paul:male,Stephen:male",test
fc2164e2-20f9-4c6c-9874-d0eac11a8e70,"('Carolina', 'Nettie')",mother,sister-daughter-grandmother,"['sister', 'daughter', 'grandmother']","Carolina:female,Mary:female,Jennifer:female,Nettie:female,Jose:male",test
32bbca64-55d2-4e78-bd33-5793d70c5131,"('Cecilia', 'Nettie')",mother,son-father-mother,"['son', 'father', 'mother']","Cecilia:female,Jonathan:male,Stephen:male,Nettie:female,Robert:male",test
d13590b3-9122-4139-94d7-0d37b34013c3,"('William', 'Nettie')",mother,sister-daughter-grandmother,"['sister', 'daughter', 'grandmother']","William:male,Cecilia:female,Peggy:female,Nettie:female,Stephen:male",test
d3537bac-3aac-41a0-9580-955a494225b0,"('Ryan', 'Nettie')",mother-in-law,wife-son-grandmother,"['wife', 'son', 'grandmother']","Ryan:male,Mary:female,Denver:male,Nettie:female,Krystal:female",test
625dcb65-961c-46a7-888d-71dbe31ce6c9,"('Carolina', 'Paul')",father,son-father-father,"['son', 'father', 'father']","Carolina:female,Harold:male,Robert:male,Paul:male,Jeanette:female",test
45da1259-cbea-4414-9f75-f4a8b9633c56,"('Ryan', 'Paul')",father,son-aunt-father,"['son', 'aunt', 'father']","Ryan:male,Denver:male,Carolina:female,Paul:male,Carly:female",test
59e88424-01c3-49ab-8f1a-4e0397f9c86a,"('Stephen', 'Nettie')",mother,daughter-mother-mother,"['daughter', 'mother', 'mother']","Stephen:male,Leah:female,Cecilia:female,Nettie:female,Peggy:female",test
c38a1e89-4d1b-4813-a0b5-df90ecd749ab,"('Stephen', 'Nettie')",mother,daughter-mother-mother,"['daughter', 'mother', 'mother']","Stephen:male,Leah:female,Cecilia:female,Nettie:female,Jonathan:male",test
7d8e1624-e0a4-49c0-8af2-8698c9ca23d4,"('Rose', 'Jennifer')",grandmother,mother-sister-mother,"['mother', 'sister', 'mother']","Rose:female,Rachel:female,Judy:female,Jennifer:female,Latasha:female",test
80606684-1d21-40ca-93fc-3fdc42a5b763,"('Justin', 'Jennifer')",grandmother,mother-sister-mother,"['mother', 'sister', 'mother']","Justin:male,Latasha:female,Rachel:female,Jennifer:female,Jose:male",test
1cfc5c35-1907-4f89-8c18-b1d9c0750e84,"('William', 'Jacob')",father,son-aunt-father,"['son', 'aunt', 'father']","William:male,Jonathon:male,Georgina:female,Jacob:male,Rachel:female",test
23ef99c7-641b-40dd-aa7a-03cbe63b1132,"('Mark', 'Jennifer')",mother,daughter-mother-mother,"['daughter', 'mother', 'mother']","Mark:male,Michell:female,Georgina:female,Jennifer:female,James:male",test
3e1be173-4192-49b0-93a6-0c29aed50896,"('Georgina', 'Jennifer')",mother,son-father-mother,"['son', 'father', 'mother']","Georgina:female,James:male,Mark:male,Jennifer:female,Jeremy:male",test
7cec0389-a130-4aeb-8155-87a2ececb17c,"('Mark', 'Jennifer')",mother,sister-daughter-grandmother,"['sister', 'daughter', 'grandmother']","Mark:male,Judy:female,Catherine:female,Jennifer:female,Arthur:male",test
5d5f6ffb-fca4-41f6-b3a1-d90b5e79fc92,"('Eric', 'Jennifer')",mother,wife-son-grandmother,"['wife', 'son', 'grandmother']","Eric:male,Latasha:female,Rodney:male,Jennifer:female,Jessica:female",test
1d4c36e8-b9d0-4bf1-90af-7434de5765ce,"('Stephen', 'Nettie')",mother,daughter-mother-mother,"['daughter', 'mother', 'mother']","Stephen:male,Peggy:female,Cecilia:female,Nettie:female,Charles:male",test
f05fd49e-7f34-4f21-9d4d-b3f4eb740577,"('Eric', 'Jacob')",father,son-aunt-father,"['son', 'aunt', 'father']","Eric:male,Rodney:male,Rachel:female,Jacob:male,Jessica:female",test
fb94a175-25cf-492d-9c14-2f05c16e5909,"('Robert', 'Nettie')",mother,sister-daughter-grandmother,"['sister', 'daughter', 'grandmother']","Robert:male,Mary:female,Patricia:female,Nettie:female,Krystal:female",test
41fdc1ef-c215-4abe-a9cb-5b0ddc503345,"('David', 'Jennifer')",mother-in-law,wife-son-grandmother,"['wife', 'son', 'grandmother']","David:male,Judy:female,Michael:male,Jennifer:female,Eddie:male",test
fe63161a-e340-4c61-b69b-6518f9fed2cf,"('Eric', 'Jennifer')",mother,wife-son-grandmother,"['wife', 'son', 'grandmother']","Eric:male,Latasha:female,Jose:male,Jennifer:female,Rodney:male",test
d28bf27b-51be-40ee-86db-51b849d2ce5a,"('Latasha', 'Jacob')",father,son-father-father,"['son', 'father', 'father']","Latasha:female,Thomas:male,Eric:male,Jacob:male,Crystal:female",test
a586ca22-6f16-41fe-834d-c09a505cbee4,"('William', 'Jacob')",father,son-aunt-father,"['son', 'aunt', 'father']","William:male,Paul:male,Latasha:female,Jacob:male,David:male",test
49e38788-aeda-4b75-90f7-d1d8bf2986f4,"('Eric', 'Jennifer')",mother,daughter-mother-mother,"['daughter', 'mother', 'mother']","Eric:male,Crystal:female,Latasha:female,Jennifer:female,Thomas:male",test
f7d143a7-4c58-4ac5-8fea-c23b1354c2b3,"('William', 'Jennifer')",mother,sister-daughter-grandmother,"['sister', 'daughter', 'grandmother']","William:male,Georgina:female,Judith:female,Jennifer:female,Helen:female",test
213354e6-efe6-412d-a859-2d19014dfae3,"('Latasha', 'Jennifer')",mother,son-father-mother,"['son', 'father', 'mother']","Latasha:female,Thomas:male,Eric:male,Jennifer:female,Mark:male",test
1eb56c32-a32b-4000-ad36-5fba89f4f6a3,"('Mark', 'Jennifer')",mother,daughter-mother-mother,"['daughter', 'mother', 'mother']","Mark:male,Elizabeth:female,Georgina:female,Jennifer:female,Melvin:male",test
1500e1db-588d-4a75-9a37-892346220020,"('Eric', 'Jacob')",father,son-aunt-father,"['son', 'aunt', 'father']","Eric:male,Thomas:male,Georgina:female,Jacob:male,Rodney:male",test
e493a7bc-0d7c-4841-add8-67f7dcee5cc4,"('Mark', 'Jennifer')",mother,wife-son-grandmother,"['wife', 'son', 'grandmother']","Mark:male,Georgina:female,James:male,Jennifer:female,Elizabeth:female",test
3ef825a1-f476-4880-8545-a6cfd6cf9137,"('Georgina', 'Jacob')",father,son-father-father,"['son', 'father', 'father']","Georgina:female,Jeremy:male,Mark:male,Jacob:male,Elizabeth:female",test
dd95af86-e510-4e9d-9d1d-7786e8dac968,"('Eric', 'Jennifer')",mother,sister-daughter-grandmother,"['sister', 'daughter', 'grandmother']","Eric:male,Georgina:female,Elizabeth:female,Jennifer:female,Mark:male",test
d973b1f6-09bf-495d-818f-da92e5602566,"('Jose', 'Jennifer')",grandmother,mother-sister-mother,"['mother', 'sister', 'mother']","Jose:male,Latasha:female,Georgina:female,Jennifer:female,Lore:female",test
dc7cbf64-e5fb-4ede-a90a-3537311034a6,"('William', 'Jennifer')",mother,daughter-mother-mother,"['daughter', 'mother', 'mother']","William:male,Amy:female,Rachel:female,Jennifer:female,Henry:male",test
2c74b52c-8591-4995-bc98-db873a5dedc0,"('Mark', 'Jennifer')",mother,sister-daughter-grandmother,"['sister', 'daughter', 'grandmother']","Mark:male,Rachel:female,Rose:female,Jennifer:female,Paul:male",test
301c7dd9-141b-4e65-bca1-f1f30332115d,"('Georgina', 'Jacob')",father,son-father-father,"['son', 'father', 'father']","Georgina:female,Felix:male,Mark:male,Jacob:male,Rachel:female",test
3cffbc65-ec36-4d35-adc4-d0292e52e3d8,"('Latasha', 'Jennifer')",mother,son-father-mother,"['son', 'father', 'mother']","Latasha:female,Thomas:male,Eric:male,Jennifer:female,Georgina:female",test
10c5484e-75f2-4882-9e07-46da0b02501f,"('Catherine', 'Jennifer')",grandmother,mother-sister-mother,"['mother', 'sister', 'mother']","Catherine:female,Judy:female,Latasha:female,Jennifer:female,Rachel:female",test
bace1122-c9c6-4c6f-b383-54f8d79a5204,"('Rachel', 'Jacob')",father,son-aunt-father,"['son', 'aunt', 'father']","Rachel:female,Henry:male,Georgina:female,Jacob:male,Latasha:female",test
acd93e57-2600-4b08-ab96-681accf15569,"('David', 'Jennifer')",mother-in-law,wife-son-grandmother,"['wife', 'son', 'grandmother']","David:male,Judy:female,Michael:male,Jennifer:female,Catherine:female",test
2a8a3565-1b55-4535-b8dc-1c631f2830ae,"('Latasha', 'Jacob')",father,son-father-father,"['son', 'father', 'father']","Latasha:female,Justin:male,Eric:male,Jacob:male,Lore:female",test
365bbb12-870e-49ba-be63-7fec431507a8,"('William', 'Jennifer')",mother,daughter-mother-mother,"['daughter', 'mother', 'mother']","William:male,Lynda:female,Rachel:female,Jennifer:female,Amy:female",test
d255d5aa-d61e-4bb6-9e2b-6e3d5d81f0f1,"('Rodney', 'Jennifer')",grandmother,mother-sister-mother,"['mother', 'sister', 'mother']","Rodney:male,Latasha:female,Georgina:female,Jennifer:female,David:male",test
488a561e-84be-4722-8c16-6f0c8758ba97,"('William', 'Jennifer')",mother,daughter-mother-mother,"['daughter', 'mother', 'mother']","William:male,Rose:female,Rachel:female,Jennifer:female,Roscoe:male",test
1e391712-004b-414e-ad11-4d549ed042b3,"('Mark', 'Jacob')",father,son-aunt-father,"['son', 'aunt', 'father']","Mark:male,James:male,Latasha:female,Jacob:male,David:male",test
3014539c-eb47-4ec9-9e0a-2a7943df7376,"('Mark', 'Jennifer')",mother,sister-daughter-grandmother,"['sister', 'daughter', 'grandmother']","Mark:male,Judy:female,Catherine:female,Jennifer:female,Felix:male",test
dba55d9b-2689-4b20-9715-f6a23453b9cf,"('David', 'Jennifer')",mother-in-law,wife-son-grandmother,"['wife', 'son', 'grandmother']","David:male,Judy:female,Arthur:male,Jennifer:female,Michael:male",test
dd02a667-ef47-428f-a490-c1108d99170c,"('Eric', 'Jacob')",father,son-aunt-father,"['son', 'aunt', 'father']","Eric:male,Jose:male,Georgina:female,Jacob:male,Latasha:female",test
1446995e-b459-4ab3-854a-fda1e2429a8f,"('Carolina', 'Nettie')",mother,son-father-mother,"['son', 'father', 'mother']","Carolina:female,Mario:male,Robert:male,Nettie:female,Stephen:male",test
47f3a3ca-aecf-43c7-bc0c-f1bdc0954c1f,"('Melvin', 'Jennifer')",grandmother,mother-sister-mother,"['mother', 'sister', 'mother']","Melvin:male,Georgina:female,Latasha:female,Jennifer:female,Felix:male",test
e06b997c-fd32-4878-81dc-d7a33dbc8f63,"('Michell', 'Jennifer')",grandmother,mother-sister-mother,"['mother', 'sister', 'mother']","Michell:female,Georgina:female,Latasha:female,Jennifer:female,Crystal:female",test
9715b453-a89e-4674-af64-a6e44d5a3438,"('Georgina', 'Jennifer')",mother,son-father-mother,"['son', 'father', 'mother']","Georgina:female,Felix:male,Mark:male,Jennifer:female,Helen:female",test
fe1afe7b-8e14-48b1-a3ed-7430c8b8ac9f,"('Jeff', 'Laura')",grandmother,brother-sister-mother-son-grandmother,"['brother', 'sister', 'mother', 'son', 'grandmother']","Jeff:male,Jeremy:male,Stephanie:female,Ruth:female,Laura:female",test
6cec213e-4812-45ad-8b2f-527e4a6c861d,"('Rosa', 'Diana')",niece,daughter-uncle-daughter-sister-sister,"['daughter', 'uncle', 'daughter', 'sister', 'sister']","Rosa:female,Lisa:female,Jonathan:male,Traci:female,Sheila:female,Diana:female",test
7e6e2db0-2582-421a-82ee-b5e44b353dc4,"('Seth', 'Rosa')",daughter,son-sister-brother-daughter-aunt,"['son', 'sister', 'brother', 'daughter', 'aunt']","Seth:male,Christian:male,Ruth:female,Jonathan:male,Sheila:female,Rosa:female",test
7dfc2a4e-d51b-4ad9-bcbb-2ef0d702e3a6,"('Margaret', 'Jason')",uncle,sister-sister-sister-mother-brother,"['sister', 'sister', 'sister', 'mother', 'brother']","Margaret:female,Annie:female,Lisa:female,Melissa:female,Rosa:female,Jason:male",test
82dc00a3-4822-48c5-a626-dccd23de0ce7,"('Darren', 'Cristina')",aunt,sister-father-daughter-sister-aunt,"['sister', 'father', 'daughter', 'sister', 'aunt']","Darren:male,Nichole:female,Christian:male,Pennie:female,Cristina:female",test
d22586b2-c1b8-4b1d-8817-0f65167a2fbb,"('Laura', 'Stephen')",son,son-brother-daughter-sister-uncle,"['son', 'brother', 'daughter', 'sister', 'uncle']","Laura:female,Christian:male,Jonathan:male,Diana:female,Sheila:female,Stephen:male",test
fd0d7f4b-7098-4204-972f-4a997e39b0a5,"('Cristina', 'Annie')",niece,son-sister-father-sister-daughter,"['son', 'sister', 'father', 'sister', 'daughter']","Cristina:female,William:male,Sheila:female,Jonathan:male,Rosa:female,Annie:female",test
c2e40ac1-1c39-4dcf-bcaf-e5176fc9a0f0,"('Seth', 'Jeremy')",grandson,son-brother-sister-daughter-brother,"['son', 'brother', 'sister', 'daughter', 'brother']","Seth:male,Christian:male,Jonathan:male,Ruth:female,Stephanie:female,Jeremy:male",test
b952140e-bd19-4ada-9fce-9af13ee659ba,"('Evelyn', 'Lisa')",niece,sister-daughter-father-daughter-sister,"['sister', 'daughter', 'father', 'daughter', 'sister']","Evelyn:female,Rosa:female,Annie:female,Stephen:male,Margaret:female,Lisa:female",test
304aef7b-ef85-4030-90ba-4ab289b4601f,"('April', 'Cornelius')",father,daughter-sister-sister-grandfather,"['daughter', 'sister', 'sister', 'grandfather']","April:female,Melba:female,Lucille:female,Sharon:female,Cornelius:male",test
6ad31e82-d385-4675-971a-722269bde10e,"('William', 'Beverly')",niece,sister-brother-wife-daughter,"['sister', 'brother', 'wife', 'daughter']","William:male,April:female,Frank:male,Dorothy:female,Beverly:female",test
eb5a5691-77f8-4470-97ad-caa627545b2d,"('Timothy', 'Nicole')",grandmother,mother-daughter-father-mother,"['mother', 'daughter', 'father', 'mother']","Timothy:male,Patricia:female,Christina:female,William:male,Nicole:female",test
8586a1c0-67f5-4154-84b7-07b5e16bfa21,"('Beverly', 'Rachel')",sister,father-daughter-father-daughter,"['father', 'daughter', 'father', 'daughter']","Beverly:female,Frank:male,Julia:female,Rachel:female",test
3712d94a-6df7-470b-9a31-f1575891762b,"('Benjamin', 'Patricia')",sister,daughter-mother-brother-sister,"['daughter', 'mother', 'brother', 'sister']","Benjamin:male,Melba:female,April:female,Richard:male,Patricia:female",test
d80d20bb-3e09-4835-b474-be202beb2a2a,"('Richard', 'Connie')",niece,sister-daughter-father-daughter,"['sister', 'daughter', 'father', 'daughter']","Richard:male,Patricia:female,Christina:female,William:male,Connie:female",test
14e73788-f2ad-4b8b-b5b0-5502971883fb,"('Mary', 'Cornelius')",grandfather,father-sister-sister-father,"['father', 'sister', 'sister', 'father']","Mary:female,Richard:male,Dorothy:female,April:female,Cornelius:male",test
041326b6-b8b0-4c52-a83d-48cbc353ae6e,"('Toni', 'Jenny')",aunt,sister-sister-mother-sister,"['sister', 'sister', 'mother', 'sister']","Toni:female,Melba:female,Lucille:female,April:female,Jenny:female",test
94f98173-8d6e-4b85-a65a-c8a57b6b19c9,"('Evelyn', 'Ruth')",sister,son-sister-sister-father-sister,"['son', 'sister', 'sister', 'father', 'sister']","Evelyn:female,Darren:male,Nichole:female,Pennie:female,Christian:male,Ruth:female",test
f1bf3f3f-56e0-42da-9196-b0ab656d62b4,"('Toni', 'William')",uncle,sister-father-daughter-uncle,"['sister', 'father', 'daughter', 'uncle']","Toni:female,Sharon:female,Benjamin:male,Melba:female,William:male",test
a8348c9f-e98a-4508-ad43-74f010be28ed,"('Arlene', 'Jason')",father-in-law,husband-sister-mother-daughter-father,"['husband', 'sister', 'mother', 'daughter', 'father']","Arlene:female,Jeff:male,Gloria:female,Ruth:female,Stephanie:female,Jason:male",test
38533741-b614-4a7e-9d05-482a54c2da53,"('Ruth', 'Sheila')",niece,son-uncle-daughter-mother-daughter,"['son', 'uncle', 'daughter', 'mother', 'daughter']","Ruth:female,Jeremy:male,Jonathan:male,Diana:female,Cristina:female,Sheila:female",test
6250a4fb-5982-4f32-b36f-18fb050f19c2,"('Diana', 'Christian')",uncle,mother-daughter-sister-brother-uncle,"['mother', 'daughter', 'sister', 'brother', 'uncle']","Diana:female,Cristina:female,Traci:female,William:male,Christian:male",test
1218dd7e-c051-4e3f-81aa-e2bfaae462a5,"('Gloria', 'Christian')",uncle,father-son-mother-son-uncle,"['father', 'son', 'mother', 'son', 'uncle']","Gloria:female,Jason:male,Jeremy:male,Ruth:female,Jeff:male,Christian:male",test
f14e71ca-5343-4917-b1ac-4eddb393b65b,"('Carolina', 'Paul')",father,son-father-father,"['son', 'father', 'father']","Carolina:female,Mario:male,Robert:male,Paul:male,Katherine:female",test
4ebcf5f9-945e-4c92-ae58-734260970915,"('Lisa', 'Annie')",sister,father-wife-daughter-sister-sister,"['father', 'wife', 'daughter', 'sister', 'sister']","Lisa:female,Stephen:male,Rosa:female,Melissa:female,Margaret:female,Annie:female",test
d272db09-b21e-432c-8211-80a1caa374e0,"('Jason', 'Darren')",nephew,brother-daughter-brother-mother-son,"['brother', 'daughter', 'brother', 'mother', 'son']","Jason:male,Christian:male,Pennie:female,Sean:male,Evelyn:female,Darren:male",test
bf138e52-d2ee-4b3d-85d1-865d598e12ca,"('Pennie', 'Jonathan')",uncle,mother-son-father-son-uncle,"['mother', 'son', 'father', 'son', 'uncle']","Pennie:female,Evelyn:female,Darren:male,Christian:male,Jonathan:male",test
6fba980d-0349-4851-823d-ae76aba2a689,"('Evelyn', 'Jeff')",nephew,daughter-brother-aunt-daughter-brother,"['daughter', 'brother', 'aunt', 'daughter', 'brother']","Evelyn:female,Nichole:female,Darren:male,Ruth:female,Stephanie:female,Jeff:male",test
6f26bb51-61d9-4cb6-a286-a28950e7d4bc,"('Mark', 'Jennifer')",mother,daughter-mother-mother,"['daughter', 'mother', 'mother']","Mark:male,Judith:female,Georgina:female,Jennifer:female,Helen:female",test
4f7ac064-6281-4cb8-9004-261c72a4c277,"('Laura', 'Melissa')",granddaughter,son-sister-daughter-sister-sister,"['son', 'sister', 'daughter', 'sister', 'sister']","Laura:female,Jonathan:male,Rosa:female,Annie:female,Lisa:female,Melissa:female",test
29ae31ab-5740-425c-b1b6-b624d118aa85,"('Jeff', 'Cristina')",aunt,sister-mother-husband-daughter-aunt,"['sister', 'mother', 'husband', 'daughter', 'aunt']","Jeff:male,Gloria:female,Ruth:female,Jason:male,Stephanie:female,Cristina:female",test
07272221-50b7-473f-83cb-09e9ab86c195,"('Latasha', 'Jacob')",father,son-father-father,"['son', 'father', 'father']","Latasha:female,Rodney:male,Eric:male,Jacob:male,Lore:female",test
398d9ed9-7092-4ea9-a628-402f3c839bc7,"('Eric', 'Jacob')",father,son-aunt-father,"['son', 'aunt', 'father']","Eric:male,Jose:male,Judy:female,Jacob:male,Mark:male",test
d727a11e-dada-4a1b-9bd4-8a887f04bdda,"('David', 'Jennifer')",mother-in-law,wife-son-grandmother,"['wife', 'son', 'grandmother']","David:male,Judy:female,Arthur:male,Jennifer:female,Michael:male",test
123e2087-afbc-4138-aa15-7ea8ab466737,"('Helen', 'Jennifer')",grandmother,mother-sister-mother,"['mother', 'sister', 'mother']","Helen:female,Georgina:female,Rachel:female,Jennifer:female,Jeremy:male",test
7bfdbf7d-0d7a-4f6b-a862-b0f6df1e9bfc,"('Mark', 'Jennifer')",mother,sister-daughter-grandmother,"['sister', 'daughter', 'grandmother']","Mark:male,Latasha:female,Lore:female,Jennifer:female,Justin:male",test
2b21d964-b735-4a41-b7bb-d1f61f0f62b0,"('Georgina', 'Jennifer')",mother,son-father-mother,"['son', 'father', 'mother']","Georgina:female,Felix:male,Mark:male,Jennifer:female,Judith:female",test
35ae51c4-0820-4ed7-9fca-6acfab982ebb,"('Latasha', 'Jacob')",father,son-father-father,"['son', 'father', 'father']","Latasha:female,Thomas:male,Eric:male,Jacob:male,Crystal:female",test
72c515d3-343d-45b7-907b-a255fac013ce,"('Mark', 'Jennifer')",mother,wife-son-grandmother,"['wife', 'son', 'grandmother']","Mark:male,Georgina:female,Jeremy:male,Jennifer:female,Helen:female",test
00328b5a-39bd-4263-8cd8-8cfc3227ffcc,"('Eric', 'Jennifer')",mother,daughter-mother-mother,"['daughter', 'mother', 'mother']","Eric:male,Lore:female,Latasha:female,Jennifer:female,Mark:male",test
f11a3043-44a3-40c5-81d3-2b534a945a87,"('Georgina', 'Jennifer')",mother,son-father-mother,"['son', 'father', 'mother']","Georgina:female,James:male,Mark:male,Jennifer:female,Melvin:male",test
7dfe9ac0-6185-41fe-a9b7-30201eb5de0b,"('Georgina', 'Jacob')",father,son-father-father,"['son', 'father', 'father']","Georgina:female,Felix:male,Mark:male,Jacob:male,Melvin:male",test
446ca3b7-efda-4702-935f-b73f901b404d,"('Georgina', 'Jacob')",father,son-father-father,"['son', 'father', 'father']","Georgina:female,Melvin:male,Mark:male,Jacob:male,Felix:male",test
8ae3c130-b9e4-45a3-b62b-22c188eb59e0,"('Eric', 'Jennifer')",mother,daughter-mother-mother,"['daughter', 'mother', 'mother']","Eric:male,Alisa:female,Latasha:female,Jennifer:female,Lore:female",test
5843f5ba-83fa-497d-a972-9e26eac2bfcc,"('Latasha', 'Jennifer')",mother,son-father-mother,"['son', 'father', 'mother']","Latasha:female,Justin:male,Eric:male,Jennifer:female,Lore:female",test
253fcc72-8bc9-4f49-84d6-a9b964482908,"('Judith', 'Jennifer')",grandmother,mother-sister-mother,"['mother', 'sister', 'mother']","Judith:female,Georgina:female,Latasha:female,Jennifer:female,Jacob:male",test
5a78e4ad-d337-43e8-a1d9-0a7d84c5565b,"('Mark', 'Jennifer')",mother,daughter-mother-mother,"['daughter', 'mother', 'mother']","Mark:male,Michell:female,Georgina:female,Jennifer:female,Judith:female",test
99dac6d9-c218-480e-a868-23d62474c246,"('Eric', 'Jennifer')",mother,sister-daughter-grandmother,"['sister', 'daughter', 'grandmother']","Eric:male,Georgina:female,Michell:female,Jennifer:female,Judith:female",test
b5df442d-051c-484a-89d1-b45651226662,"('Georgina', 'Jacob')",father,son-aunt-father,"['son', 'aunt', 'father']","Georgina:female,Felix:male,Rachel:female,Jacob:male,Judith:female",test
9d120c87-1a3a-4c25-91a2-e2b9d744ec49,"('Carolina', 'Nettie')",mother,son-father-mother,"['son', 'father', 'mother']","Carolina:female,Mario:male,Robert:male,Nettie:female,Adrian:male",test
d8dba888-ede8-4501-b640-ea9ff56c8789,"('Gabrielle', 'Micheal')",grandson,grandson-brother,"['grandson', 'brother']","Gabrielle:female,Dan:male,Micheal:male",test
8a1c9a3a-709d-4890-b706-53aa3892fc0b,"('Lisa', 'Donna')",daughter,husband-daughter,"['husband', 'daughter']","Lisa:female,Dwight:male,Donna:female",test
5f3e5700-0328-4757-94e8-5c2f66cfad73,"('Jason', 'Russell')",grandson,grandson-brother,"['grandson', 'brother']","Jason:male,Donald:male,Russell:male",test
8f93ac83-fd22-48aa-bdd4-34fd83092541,"('Seth', 'Jeff')",grandson,daughter-sister-husband-daughter-brother,"['daughter', 'sister', 'husband', 'daughter', 'brother']","Seth:male,Rosa:female,Ruth:female,Jason:male,Gloria:female,Jeff:male",test
50faf257-17a4-4bcc-9c64-d28430b5034d,"('Evelyn', 'William')",nephew,daughter-sister-uncle-wife-son,"['daughter', 'sister', 'uncle', 'wife', 'son']","Evelyn:female,Pennie:female,Nichole:female,Jonathan:male,Cristina:female,William:male",test
acecd9d5-9387-4af7-b278-ffa78d5363c6,"('Diana', 'Rosa')",aunt,father-daughter-brother-mother-sister,"['father', 'daughter', 'brother', 'mother', 'sister']","Diana:female,Jonathan:male,William:male,Cristina:female,Rosa:female",test
9520b8f1-b456-4ab7-b0d8-76ae6ff5d40d,"('Stephen', 'Ruth')",sister,daughter-sister-mother-daughter-aunt,"['daughter', 'sister', 'mother', 'daughter', 'aunt']","Stephen:male,Margaret:female,Melissa:female,Rosa:female,Annie:female,Ruth:female",test
97d6cfce-42c3-4dba-a0f9-4ec85f643625,"('Rosa', 'Phillip')",son-in-law,daughter-sister-father-daughter-husband,"['daughter', 'sister', 'father', 'daughter', 'husband']","Rosa:female,Margaret:female,Lisa:female,Stephen:male,Annie:female,Phillip:male",test
0dada02c-80c6-4151-94ff-2f75f1fc8c5a,"('Jason', 'Evelyn')",sister,wife-son-mother-daughter-aunt,"['wife', 'son', 'mother', 'daughter', 'aunt']","Jason:male,Ruth:female,Jeremy:male,Stephanie:female,Evelyn:female",test
e55fd51b-b699-4639-a55d-9aa10facb78e,"('Latasha', 'Jennifer')",mother,son-father-mother,"['son', 'father', 'mother']","Latasha:female,Rodney:male,Eric:male,Jennifer:female,Mark:male",test
ca41b528-6a59-4c1a-baa8-e40bd9b28cd9,"('Georgina', 'Jacob')",father,son-father-father,"['son', 'father', 'father']","Georgina:female,Melvin:male,Mark:male,Jacob:male,Judith:female",test
e2859db6-8a13-4368-b605-1b5d1d072e03,"('Justin', 'Jennifer')",grandmother,mother-sister-mother,"['mother', 'sister', 'mother']","Justin:male,Latasha:female,Georgina:female,Jennifer:female,Lore:female",test
15f5908f-b173-4d31-9a0c-e0c1456482d7,"('Eric', 'Lisa')",daughter,wife-daughter,"['wife', 'daughter']","Eric:male,Robin:female,Lisa:female,Barbara:female",test
ef1f20b9-dfd4-4f8b-829f-03af98c979e6,"('Karen', 'Verdie')",granddaughter,granddaughter-sister,"['granddaughter', 'sister']","Karen:female,Amanda:female,Verdie:female,Theresa:female",test
12370682-0868-4d97-8749-edd9cce8c1b6,"('Kyle', 'Shirley')",daughter,wife-daughter,"['wife', 'daughter']","Kyle:male,Karen:female,Shirley:female,Robin:female",test
12cb0499-a31e-42f4-84ad-888b6525e788,"('Henry', 'Christine')",daughter,wife-daughter,"['wife', 'daughter']","Henry:male,Theresa:female,Christine:female,Verdie:female",test
63c1ea8e-f540-40ee-94b4-ade2cfe8329d,"('Karen', 'Amanda')",granddaughter,granddaughter-sister,"['granddaughter', 'sister']","Karen:female,Christine:female,Amanda:female,Theresa:female",test
c5cf825e-6cdc-4dd7-a0fb-646fe4a9f3c0,"('Karen', 'Patty')",granddaughter,granddaughter-sister,"['granddaughter', 'sister']","Karen:female,Dionne:female,Patty:female,Benny:male",test
43d52b14-9491-4c21-a4d0-10bbf8f99fd7,"('Edward', 'Dionne')",daughter,wife-daughter,"['wife', 'daughter']","Edward:male,Kristen:female,Dionne:female,Benny:male",test
e443d60e-27b6-404e-9ad8-6586de56dad2,"('Edward', 'Dionne')",daughter,wife-daughter,"['wife', 'daughter']","Edward:male,Kristen:female,Dionne:female,Lonnie:male",test
87308eef-05a8-40a0-9d96-773573f9fb88,"('Henry', 'Amanda')",daughter,wife-daughter,"['wife', 'daughter']","Henry:male,Theresa:female,Amanda:female,Verdie:female",test
01d4bfab-621c-4877-90f3-310b20f9f640,"('Karen', 'Margaret')",granddaughter,granddaughter-sister,"['granddaughter', 'sister']","Karen:female,Constance:female,Margaret:female,Kyle:male",test
d20423ab-b3a5-4a7e-a078-94e3826da05c,"('Henry', 'Verdie')",daughter,wife-daughter,"['wife', 'daughter']","Henry:male,Theresa:female,Verdie:female,Amanda:female",test
0d2edd44-fec2-487f-b50a-52b620f6c11b,"('Henry', 'Verdie')",daughter,wife-daughter,"['wife', 'daughter']","Henry:male,Theresa:female,Verdie:female,Darnell:male",test
290b2b1c-9282-4df0-ad4c-6a156fa14cf0,"('Kyle', 'Constance')",granddaughter,granddaughter-sister,"['granddaughter', 'sister']","Kyle:male,Raquel:female,Constance:female,Margaret:female",test
8b81c0b7-e401-4ca3-8e5d-0692068d47c4,"('Vernon', 'Raquel')",daughter,wife-daughter,"['wife', 'daughter']","Vernon:male,Shirley:female,Raquel:female,Constance:female",test
c7fbae8f-1e43-4868-ae02-df79c11663b3,"('Kyle', 'Patty')",granddaughter,granddaughter-sister,"['granddaughter', 'sister']","Kyle:male,Dorothy:female,Patty:female,Ronald:male",test
97b2e84d-427a-4b6d-8379-ba46344fced9,"('Karen', 'Dorothy')",granddaughter,granddaughter-sister,"['granddaughter', 'sister']","Karen:female,Patty:female,Dorothy:female,Ronald:male",test
8f4e61a0-1d4d-4a92-a8ec-ee983478243b,"('Henry', 'Amanda')",daughter,wife-daughter,"['wife', 'daughter']","Henry:male,Theresa:female,Amanda:female,Darnell:male",test
4da2483b-725f-49f8-a156-9d4a462b477f,"('Kyle', 'Michelle')",granddaughter,granddaughter-sister,"['granddaughter', 'sister']","Kyle:male,Verdie:female,Michelle:female,Theresa:female",test
a70b1b35-ce80-4842-acd6-5f4027833e07,"('Edward', 'Sarah')",daughter,wife-daughter,"['wife', 'daughter']","Edward:male,Kristen:female,Sarah:female,Patty:female",test
cf3d658d-1c71-4aa8-93f8-162d16564c3f,"('Edward', 'Sarah')",daughter,wife-daughter,"['wife', 'daughter']","Edward:male,Kristen:female,Sarah:female,Patty:female",test
f8bc38dc-7a62-4e3b-8114-0555451cc41f,"('Karen', 'Amanda')",granddaughter,granddaughter-sister,"['granddaughter', 'sister']","Karen:female,Verdie:female,Amanda:female,Kyle:male",test
87773603-dfef-4b72-95a1-3a9066312427,"('Karen', 'Sarah')",granddaughter,granddaughter-sister,"['granddaughter', 'sister']","Karen:female,Dionne:female,Sarah:female,Kristen:female",test
3a93cfb2-53f8-4e7b-98a9-08bec9c2c22d,"('Kyle', 'Marlene')",granddaughter,granddaughter-sister,"['granddaughter', 'sister']","Kyle:male,Serena:female,Marlene:female,Robin:female",test
c3714e22-c459-4820-8203-f2921572c091,"('Kyle', 'Marlene')",granddaughter,granddaughter-sister,"['granddaughter', 'sister']","Kyle:male,Lisa:female,Marlene:female,Barbara:female",test
975636da-19e2-4f85-b2dc-6d314fb61bf1,"('Eric', 'Lisa')",daughter,wife-daughter,"['wife', 'daughter']","Eric:male,Robin:female,Lisa:female,Barbara:female",test
fa2ad836-2c7a-4411-bf2a-42336e2315ca,"('Mary', 'Nettie')",mother,son-father-mother,"['son', 'father', 'mother']","Mary:female,Johnathan:male,Ryan:male,Nettie:female,Cecilia:female",test
07b85831-84dd-472e-8e8d-c45cfb8716f5,"('William', 'Nettie')",mother-in-law,wife-son-grandmother,"['wife', 'son', 'grandmother']","William:male,April:female,Kevin:male,Nettie:female,Eldon:male",test
e03d5049-61ca-493c-b2de-d03ea39de959,"('Kyle', 'Robin')",daughter,wife-daughter,"['wife', 'daughter']","Kyle:male,Karen:female,Robin:female,Edward:male",test
3e73e45e-2beb-4258-8f3f-8b00745cdea8,"('Kyle', 'Barbara')",granddaughter,granddaughter-sister,"['granddaughter', 'sister']","Kyle:male,Lisa:female,Barbara:female,Robin:female",test
5c97ff71-f218-4055-aa83-9fc58cc95d1d,"('Eric', 'Lisa')",daughter,wife-daughter,"['wife', 'daughter']","Eric:male,Robin:female,Lisa:female,Barbara:female",test
28eb05a1-0e83-468d-a7fd-7af58b8fa9a9,"('Karen', 'Serena')",granddaughter,granddaughter-sister,"['granddaughter', 'sister']","Karen:female,Lisa:female,Serena:female,Barbara:female",test
288345f3-699d-4fdf-8f81-f3f6075f3572,"('Stephen', 'Nettie')",mother,daughter-mother-mother,"['daughter', 'mother', 'mother']","Stephen:male,Leah:female,Cecilia:female,Nettie:female,William:male",test
ec56a8b8-6dbf-431f-b392-e55064fde9d5,"('Carolina', 'Paul')",father,son-father-father,"['son', 'father', 'father']","Carolina:female,Harold:male,Robert:male,Paul:male,Mario:male",test
3005002c-bee3-4aa0-9cfa-9d58018dc639,"('Mary', 'Nettie')",mother,son-father-mother,"['son', 'father', 'mother']","Mary:female,Johnathan:male,Ryan:male,Nettie:female,Pedro:male",test
fd698d0e-559f-4e69-964e-05ef0e594539,"('Rachel', 'Jacob')",father,son-father-father,"['son', 'father', 'father']","Rachel:female,Jonathon:male,William:male,Jacob:male,David:male",test
fec2012c-38c5-475e-927e-109ae51be772,"('William', 'Nettie')",mother-in-law,wife-son-grandmother,"['wife', 'son', 'grandmother']","William:male,April:female,Eldon:male,Nettie:female,Kevin:male",test
db3a28a0-87dd-4b25-a7cc-0e29543441b3,"('Ryan', 'Nettie')",mother,daughter-mother-mother,"['daughter', 'mother', 'mother']","Ryan:male,Elise:female,Mary:female,Nettie:female,Jose:male",test
1b62d8fb-9836-4cc5-925f-229eeb57874a,"('Robert', 'Paul')",father,son-aunt-father,"['son', 'aunt', 'father']","Robert:male,Michael:male,April:female,Paul:male,Ryan:male",test
3e085351-58d7-4798-8f66-7de1915a43c7,"('Carolina', 'Nettie')",mother,sister-daughter-grandmother,"['sister', 'daughter', 'grandmother']","Carolina:female,Cecilia:female,Peggy:female,Nettie:female,Jonathan:male",test
32683808-c73f-4a93-b892-697a9131f3e3,"('Lori', 'Nettie')",grandmother,mother-sister-mother,"['mother', 'sister', 'mother']","Lori:female,April:female,Cecilia:female,Nettie:female,Cheryl:female",test
09cc60fd-39c8-4d47-9ae8-aab0525baab5,"('Stephen', 'Nettie')",mother,daughter-mother-mother,"['daughter', 'mother', 'mother']","Stephen:male,Peggy:female,Cecilia:female,Nettie:female,Leah:female",test
5abe19b6-c3d5-415b-94d3-6e187b254706,"('Stephen', 'Paul')",father,son-aunt-father,"['son', 'aunt', 'father']","Stephen:male,Jonathan:male,Carolina:female,Paul:male,Cecilia:female",test
9b36d40a-7e2a-4a6d-9282-e11bf75231e6,"('Carolina', 'Nettie')",mother,son-father-mother,"['son', 'father', 'mother']","Carolina:female,Michael:male,Robert:male,Nettie:female,Adrian:male",test
3af6b990-29b2-43c4-9fd8-58206ac069ca,"('Carolina', 'Paul')",father,son-aunt-father,"['son', 'aunt', 'father']","Carolina:female,Adrian:male,Mary:female,Paul:male,Michael:male",test
30ba5d03-8810-4855-bc64-2baa45724671,"('Stephen', 'Nettie')",mother,daughter-mother-mother,"['daughter', 'mother', 'mother']","Stephen:male,Dana:female,Cecilia:female,Nettie:female,Charles:male",test
8fcf35a5-ddcc-483f-a690-38ccef034729,"('Cecilia', 'Paul')",father,son-father-father,"['son', 'father', 'father']","Cecilia:female,Charles:male,Stephen:male,Paul:male,Sherman:male",test
d622924b-63e4-4136-a31f-0ea28cbdc275,"('Wayne', 'Nettie')",grandmother,mother-sister-mother,"['mother', 'sister', 'mother']","Wayne:male,April:female,Carolina:female,Nettie:female,Michael:male",test
629cce00-f2e7-4c9f-b0c8-e1a913fe18a4,"('Cecilia', 'Paul')",father,son-father-father,"['son', 'father', 'father']","Cecilia:female,Charles:male,Stephen:male,Paul:male,Jonathan:male",test
f1c61e18-3ceb-4a3e-a6a9-55afc6d339b3,"('Cecilia', 'Nettie')",mother,sister-daughter-grandmother,"['sister', 'daughter', 'grandmother']","Cecilia:female,Carolina:female,Carly:female,Nettie:female,Charles:male",test
d0f7d3fc-4b2e-4c72-a991-dfbe23246c90,"('Jonathan', 'Nettie')",grandmother,mother-sister-mother,"['mother', 'sister', 'mother']","Jonathan:male,Cecilia:female,Mary:female,Nettie:female,Carolina:female",test
01589ab7-5aff-4e51-8cef-95b815f8a71c,"('Robert', 'Nettie')",mother,daughter-mother-mother,"['daughter', 'mother', 'mother']","Robert:male,Luella:female,Carolina:female,Nettie:female,Carly:female",test
28620925-a6c2-4944-bb9e-f24828461c92,"('Carolina', 'Nettie')",mother,son-father-mother,"['son', 'father', 'mother']","Carolina:female,Mario:male,Robert:male,Nettie:female,Carly:female",test
cf794159-a2a8-4ee3-9993-ef4ce73c1129,"('Ryan', 'Nettie')",mother-in-law,wife-son-grandmother,"['wife', 'son', 'grandmother']","Ryan:male,Mary:female,Denver:male,Nettie:female,Jennifer:female",test
2cfbcd7f-00bd-49b2-9ec4-89ae2e541794,"('Stephen', 'Paul')",father,son-aunt-father,"['son', 'aunt', 'father']","Stephen:male,Jonathan:male,Carolina:female,Paul:male,Cecilia:female",test
6820f7f9-1a10-4d07-940e-199fffb226d3,"('Carolina', 'Paul')",father,son-father-father,"['son', 'father', 'father']","Carolina:female,Adrian:male,Robert:male,Paul:male,Jeanette:female",test
fe6a2967-eedb-45c5-ad4a-d40cdfe29d3c,"('Stephen', 'Nettie')",mother,sister-daughter-grandmother,"['sister', 'daughter', 'grandmother']","Stephen:male,Carolina:female,Jeanette:female,Nettie:female,David:male",test
d6b16353-55d8-4657-98f9-6feeb8b9489f,"('Dana', 'Nettie')",grandmother,mother-sister-mother,"['mother', 'sister', 'mother']","Dana:female,Cecilia:female,Carolina:female,Nettie:female,Maria:female",test
4686f393-c53f-4511-a600-b008cc8dcd1d,"('Ryan', 'Nettie')",mother-in-law,wife-son-grandmother,"['wife', 'son', 'grandmother']","Ryan:male,Mary:female,Jose:male,Nettie:female,Patricia:female",test
730dbf4c-680a-424c-b73e-c4632f7f4c94,"('Mary', 'Nettie')",mother,sister-daughter-grandmother,"['sister', 'daughter', 'grandmother']","Mary:female,Cecilia:female,Peggy:female,Nettie:female,Stephen:male",test
a04f50e9-a4d7-4e5f-a8e9-4d5abda376b7,"('Robert', 'Nettie')",mother,wife-son-grandmother,"['wife', 'son', 'grandmother']","Robert:male,Carolina:female,Michael:male,Nettie:female,Luella:female",test
722c2853-083c-4114-af7d-8653c4238147,"('Carolina', 'Paul')",father,son-father-father,"['son', 'father', 'father']","Carolina:female,Adrian:male,Robert:male,Paul:male,Harold:male",test
09dadf3b-ba05-4d6a-8a74-56d0ef26411a,"('Karen', 'Barbara')",granddaughter,granddaughter-sister,"['granddaughter', 'sister']","Karen:female,Lisa:female,Barbara:female,Robin:female",test
caa58f31-20fd-4371-bb6e-4e29dd7a3586,"('William', 'Nettie')",mother,sister-daughter-grandmother,"['sister', 'daughter', 'grandmother']","William:male,Cecilia:female,Dana:female,Nettie:female,Jonathan:male",test
c86fd36e-ed48-4da5-81cf-9b2d9b4e0124,"('Latasha', 'Jacob')",father,son-father-father,"['son', 'father', 'father']","Latasha:female,Thomas:male,Eric:male,Jacob:male,Rodney:male",test
7eca317f-2d35-4214-bd75-35080decdb01,"('David', 'Jennifer')",mother-in-law,wife-son-grandmother,"['wife', 'son', 'grandmother']","David:male,Judy:female,Arthur:male,Jennifer:female,Dorothy:female",test
5024cefe-cfc6-41fe-aa3b-a40887c71c14,"('Mark', 'Jennifer')",mother,daughter-mother-mother,"['daughter', 'mother', 'mother']","Mark:male,Michell:female,Georgina:female,Jennifer:female,Judith:female",test
d8f814ec-9ddd-49d7-a28c-97c06af3961c,"('William', 'Jennifer')",mother,sister-daughter-grandmother,"['sister', 'daughter', 'grandmother']","William:male,Georgina:female,Michell:female,Jennifer:female,Eric:male",test
3a2b328e-027d-49e1-ba4d-36b687f0109a,"('Catherine', 'Jennifer')",grandmother,mother-sister-mother,"['mother', 'sister', 'mother']","Catherine:female,Judy:female,Latasha:female,Jennifer:female,Dorothy:female",test
593752fc-e74f-4683-a033-e20b970d9d21,"('Randi', 'Jennifer')",grandmother,mother-sister-mother,"['mother', 'sister', 'mother']","Randi:female,Judy:female,Latasha:female,Jennifer:female,William:male",test
02318c1a-4ce5-4a48-9a10-3bbabb14d242,"('Eric', 'Jennifer')",mother,wife-son-grandmother,"['wife', 'son', 'grandmother']","Eric:male,Latasha:female,Thomas:male,Jennifer:female,Jessica:female",test
f57ebee7-6ef7-446d-ae9c-2f4dd6810668,"('Rachel', 'Jacob')",father,son-father-father,"['son', 'father', 'father']","Rachel:female,Paul:male,William:male,Jacob:male,Rose:female",test
1b858fbb-e74b-4d0c-abdf-6c796dcba4c2,"('Judy', 'Jacob')",father,son-aunt-father,"['son', 'aunt', 'father']","Judy:female,Eddie:male,Rachel:female,Jacob:male,David:male",test
ce8291a4-047b-4c06-926b-ad763354f0c4,"('David', 'Jennifer')",mother,sister-daughter-grandmother,"['sister', 'daughter', 'grandmother']","David:male,Georgina:female,Judith:female,Jennifer:female,Felix:male",test
1f93aa73-34b7-4f3f-846a-eab4071b8ccb,"('Mark', 'Jacob')",father,son-aunt-father,"['son', 'aunt', 'father']","Mark:male,Felix:male,Rachel:female,Jacob:male,Georgina:female",test
92efb0fa-c294-4a23-b3f0-f3f19edeca6f,"('Eric', 'Jennifer')",mother,daughter-mother-mother,"['daughter', 'mother', 'mother']","Eric:male,Lore:female,Latasha:female,Jennifer:female,Justin:male",test
4ac7056b-a75b-4ed2-9a24-ad7c515430d1,"('Georgina', 'Jennifer')",mother,son-father-mother,"['son', 'father', 'mother']","Georgina:female,Melvin:male,Mark:male,Jennifer:female,Felix:male",test
709c65e0-cb55-4ffb-b892-365bf64cff4f,"('David', 'Jennifer')",mother-in-law,wife-son-grandmother,"['wife', 'son', 'grandmother']","David:male,Judy:female,Eddie:male,Jennifer:female,Catherine:female",test
5a06a1f1-346b-416f-af19-cb78e6653b31,"('Eric', 'Jennifer')",mother,daughter-mother-mother,"['daughter', 'mother', 'mother']","Eric:male,Lore:female,Latasha:female,Jennifer:female,Jessica:female",test
34ac0a53-18d9-4139-9648-52470615cf05,"('Felix', 'Jennifer')",grandmother,mother-sister-mother,"['mother', 'sister', 'mother']","Felix:male,Georgina:female,Latasha:female,Jennifer:female,Judy:female",test
b06fa19d-d1e5-48fe-b9f5-fa02c9a4b75f,"('David', 'Jennifer')",mother,sister-daughter-grandmother,"['sister', 'daughter', 'grandmother']","David:male,Georgina:female,Michell:female,Jennifer:female,Rachel:female",test
eef61458-0c5d-4e5c-b7fc-53eb2fd28f4e,"('Latasha', 'Jacob')",father,son-father-father,"['son', 'father', 'father']","Latasha:female,Thomas:male,Eric:male,Jacob:male,Crystal:female",test
9a19ed22-f25f-4a6d-96b3-b32db7b48759,"('Eric', 'Jacob')",father,son-aunt-father,"['son', 'aunt', 'father']","Eric:male,Rodney:male,Rachel:female,Jacob:male,Thomas:male",test
1981ffef-91e1-4628-b0f1-bfb6966f7c7d,"('Latasha', 'Jacob')",father,son-father-father,"['son', 'father', 'father']","Latasha:female,Thomas:male,Eric:male,Jacob:male,Georgina:female",test
a5591323-ed99-4030-a213-27785b79408e,"('Latasha', 'Jennifer')",mother,sister-daughter-grandmother,"['sister', 'daughter', 'grandmother']","Latasha:female,Georgina:female,Michell:female,Jennifer:female,Jacob:male",test
85575827-787e-4a3e-9404-861b8d1e807c,"('Eric', 'Jennifer')",mother,wife-son-grandmother,"['wife', 'son', 'grandmother']","Eric:male,Latasha:female,Justin:male,Jennifer:female,Thomas:male",test
f8106af1-eb86-4ea4-ad81-33f810cf0d67,"('Georgina', 'Jennifer')",mother,son-father-mother,"['son', 'father', 'mother']","Georgina:female,Felix:male,Mark:male,Jennifer:female,Michell:female",test
71ae4de1-e23b-4c6b-a31c-3fe065de889e,"('Rachel', 'Jennifer')",mother,son-father-mother,"['son', 'father', 'mother']","Rachel:female,Jonathon:male,William:male,Jennifer:female,Paul:male",test
c0c1cf4c-92cf-458e-a292-656dfab4cddd,"('William', 'Jennifer')",mother,sister-daughter-grandmother,"['sister', 'daughter', 'grandmother']","William:male,Georgina:female,Elizabeth:female,Jennifer:female,Mark:male",test
50e83231-d47c-4511-95cf-677476456b9f,"('Eric', 'Jennifer')",mother,sister-daughter-grandmother,"['sister', 'daughter', 'grandmother']","Eric:male,Rachel:female,Katherine:female,Jennifer:female,Jonathon:male",test
78e71d39-1f8b-4da4-8408-798e3c5719bb,"('Latasha', 'Jennifer')",mother,son-father-mother,"['son', 'father', 'mother']","Latasha:female,Justin:male,Eric:male,Jennifer:female,William:male",test
6c38010b-7637-464c-82f1-32a02b2f04f3,"('Rachel', 'Jennifer')",mother,son-father-mother,"['son', 'father', 'mother']","Rachel:female,Paul:male,William:male,Jennifer:female,Latasha:female",test
2972d91d-4b6b-4ab4-b66a-08a2bdd38943,"('Eric', 'Jacob')",father,son-aunt-father,"['son', 'aunt', 'father']","Eric:male,Jose:male,Judy:female,Jacob:male,Georgina:female",test
10270a6d-0cf6-4c98-a802-a8290fad017d,"('Georgina', 'Jennifer')",mother,son-father-mother,"['son', 'father', 'mother']","Georgina:female,Jeremy:male,Mark:male,Jennifer:female,Melvin:male",test
0a58a468-ea6d-4cc1-9d0d-c31ded52afd6,"('William', 'Nettie')",mother,sister-daughter-grandmother,"['sister', 'daughter', 'grandmother']","William:male,Cecilia:female,Maria:female,Nettie:female,Peggy:female",test
b30ecfa5-f751-48be-a7f7-dc36a38cfce6,"('David', 'Jennifer')",mother-in-law,wife-son-grandmother,"['wife', 'son', 'grandmother']","David:male,Judy:female,Arthur:male,Jennifer:female,Michael:male",test
5c39377c-8834-43c2-bcfd-2107cb5f9e08,"('Johnathan', 'Nettie')",grandmother,mother-sister-mother,"['mother', 'sister', 'mother']","Johnathan:male,Mary:female,Cecilia:female,Nettie:female,Pedro:male",test
ffafdbf0-e618-44f2-9a31-b482477b9e92,"('Mary', 'Paul')",father,son-father-father,"['son', 'father', 'father']","Mary:female,Jose:male,Ryan:male,Paul:male,Denver:male",test
8be9139a-d4a9-45b8-9fbb-49cab48e409b,"('Mary', 'Nettie')",mother,son-father-mother,"['son', 'father', 'mother']","Mary:female,Jose:male,Ryan:male,Nettie:female,Jennifer:female",test
1b324197-b913-42ac-9f01-3c24f01446b1,"('Cecilia', 'Paul')",father,son-father-father,"['son', 'father', 'father']","Cecilia:female,Charles:male,Stephen:male,Paul:male,Sherman:male",test
fcda266e-b0a3-4f65-8ac4-4fc6218e4441,"('Cecilia', 'Nettie')",mother,son-father-mother,"['son', 'father', 'mother']","Cecilia:female,Charles:male,Stephen:male,Nettie:female,Ryan:male",test
2526104b-27cf-44ec-9cc4-7310ebfa9748,"('Cecilia', 'Paul')",father,son-aunt-father,"['son', 'aunt', 'father']","Cecilia:female,Charles:male,Mary:female,Paul:male,Stephen:male",test
eee8b037-1f05-4420-b126-ad37eb98bcf3,"('Robert', 'Paul')",father,son-aunt-father,"['son', 'aunt', 'father']","Robert:male,Mario:male,Cecilia:female,Paul:male,Carolina:female",test
240519b1-f45d-4859-84a4-39665485bc04,"('Harold', 'Nettie')",grandmother,mother-sister-mother,"['mother', 'sister', 'mother']","Harold:male,Carolina:female,Cecilia:female,Nettie:female,Carly:female",test
c3357120-5451-446a-b949-4d38db01030f,"('Leah', 'Nettie')",grandmother,mother-sister-mother,"['mother', 'sister', 'mother']","Leah:female,Cecilia:female,Mary:female,Nettie:female,Stephen:male",test
b0a8c90e-cd03-499a-ab95-0525a901aa99,"('Ryan', 'Nettie')",mother-in-law,wife-son-grandmother,"['wife', 'son', 'grandmother']","Ryan:male,Mary:female,Denver:male,Nettie:female,Pedro:male",test
8045fa0c-b95a-42f9-b49d-d046d4dc674a,"('Stephen', 'Nettie')",mother,sister-daughter-grandmother,"['sister', 'daughter', 'grandmother']","Stephen:male,Mary:female,Patricia:female,Nettie:female,Paul:male",test
366d1ead-d288-4060-9302-eb760d408aaa,"('Stephen', 'Nettie')",mother,daughter-mother-mother,"['daughter', 'mother', 'mother']","Stephen:male,Leah:female,Cecilia:female,Nettie:female,Dana:female",test
f81489ea-28d0-402d-ad5e-b22f8e044121,"('Robert', 'Paul')",father,son-aunt-father,"['son', 'aunt', 'father']","Robert:male,Harold:male,Mary:female,Paul:male,Carolina:female",test
0ff81f1f-d71b-4bf1-b106-0ab5c9385d5f,"('Ryan', 'Nettie')",mother,daughter-mother-mother,"['daughter', 'mother', 'mother']","Ryan:male,Jennifer:female,Mary:female,Nettie:female,Cecilia:female",test
5c43e3a7-b153-43a3-a113-592c8f08deaf,"('Catherine', 'Jennifer')",grandmother,mother-sister-mother,"['mother', 'sister', 'mother']","Catherine:female,Judy:female,Georgina:female,Jennifer:female,Arthur:male",test
b4e7bc9a-c398-4fc8-b788-350ff4b6964a,"('Robert', 'Nettie')",mother,wife-son-grandmother,"['wife', 'son', 'grandmother']","Robert:male,Carolina:female,Harold:male,Nettie:female,Mario:male",test
93c5c097-e327-4a4c-a084-6c9ab4ca63a4,"('Mario', 'Nettie')",grandmother,mother-sister-mother,"['mother', 'sister', 'mother']","Mario:male,Carolina:female,Cecilia:female,Nettie:female,Carly:female",test
0ae477fe-222c-485d-8f61-83a08430f4d3,"('Eric', 'Jennifer')",mother,daughter-mother-mother,"['daughter', 'mother', 'mother']","Eric:male,Crystal:female,Latasha:female,Jennifer:female,William:male",test
628acb03-d8e7-4abb-a921-8f5f32d4bdc7,"('Ryan', 'Nettie')",mother-in-law,wife-son-grandmother,"['wife', 'son', 'grandmother']","Ryan:male,Mary:female,Pedro:male,Nettie:female,Patricia:female",test
fea66fc2-f35a-4058-9371-226fe01cd3b5,"('Eric', 'Lisa')",daughter,wife-daughter,"['wife', 'daughter']","Eric:male,Robin:female,Lisa:female,Allen:male",test
1b05616f-cef4-422b-a1d9-785d8cbd75b6,"('Dana', 'Nettie')",grandmother,mother-sister-mother,"['mother', 'sister', 'mother']","Dana:female,Cecilia:female,Carolina:female,Nettie:female,Stephen:male",test
c823098e-6394-425b-8b3e-fe71020434d3,"('Karen', 'Marlene')",granddaughter,granddaughter-sister,"['granddaughter', 'sister']","Karen:female,Lisa:female,Marlene:female,Allen:male",test
f47a3bcd-1487-49b1-baef-c0cefebbf73a,"('Karen', 'Marlene')",granddaughter,granddaughter-sister,"['granddaughter', 'sister']","Karen:female,Lisa:female,Marlene:female,Eric:male",test
ecc46ac5-bf46-4a2b-b7d1-193a4a3e951a,"('Kyle', 'Theresa')",daughter,wife-daughter,"['wife', 'daughter']","Kyle:male,Karen:female,Theresa:female,Vernon:male",test
cd674a65-9e5d-4da4-97c7-125404635db6,"('Henry', 'Michelle')",daughter,wife-daughter,"['wife', 'daughter']","Henry:male,Theresa:female,Michelle:female,Verdie:female",test
c11c1b25-38c8-4aad-9fea-43c3d3d3c38e,"('Kyle', 'Barbara')",granddaughter,granddaughter-sister,"['granddaughter', 'sister']","Kyle:male,Lisa:female,Barbara:female,Robin:female",test
